3.565645217895507726e-04 -1.627999999999999892e+00 -1.842999999999999972e+00 2.900000000000000147e-02 2.000000000000000042e-02 1.849999999999999978e-01 -1.370000000000000107e-01
3.664908409118652292e-04 -1.627999999999999892e+00 -1.842999999999999972e+00 3.099999999999999978e-02 1.000000000000000021e-03 1.739999999999999880e-01 -1.370000000000000107e-01
3.810336589813232539e-04 -1.627000000000000002e+00 -1.840999999999999970e+00 2.500000000000000139e-02 6.099999999999999867e-02 1.539999999999999980e-01 -1.059999999999999970e-01
3.872509002685546988e-04 -1.627000000000000002e+00 -1.842999999999999972e+00 3.099999999999999978e-02 1.200000000000000025e-02 8.300000000000000433e-02 1.700000000000000122e-02
4.007866382598876853e-04 -1.627000000000000002e+00 -1.842999999999999972e+00 3.099999999999999978e-02 1.299999999999999940e-02 -3.899999999999999994e-02 1.519999999999999962e-01
4.254570007324218976e-04 -1.627000000000000002e+00 -1.842999999999999972e+00 2.999999999999999889e-02 -2.000000000000000042e-03 -7.399999999999999634e-02 3.059999999999999942e-01
4.316897392272949028e-04 -1.627000000000000002e+00 -1.840999999999999970e+00 2.199999999999999872e-02 6.099999999999999867e-02 -2.199999999999999872e-02 3.350000000000000200e-01
4.382462501525878715e-04 -1.627000000000000002e+00 -1.840000000000000080e+00 2.199999999999999872e-02 6.400000000000000133e-02 2.000000000000000042e-03 3.539999999999999813e-01
4.411530494689941233e-04 -1.627000000000000002e+00 -1.842999999999999972e+00 2.599999999999999881e-02 1.099999999999999936e-02 3.500000000000000333e-02 3.529999999999999805e-01
4.452326297760009839e-04 -1.627000000000000002e+00 -1.842999999999999972e+00 2.699999999999999969e-02 1.000000000000000021e-03 1.029999999999999943e-01 3.150000000000000022e-01
4.562549591064453186e-04 -1.627000000000000002e+00 -1.842000000000000082e+00 2.199999999999999872e-02 5.299999999999999850e-02 1.120000000000000023e-01 1.990000000000000102e-01
4.652116298675537187e-04 -1.627000000000000002e+00 -1.842999999999999972e+00 2.500000000000000139e-02 1.600000000000000033e-02 6.900000000000000577e-02 1.590000000000000024e-01
4.757940769195556641e-04 -1.627000000000000002e+00 -1.842999999999999972e+00 2.599999999999999881e-02 1.700000000000000122e-02 3.099999999999999978e-02 8.699999999999999400e-02
4.855763912200927669e-04 -1.627000000000000002e+00 -1.842999999999999972e+00 2.599999999999999881e-02 4.000000000000000083e-03 4.200000000000000261e-02 4.499999999999999833e-02
4.963834285736084401e-04 -1.627000000000000002e+00 -1.840000000000000080e+00 1.700000000000000122e-02 8.300000000000000433e-02 7.399999999999999634e-02 -2.100000000000000130e-02
5.057380199432373168e-04 -1.627000000000000002e+00 -1.842000000000000082e+00 2.100000000000000130e-02 3.799999999999999906e-02 9.099999999999999756e-02 -1.000000000000000021e-03
5.165598392486572083e-04 -1.627000000000000002e+00 -1.842000000000000082e+00 2.199999999999999872e-02 3.699999999999999817e-02 5.099999999999999672e-02 -1.299999999999999940e-02
5.251300334930419532e-04 -1.627000000000000002e+00 -1.842000000000000082e+00 2.199999999999999872e-02 1.700000000000000122e-02 -7.000000000000000146e-03 2.000000000000000042e-03
5.371394157409667804e-04 -1.627000000000000002e+00 -1.842000000000000082e+00 2.199999999999999872e-02 1.700000000000000122e-02 -2.800000000000000058e-02 3.300000000000000155e-02
5.450346469879150790e-04 -1.627000000000000002e+00 -1.842000000000000082e+00 1.600000000000000033e-02 4.599999999999999922e-02 1.899999999999999953e-02 1.400000000000000029e-02
5.561690330505371545e-04 -1.627000000000000002e+00 -1.842999999999999972e+00 1.899999999999999953e-02 1.000000000000000021e-02 8.000000000000000167e-02 1.799999999999999864e-02
5.648999214172363472e-04 -1.627000000000000002e+00 -1.842000000000000082e+00 2.000000000000000042e-02 1.000000000000000021e-02 6.700000000000000400e-02 -1.600000000000000033e-02
5.768644809722900564e-04 -1.627000000000000002e+00 -1.842000000000000082e+00 2.100000000000000130e-02 1.000000000000000021e-02 9.600000000000000200e-02 -1.099999999999999936e-02
5.869588851928710972e-04 -1.627000000000000002e+00 -1.842000000000000082e+00 1.700000000000000122e-02 2.999999999999999889e-02 1.239999999999999991e-01 -7.000000000000000146e-03
5.960006713867187483e-04 -1.627000000000000002e+00 -1.842000000000000082e+00 1.799999999999999864e-02 2.999999999999999889e-02 9.900000000000000466e-02 1.400000000000000029e-02
6.055345535278319887e-04 -1.627000000000000002e+00 -1.842999999999999972e+00 2.100000000000000130e-02 -4.000000000000000083e-03 -2.900000000000000147e-02 5.700000000000000205e-02
6.159789562225341953e-04 -1.627000000000000002e+00 -1.842999999999999972e+00 2.100000000000000130e-02 -4.000000000000000083e-03 -3.200000000000000067e-02 7.299999999999999545e-02
6.247050762176513611e-04 -1.627000000000000002e+00 -1.842000000000000082e+00 1.600000000000000033e-02 1.600000000000000033e-02 -4.100000000000000172e-02 8.699999999999999400e-02
6.366646289825438933e-04 -1.627000000000000002e+00 -1.842000000000000082e+00 1.499999999999999944e-02 1.700000000000000122e-02 -6.700000000000000400e-02 1.690000000000000113e-01
6.456792354583740668e-04 -1.627000000000000002e+00 -1.842999999999999972e+00 1.700000000000000122e-02 -1.400000000000000029e-02 -4.299999999999999656e-02 2.869999999999999774e-01
6.568720340728759991e-04 -1.627000000000000002e+00 -1.842999999999999972e+00 1.700000000000000122e-02 -1.000000000000000021e-02 4.499999999999999833e-02 3.260000000000000120e-01
6.650958061218261797e-04 -1.627999999999999892e+00 -1.842999999999999972e+00 1.099999999999999936e-02 1.400000000000000029e-02 7.699999999999999900e-02 3.170000000000000040e-01
6.758804321289062396e-04 -1.627000000000000002e+00 -1.842999999999999972e+00 1.299999999999999940e-02 1.700000000000000122e-02 8.300000000000000433e-02 3.039999999999999925e-01
6.856286525726318663e-04 -1.627999999999999892e+00 -1.842999999999999972e+00 1.499999999999999944e-02 -1.000000000000000021e-02 8.300000000000000433e-02 3.240000000000000102e-01
6.953136920928955009e-04 -1.627999999999999892e+00 -1.844000000000000083e+00 1.600000000000000033e-02 -7.000000000000000146e-03 7.799999999999999989e-02 3.340000000000000191e-01
7.053260803222655920e-04 -1.627999999999999892e+00 -1.842000000000000082e+00 8.000000000000000167e-03 4.200000000000000261e-02 6.500000000000000222e-02 2.700000000000000178e-01
7.176151275634766067e-04 -1.627999999999999892e+00 -1.842999999999999972e+00 1.099999999999999936e-02 7.000000000000000146e-03 1.000000000000000021e-02 2.459999999999999964e-01
7.252023220062255981e-04 -1.627999999999999892e+00 -1.842999999999999972e+00 1.099999999999999936e-02 1.000000000000000021e-02 2.800000000000000058e-02 2.310000000000000109e-01
7.373416423797607942e-04 -1.627999999999999892e+00 -1.842999999999999972e+00 1.200000000000000025e-02 1.200000000000000025e-02 1.049999999999999961e-01 1.849999999999999978e-01
7.456102371215819844e-04 -1.627999999999999892e+00 -1.842999999999999972e+00 1.200000000000000025e-02 2.000000000000000042e-03 1.280000000000000027e-01 1.439999999999999891e-01
7.563107013702392856e-04 -1.629000000000000004e+00 -1.842999999999999972e+00 8.999999999999999320e-03 1.799999999999999864e-02 1.620000000000000051e-01 6.500000000000000222e-02
7.657916545867920382e-04 -1.629000000000000004e+00 -1.842999999999999972e+00 1.099999999999999936e-02 1.899999999999999953e-02 1.479999999999999927e-01 6.600000000000000311e-02
7.762372493743896701e-04 -1.627999999999999892e+00 -1.842999999999999972e+00 1.299999999999999940e-02 2.000000000000000042e-02 1.380000000000000115e-01 7.599999999999999811e-02
7.850658893585204688e-04 -1.629000000000000004e+00 -1.842999999999999972e+00 1.400000000000000029e-02 6.000000000000000125e-03 1.400000000000000133e-01 9.700000000000000289e-02
7.960972785949707196e-04 -1.629000000000000004e+00 -1.840999999999999970e+00 8.999999999999999320e-03 6.400000000000000133e-02 1.479999999999999927e-01 3.200000000000000067e-02
8.049800395965576484e-04 -1.629000000000000004e+00 -1.842999999999999972e+00 1.299999999999999940e-02 2.199999999999999872e-02 1.729999999999999871e-01 7.499999999999999722e-02
8.146946430206299366e-04 -1.629000000000000004e+00 -1.842999999999999972e+00 1.299999999999999940e-02 2.199999999999999872e-02 2.240000000000000047e-01 1.150000000000000050e-01
8.250653743743896051e-04 -1.629000000000000004e+00 -1.842999999999999972e+00 1.700000000000000122e-02 8.999999999999999320e-03 2.320000000000000118e-01 1.620000000000000051e-01
8.349602222442627491e-04 -1.629000000000000004e+00 -1.842000000000000082e+00 1.000000000000000021e-02 6.900000000000000577e-02 2.069999999999999896e-01 9.199999999999999845e-02
8.452689647674560677e-04 -1.629000000000000004e+00 -1.842999999999999972e+00 1.700000000000000122e-02 2.599999999999999881e-02 1.620000000000000051e-01 1.270000000000000018e-01
8.548731803894042865e-04 -1.629000000000000004e+00 -1.842999999999999972e+00 1.700000000000000122e-02 2.599999999999999881e-02 1.360000000000000098e-01 1.239999999999999991e-01
8.651335239410399940e-04 -1.629000000000000004e+00 -1.842999999999999972e+00 2.000000000000000042e-02 1.099999999999999936e-02 1.219999999999999973e-01 1.229999999999999982e-01
8.764703273773193342e-04 -1.629000000000000004e+00 -1.840000000000000080e+00 1.400000000000000029e-02 7.799999999999999989e-02 1.069999999999999979e-01 7.299999999999999545e-02
8.843884468078612752e-04 -1.629000000000000004e+00 -1.842999999999999972e+00 1.799999999999999864e-02 2.800000000000000058e-02 9.700000000000000289e-02 1.130000000000000032e-01
8.948516845703125477e-04 -1.629000000000000004e+00 -1.842000000000000082e+00 1.899999999999999953e-02 2.900000000000000147e-02 1.260000000000000009e-01 1.600000000000000033e-01
9.052364826202392552e-04 -1.629000000000000004e+00 -1.842999999999999972e+00 2.000000000000000042e-02 1.200000000000000025e-02 1.290000000000000036e-01 2.449999999999999956e-01
9.155519008636474766e-04 -1.629000000000000004e+00 -1.842999999999999972e+00 2.000000000000000042e-02 1.200000000000000025e-02 1.130000000000000032e-01 2.879999999999999782e-01
9.246492385864258333e-04 -1.629000000000000004e+00 -1.842000000000000082e+00 1.600000000000000033e-02 5.700000000000000205e-02 1.489999999999999936e-01 2.489999999999999991e-01
9.355630874633789201e-04 -1.629000000000000004e+00 -1.842000000000000082e+00 1.600000000000000033e-02 5.700000000000000205e-02 1.880000000000000004e-01 2.149999999999999967e-01
9.445257186889648810e-04 -1.629000000000000004e+00 -1.842000000000000082e+00 2.100000000000000130e-02 3.599999999999999728e-02 2.190000000000000002e-01 1.600000000000000033e-01
9.555110931396484800e-04 -1.629000000000000004e+00 -1.842000000000000082e+00 2.100000000000000130e-02 3.599999999999999728e-02 2.089999999999999913e-01 1.489999999999999936e-01
9.647076129913330182e-04 -1.629000000000000004e+00 -1.842000000000000082e+00 2.000000000000000042e-02 6.900000000000000577e-02 1.920000000000000040e-01 1.120000000000000023e-01
9.750988483428954783e-04 -1.629000000000000004e+00 -1.842000000000000082e+00 2.000000000000000042e-02 6.900000000000000577e-02 1.700000000000000122e-01 7.900000000000000078e-02
9.849689006805419957e-04 -1.629000000000000004e+00 -1.842999999999999972e+00 2.500000000000000139e-02 2.800000000000000058e-02 1.110000000000000014e-01 6.300000000000000044e-02
9.960944652557372509e-04 -1.629000000000000004e+00 -1.842999999999999972e+00 2.500000000000000139e-02 2.800000000000000058e-02 6.700000000000000400e-02 8.400000000000000522e-02
1.004529476165771408e-03 -1.629000000000000004e+00 -1.842000000000000082e+00 2.199999999999999872e-02 5.000000000000000278e-02 1.200000000000000025e-02 1.069999999999999979e-01
1.016181945800781342e-03 -1.629000000000000004e+00 -1.842000000000000082e+00 2.199999999999999872e-02 5.099999999999999672e-02 1.099999999999999936e-02 1.150000000000000050e-01
1.024401187896728429e-03 -1.629000000000000004e+00 -1.842999999999999972e+00 2.500000000000000139e-02 1.200000000000000025e-02 1.299999999999999940e-02 1.469999999999999918e-01
1.035527706146240285e-03 -1.629000000000000004e+00 -1.842999999999999972e+00 2.500000000000000139e-02 1.200000000000000025e-02 3.200000000000000067e-02 1.400000000000000133e-01
1.044887304306030230e-03 -1.629000000000000004e+00 -1.842000000000000082e+00 2.100000000000000130e-02 3.500000000000000333e-02 6.900000000000000577e-02 1.229999999999999982e-01
1.054705142974853493e-03 -1.629000000000000004e+00 -1.842999999999999972e+00 2.400000000000000050e-02 8.999999999999999320e-03 9.700000000000000289e-02 1.600000000000000033e-01
1.064989805221557527e-03 -1.629000000000000004e+00 -1.842999999999999972e+00 2.500000000000000139e-02 1.099999999999999936e-02 1.650000000000000078e-01 1.630000000000000060e-01
1.075886249542236340e-03 -1.627999999999999892e+00 -1.842999999999999972e+00 2.800000000000000058e-02 1.200000000000000025e-02 2.149999999999999967e-01 1.340000000000000080e-01
1.084781646728515733e-03 -1.629000000000000004e+00 -1.842000000000000082e+00 2.500000000000000139e-02 3.799999999999999906e-02 2.069999999999999896e-01 7.000000000000000666e-02
1.097703695297241227e-03 -1.629000000000000004e+00 -1.842999999999999972e+00 2.800000000000000058e-02 1.000000000000000021e-03 1.479999999999999927e-01 5.999999999999999778e-02
1.104120492935180622e-03 -1.627999999999999892e+00 -1.842999999999999972e+00 2.900000000000000147e-02 2.000000000000000042e-03 1.039999999999999952e-01 6.300000000000000044e-02
1.115530252456664942e-03 -1.627999999999999892e+00 -1.842999999999999972e+00 2.999999999999999889e-02 3.000000000000000062e-03 1.400000000000000029e-02 1.150000000000000050e-01
1.124415874481201130e-03 -1.627999999999999892e+00 -1.842000000000000082e+00 2.299999999999999961e-02 5.000000000000000278e-02 -8.500000000000000611e-02 1.390000000000000124e-01
1.135982513427734363e-03 -1.629000000000000004e+00 -1.842999999999999972e+00 2.299999999999999961e-02 1.400000000000000029e-02 -1.459999999999999909e-01 2.800000000000000266e-01
1.145123481750488304e-03 -1.627999999999999892e+00 -1.842999999999999972e+00 2.199999999999999872e-02 1.700000000000000122e-02 -1.610000000000000042e-01 3.420000000000000262e-01
1.155584335327148509e-03 -1.627999999999999892e+00 -1.842999999999999972e+00 2.000000000000000042e-02 8.000000000000000167e-03 -1.620000000000000051e-01 3.910000000000000142e-01
1.164762020111083981e-03 -1.627999999999999892e+00 -1.842999999999999972e+00 1.899999999999999953e-02 1.200000000000000025e-02 -7.599999999999999811e-02 3.810000000000000053e-01
1.175117731094360444e-03 -1.627999999999999892e+00 -1.840999999999999970e+00 1.299999999999999940e-02 6.600000000000000311e-02 -1.200000000000000025e-02 2.570000000000000062e-01
1.184601068496704155e-03 -1.627999999999999892e+00 -1.842000000000000082e+00 1.499999999999999944e-02 3.099999999999999978e-02 -3.899999999999999994e-02 2.240000000000000047e-01
1.195770025253295845e-03 -1.627999999999999892e+00 -1.842999999999999972e+00 1.400000000000000029e-02 1.799999999999999864e-02 2.699999999999999969e-02 1.660000000000000087e-01
1.204721212387084876e-03 -1.627999999999999892e+00 -1.842000000000000082e+00 1.499999999999999944e-02 2.000000000000000042e-02 7.299999999999999545e-02 1.250000000000000000e-01
1.215877771377563577e-03 -1.627999999999999892e+00 -1.840000000000000080e+00 1.000000000000000021e-02 7.599999999999999811e-02 1.499999999999999944e-01 -1.200000000000000025e-02
1.224906921386718656e-03 -1.627999999999999892e+00 -1.842000000000000082e+00 1.499999999999999944e-02 3.300000000000000155e-02 1.640000000000000069e-01 -2.900000000000000147e-02
1.235413789749145513e-03 -1.627999999999999892e+00 -1.842000000000000082e+00 1.499999999999999944e-02 3.300000000000000155e-02 1.519999999999999962e-01 -4.800000000000000100e-02
1.244356632232666024e-03 -1.627999999999999892e+00 -1.842999999999999972e+00 1.799999999999999864e-02 1.499999999999999944e-02 8.100000000000000255e-02 -2.199999999999999872e-02
1.271721363067626924e-03 -1.627999999999999892e+00 -1.840000000000000080e+00 1.200000000000000025e-02 7.099999999999999367e-02 2.100000000000000130e-02 -1.499999999999999944e-02
1.272639274597168026e-03 -1.627999999999999892e+00 -1.840000000000000080e+00 1.200000000000000025e-02 7.199999999999999456e-02 -2.900000000000000147e-02 9.600000000000000200e-02
1.275361061096191503e-03 -1.627999999999999892e+00 -1.842999999999999972e+00 1.600000000000000033e-02 1.600000000000000033e-02 -1.899999999999999953e-02 1.400000000000000133e-01
1.285120964050292993e-03 -1.627999999999999892e+00 -1.842999999999999972e+00 1.600000000000000033e-02 6.000000000000000125e-03 1.299999999999999940e-02 9.700000000000000289e-02
1.295009851455688468e-03 -1.627999999999999892e+00 -1.842000000000000082e+00 8.999999999999999320e-03 5.700000000000000205e-02 3.799999999999999906e-02 2.100000000000000130e-02
1.304963827133178702e-03 -1.627999999999999892e+00 -1.842000000000000082e+00 1.299999999999999940e-02 1.799999999999999864e-02 1.310000000000000053e-01 3.899999999999999994e-02
1.315122127532958969e-03 -1.627999999999999892e+00 -1.842000000000000082e+00 1.499999999999999944e-02 1.899999999999999953e-02 2.010000000000000120e-01 1.400000000000000029e-02
1.324098110198974627e-03 -1.629000000000000004e+00 -1.842999999999999972e+00 1.400000000000000029e-02 3.000000000000000062e-03 2.139999999999999958e-01 -1.099999999999999936e-02
1.335514068603515549e-03 -1.629000000000000004e+00 -1.840999999999999970e+00 8.999999999999999320e-03 6.199999999999999956e-02 1.670000000000000095e-01 -2.199999999999999872e-02
1.344816207885742238e-03 -1.629000000000000004e+00 -1.842000000000000082e+00 1.700000000000000122e-02 1.700000000000000122e-02 2.290000000000000091e-01 1.049999999999999961e-01
1.355646848678588841e-03 -1.629000000000000004e+00 -1.842000000000000082e+00 1.700000000000000122e-02 1.700000000000000122e-02 1.990000000000000102e-01 1.700000000000000122e-01
1.364441871643066410e-03 -1.629000000000000004e+00 -1.842999999999999972e+00 1.899999999999999953e-02 1.000000000000000021e-03 1.439999999999999891e-01 2.290000000000000091e-01
1.374629259109497138e-03 -1.629000000000000004e+00 -1.842999999999999972e+00 2.000000000000000042e-02 0.000000000000000000e+00 1.590000000000000024e-01 2.819999999999999729e-01
1.384023666381835847e-03 -1.627999999999999892e+00 -1.840999999999999970e+00 1.700000000000000122e-02 6.199999999999999956e-02 7.699999999999999900e-02 2.780000000000000249e-01
1.395487070083618105e-03 -1.627999999999999892e+00 -1.840999999999999970e+00 1.700000000000000122e-02 6.199999999999999956e-02 2.900000000000000147e-02 3.439999999999999725e-01
1.405656814575195410e-03 -1.627999999999999892e+00 -1.842999999999999972e+00 2.100000000000000130e-02 1.899999999999999953e-02 9.700000000000000289e-02 4.159999999999999809e-01
1.416190862655639744e-03 -1.627999999999999892e+00 -1.842999999999999972e+00 2.199999999999999872e-02 2.299999999999999961e-02 1.089999999999999997e-01 3.729999999999999982e-01
1.424422502517700253e-03 -1.629000000000000004e+00 -1.842000000000000082e+00 1.700000000000000122e-02 5.199999999999999761e-02 5.399999999999999939e-02 2.869999999999999774e-01
1.434649467468261663e-03 -1.629000000000000004e+00 -1.842000000000000082e+00 1.700000000000000122e-02 5.199999999999999761e-02 6.600000000000000311e-02 2.169999999999999984e-01
1.445821523666381871e-03 -1.627999999999999892e+00 -1.842999999999999972e+00 2.100000000000000130e-02 2.100000000000000130e-02 3.400000000000000244e-02 1.859999999999999987e-01
1.456224679946899452e-03 -1.627999999999999892e+00 -1.842999999999999972e+00 2.100000000000000130e-02 2.400000000000000050e-02 -3.300000000000000155e-02 1.739999999999999880e-01
1.464319944381713839e-03 -1.629000000000000004e+00 -1.842000000000000082e+00 1.400000000000000029e-02 7.599999999999999811e-02 -2.800000000000000058e-02 1.140000000000000041e-01
1.474885463714599703e-03 -1.627999999999999892e+00 -1.840999999999999970e+00 1.400000000000000029e-02 7.699999999999999900e-02 -1.700000000000000122e-02 9.199999999999999845e-02
1.484367609024047881e-03 -1.629000000000000004e+00 -1.842999999999999972e+00 1.600000000000000033e-02 2.999999999999999889e-02 8.000000000000000167e-03 8.599999999999999312e-02
1.495501995086669957e-03 -1.627999999999999892e+00 -1.842000000000000082e+00 1.600000000000000033e-02 3.099999999999999978e-02 1.140000000000000041e-01 1.049999999999999961e-01
1.504389047622680612e-03 -1.629000000000000004e+00 -1.840999999999999970e+00 8.999999999999999320e-03 7.799999999999999989e-02 1.179999999999999938e-01 2.800000000000000058e-02
1.527924776077270539e-03 -1.629000000000000004e+00 -1.840999999999999970e+00 1.099999999999999936e-02 7.799999999999999989e-02 9.800000000000000377e-02 -5.199999999999999761e-02
1.531780481338500905e-03 -1.629000000000000004e+00 -1.842000000000000082e+00 1.400000000000000029e-02 3.099999999999999978e-02 1.140000000000000041e-01 -6.700000000000000400e-02
1.535396575927734392e-03 -1.629000000000000004e+00 -1.842000000000000082e+00 1.600000000000000033e-02 2.999999999999999889e-02 1.019999999999999934e-01 -6.199999999999999956e-02
1.545363187789916982e-03 -1.629000000000000004e+00 -1.842999999999999972e+00 1.600000000000000033e-02 1.099999999999999936e-02 3.599999999999999728e-02 -3.099999999999999978e-02
1.556130170822143510e-03 -1.629000000000000004e+00 -1.842000000000000082e+00 1.200000000000000025e-02 5.099999999999999672e-02 7.599999999999999811e-02 -5.199999999999999761e-02
1.565027713775634819e-03 -1.629000000000000004e+00 -1.842999999999999972e+00 1.400000000000000029e-02 1.799999999999999864e-02 8.000000000000000167e-02 6.000000000000000125e-03
1.576250314712524447e-03 -1.629000000000000004e+00 -1.842000000000000082e+00 1.499999999999999944e-02 1.799999999999999864e-02 7.099999999999999367e-02 1.200000000000000025e-02
1.584452152252197260e-03 -1.629000000000000004e+00 -1.842999999999999972e+00 1.600000000000000033e-02 4.000000000000000083e-03 8.699999999999999400e-02 7.499999999999999722e-02
1.595253944396972552e-03 -1.629000000000000004e+00 -1.840000000000000080e+00 8.000000000000000167e-03 8.300000000000000433e-02 1.370000000000000107e-01 7.199999999999999456e-02
1.604342699050903239e-03 -1.629000000000000004e+00 -1.842000000000000082e+00 1.299999999999999940e-02 3.899999999999999994e-02 8.000000000000000167e-02 1.819999999999999951e-01
1.614765882492065529e-03 -1.629000000000000004e+00 -1.842000000000000082e+00 1.400000000000000029e-02 4.100000000000000172e-02 7.900000000000000078e-02 2.510000000000000009e-01
1.623958349227905273e-03 -1.629000000000000004e+00 -1.842999999999999972e+00 1.499999999999999944e-02 2.199999999999999872e-02 1.079999999999999988e-01 2.810000000000000275e-01
1.635421037673950298e-03 -1.629000000000000004e+00 -1.840000000000000080e+00 7.000000000000000146e-03 1.059999999999999970e-01 7.599999999999999811e-02 1.849999999999999978e-01
1.644116401672363276e-03 -1.629000000000000004e+00 -1.842000000000000082e+00 1.200000000000000025e-02 5.700000000000000205e-02 9.400000000000000022e-02 1.890000000000000013e-01
1.654675245285034237e-03 -1.629000000000000004e+00 -1.840999999999999970e+00 1.200000000000000025e-02 5.899999999999999689e-02 1.570000000000000007e-01 1.270000000000000018e-01
1.664229631423950161e-03 -1.629000000000000004e+00 -1.842999999999999972e+00 1.499999999999999944e-02 3.599999999999999728e-02 2.109999999999999931e-01 8.300000000000000433e-02
1.675599098205566347e-03 -1.629000000000000004e+00 -1.842000000000000082e+00 1.099999999999999936e-02 6.500000000000000222e-02 3.119999999999999996e-01 2.000000000000000042e-03
1.684341907501220661e-03 -1.629000000000000004e+00 -1.842000000000000082e+00 1.400000000000000029e-02 6.500000000000000222e-02 2.510000000000000009e-01 -4.700000000000000011e-02
1.696265220642089854e-03 -1.629000000000000004e+00 -1.840999999999999970e+00 1.700000000000000122e-02 6.500000000000000222e-02 2.059999999999999887e-01 -4.900000000000000189e-02
1.703941106796264589e-03 -1.629000000000000004e+00 -1.842000000000000082e+00 2.000000000000000042e-02 3.799999999999999906e-02 2.240000000000000047e-01 6.000000000000000125e-03
1.713701486587524379e-03 -1.629000000000000004e+00 -1.838999999999999968e+00 1.299999999999999940e-02 1.209999999999999964e-01 1.729999999999999871e-01 -2.400000000000000050e-02
1.724024295806884845e-03 -1.629000000000000004e+00 -1.842000000000000082e+00 1.899999999999999953e-02 6.400000000000000133e-02 5.199999999999999761e-02 3.400000000000000244e-02
1.735919475555419960e-03 -1.629000000000000004e+00 -1.842999999999999972e+00 2.100000000000000130e-02 3.500000000000000333e-02 6.900000000000000577e-02 1.340000000000000080e-01
1.744358777999877952e-03 -1.629000000000000004e+00 -1.842000000000000082e+00 2.199999999999999872e-02 3.599999999999999728e-02 1.600000000000000033e-02 2.119999999999999940e-01
1.755110502243041907e-03 -1.629000000000000004e+00 -1.842000000000000082e+00 2.199999999999999872e-02 3.799999999999999906e-02 0.000000000000000000e+00 2.220000000000000029e-01
1.764549255371093651e-03 -1.629000000000000004e+00 -1.842000000000000082e+00 1.700000000000000122e-02 6.700000000000000400e-02 7.000000000000000666e-02 1.229999999999999982e-01
1.775234937667846680e-03 -1.629000000000000004e+00 -1.840999999999999970e+00 1.799999999999999864e-02 6.800000000000000488e-02 5.999999999999999778e-02 3.500000000000000333e-02
1.784313440322876079e-03 -1.629000000000000004e+00 -1.842000000000000082e+00 2.000000000000000042e-02 3.799999999999999906e-02 4.000000000000000083e-02 1.000000000000000021e-02
1.795910120010375940e-03 -1.629000000000000004e+00 -1.842000000000000082e+00 2.000000000000000042e-02 3.899999999999999994e-02 1.549999999999999989e-01 -1.299999999999999940e-02
1.804240465164184655e-03 -1.629000000000000004e+00 -1.842000000000000082e+00 1.700000000000000122e-02 6.099999999999999867e-02 1.710000000000000131e-01 -7.399999999999999634e-02
1.815263032913208086e-03 -1.629000000000000004e+00 -1.840999999999999970e+00 1.899999999999999953e-02 6.099999999999999867e-02 1.680000000000000104e-01 -4.499999999999999833e-02
1.824185371398925806e-03 -1.629000000000000004e+00 -1.842999999999999972e+00 2.299999999999999961e-02 1.700000000000000122e-02 1.749999999999999889e-01 4.700000000000000011e-02
1.836269378662109446e-03 -1.629000000000000004e+00 -1.842999999999999972e+00 2.500000000000000139e-02 0.000000000000000000e+00 1.049999999999999961e-01 1.310000000000000053e-01
1.844771623611450280e-03 -1.629000000000000004e+00 -1.842000000000000082e+00 2.000000000000000042e-02 5.899999999999999689e-02 5.000000000000000278e-02 1.320000000000000062e-01
1.855316162109375052e-03 -1.629000000000000004e+00 -1.840999999999999970e+00 2.000000000000000042e-02 6.099999999999999867e-02 -3.200000000000000067e-02 1.749999999999999889e-01
1.864088296890258761e-03 -1.629000000000000004e+00 -1.842999999999999972e+00 2.400000000000000050e-02 1.700000000000000122e-02 -8.300000000000000433e-02 2.500000000000000000e-01
1.875690221786499058e-03 -1.627999999999999892e+00 -1.842999999999999972e+00 2.299999999999999961e-02 1.899999999999999953e-02 -1.069999999999999979e-01 2.780000000000000249e-01
1.883933067321777238e-03 -1.629000000000000004e+00 -1.842000000000000082e+00 1.499999999999999944e-02 6.300000000000000044e-02 -2.999999999999999889e-02 2.240000000000000047e-01
1.895922183990478424e-03 -1.627999999999999892e+00 -1.840999999999999970e+00 1.499999999999999944e-02 6.500000000000000222e-02 -1.099999999999999936e-02 1.779999999999999916e-01
1.904135942459106359e-03 -1.627999999999999892e+00 -1.842999999999999972e+00 1.799999999999999864e-02 1.899999999999999953e-02 2.800000000000000058e-02 1.360000000000000098e-01
1.914625883102417025e-03 -1.627999999999999892e+00 -1.842999999999999972e+00 1.799999999999999864e-02 2.000000000000000042e-02 1.199999999999999956e-01 1.059999999999999970e-01
1.924135208129882898e-03 -1.629000000000000004e+00 -1.842000000000000082e+00 1.200000000000000025e-02 6.500000000000000222e-02 1.580000000000000016e-01 7.000000000000000146e-03
1.935867786407470797e-03 -1.629000000000000004e+00 -1.840999999999999970e+00 1.400000000000000029e-02 6.500000000000000222e-02 1.549999999999999989e-01 -3.300000000000000155e-02
1.944428443908691488e-03 -1.629000000000000004e+00 -1.842999999999999972e+00 1.799999999999999864e-02 1.499999999999999944e-02 1.260000000000000009e-01 -5.899999999999999689e-02
1.956348657608032379e-03 -1.629000000000000004e+00 -1.842999999999999972e+00 1.899999999999999953e-02 -5.000000000000000104e-03 3.099999999999999978e-02 -1.409999999999999865e-01
1.964222431182861394e-03 -1.629000000000000004e+00 -1.842999999999999972e+00 2.000000000000000042e-02 -5.000000000000000104e-03 -3.899999999999999994e-02 -1.749999999999999889e-01
1.975007772445678579e-03 -1.629000000000000004e+00 -1.840999999999999970e+00 1.299999999999999940e-02 5.700000000000000205e-02 -7.699999999999999900e-02 -2.049999999999999878e-01
1.984849691390991235e-03 -1.629000000000000004e+00 -1.842000000000000082e+00 1.499999999999999944e-02 4.000000000000000083e-03 -4.000000000000000083e-02 -1.590000000000000024e-01
1.995287895202636514e-03 -1.629000000000000004e+00 -1.842000000000000082e+00 1.499999999999999944e-02 3.000000000000000062e-03 5.299999999999999850e-02 -1.700000000000000122e-01
2.004041910171508716e-03 -1.629000000000000004e+00 -1.842999999999999972e+00 1.499999999999999944e-02 -1.499999999999999944e-02 1.719999999999999862e-01 -1.160000000000000059e-01
2.014415025711059452e-03 -1.629000000000000004e+00 -1.840999999999999970e+00 8.999999999999999320e-03 4.299999999999999656e-02 2.510000000000000009e-01 -1.340000000000000080e-01
2.024091720581054892e-03 -1.629000000000000004e+00 -1.842999999999999972e+00 1.499999999999999944e-02 -4.000000000000000083e-03 2.810000000000000275e-01 -6.099999999999999867e-02
2.033745527267456256e-03 -1.629000000000000004e+00 -1.842999999999999972e+00 1.799999999999999864e-02 -4.000000000000000083e-03 2.200000000000000011e-01 -2.000000000000000042e-02
2.044628143310546747e-03 -1.629000000000000004e+00 -1.842999999999999972e+00 2.100000000000000130e-02 -2.100000000000000130e-02 1.010000000000000064e-01 1.000000000000000056e-01
2.054850101470947089e-03 -1.629000000000000004e+00 -1.840999999999999970e+00 1.299999999999999940e-02 6.099999999999999867e-02 2.500000000000000139e-02 8.400000000000000522e-02
2.064385890960693422e-03 -1.629000000000000004e+00 -1.842999999999999972e+00 1.700000000000000122e-02 1.299999999999999940e-02 -6.600000000000000311e-02 2.109999999999999931e-01
2.074582099914550753e-03 -1.629000000000000004e+00 -1.842999999999999972e+00 1.700000000000000122e-02 1.400000000000000029e-02 -8.200000000000000344e-02 2.580000000000000071e-01
2.084025382995605483e-03 -1.629000000000000004e+00 -1.842999999999999972e+00 1.700000000000000122e-02 -3.000000000000000062e-03 -5.299999999999999850e-02 3.140000000000000013e-01
2.094498634338378892e-03 -1.629000000000000004e+00 -1.840999999999999970e+00 7.000000000000000146e-03 8.000000000000000167e-02 -2.100000000000000130e-02 2.459999999999999964e-01
2.103975534439086852e-03 -1.629000000000000004e+00 -1.842999999999999972e+00 1.099999999999999936e-02 3.200000000000000067e-02 6.099999999999999867e-02 2.949999999999999845e-01
2.113567352294921757e-03 -1.629000000000000004e+00 -1.842000000000000082e+00 1.099999999999999936e-02 3.500000000000000333e-02 1.330000000000000071e-01 2.770000000000000240e-01
2.123678922653198138e-03 -1.629000000000000004e+00 -1.842999999999999972e+00 1.400000000000000029e-02 1.400000000000000029e-02 1.950000000000000067e-01 2.730000000000000204e-01
2.133543729782104437e-03 -1.629000000000000004e+00 -1.840000000000000080e+00 6.000000000000000125e-03 9.800000000000000377e-02 2.139999999999999958e-01 1.680000000000000104e-01
2.144278049468994335e-03 -1.629000000000000004e+00 -1.842999999999999972e+00 1.299999999999999940e-02 4.700000000000000011e-02 1.930000000000000049e-01 2.089999999999999913e-01
2.154558897018432617e-03 -1.629000000000000004e+00 -1.842000000000000082e+00 1.499999999999999944e-02 4.900000000000000189e-02 1.489999999999999936e-01 2.640000000000000124e-01
2.164196014404296941e-03 -1.629000000000000004e+00 -1.842999999999999972e+00 1.700000000000000122e-02 2.500000000000000139e-02 1.150000000000000050e-01 2.909999999999999809e-01
2.174511671066284204e-03 -1.629000000000000004e+00 -1.842999999999999972e+00 1.899999999999999953e-02 2.800000000000000058e-02 8.999999999999999667e-02 2.889999999999999791e-01
2.183598041534424040e-03 -1.629000000000000004e+00 -1.842000000000000082e+00 1.499999999999999944e-02 5.500000000000000028e-02 2.599999999999999881e-02 2.369999999999999885e-01
2.194057941436767644e-03 -1.629000000000000004e+00 -1.842000000000000082e+00 1.499999999999999944e-02 5.700000000000000205e-02 2.199999999999999872e-02 1.570000000000000007e-01
2.203948020935058653e-03 -1.629000000000000004e+00 -1.842999999999999972e+00 1.799999999999999864e-02 2.000000000000000042e-02 3.699999999999999817e-02 8.799999999999999489e-02
2.215969324111938601e-03 -1.629000000000000004e+00 -1.842999999999999972e+00 1.799999999999999864e-02 2.100000000000000130e-02 1.099999999999999936e-02 -2.199999999999999872e-02
2.227400541305542096e-03 -1.629000000000000004e+00 -1.842000000000000082e+00 1.400000000000000029e-02 3.799999999999999906e-02 9.800000000000000377e-02 -1.079999999999999988e-01
2.240850210189819502e-03 -1.629000000000000004e+00 -1.842000000000000082e+00 1.499999999999999944e-02 3.699999999999999817e-02 2.010000000000000120e-01 -1.449999999999999900e-01
2.247601032257079932e-03 -1.629000000000000004e+00 -1.842999999999999972e+00 1.799999999999999864e-02 -1.000000000000000021e-03 1.940000000000000058e-01 -1.199999999999999956e-01
2.253890752792358544e-03 -1.629000000000000004e+00 -1.842999999999999972e+00 2.000000000000000042e-02 -2.000000000000000042e-03 1.739999999999999880e-01 -1.660000000000000087e-01
2.265299320220947113e-03 -1.629000000000000004e+00 -1.842000000000000082e+00 1.499999999999999944e-02 3.799999999999999906e-02 1.489999999999999936e-01 -2.039999999999999869e-01
2.274770498275756770e-03 -1.629000000000000004e+00 -1.840999999999999970e+00 1.600000000000000033e-02 3.599999999999999728e-02 1.539999999999999980e-01 -1.600000000000000033e-01
2.283837556838989348e-03 -1.629000000000000004e+00 -1.842000000000000082e+00 2.000000000000000042e-02 -3.000000000000000062e-03 1.209999999999999964e-01 -5.299999999999999850e-02
2.295424461364746222e-03 -1.629999999999999893e+00 -1.842999999999999972e+00 2.000000000000000042e-02 -1.700000000000000122e-02 7.499999999999999722e-02 -1.099999999999999936e-02
2.304015159606933542e-03 -1.629999999999999893e+00 -1.840999999999999970e+00 1.499999999999999944e-02 3.599999999999999728e-02 1.120000000000000023e-01 -2.299999999999999961e-02
2.315229654312133799e-03 -1.629000000000000004e+00 -1.840999999999999970e+00 1.600000000000000033e-02 3.599999999999999728e-02 1.549999999999999989e-01 4.700000000000000011e-02
2.325905323028564474e-03 -1.629000000000000004e+00 -1.842000000000000082e+00 2.000000000000000042e-02 -3.000000000000000062e-03 1.199999999999999956e-01 1.140000000000000041e-01
2.334486961364746257e-03 -1.629000000000000004e+00 -1.842000000000000082e+00 2.199999999999999872e-02 -2.000000000000000042e-03 8.599999999999999312e-02 1.340000000000000080e-01
2.344105482101440339e-03 -1.629000000000000004e+00 -1.840999999999999970e+00 1.600000000000000033e-02 4.000000000000000083e-02 4.700000000000000011e-02 9.199999999999999845e-02
2.355088710784912238e-03 -1.629000000000000004e+00 -1.840999999999999970e+00 1.600000000000000033e-02 4.000000000000000083e-02 4.399999999999999745e-02 1.229999999999999982e-01
2.363827228546142717e-03 -1.629000000000000004e+00 -1.842999999999999972e+00 2.000000000000000042e-02 0.000000000000000000e+00 2.100000000000000130e-02 1.930000000000000049e-01
2.375857591629028202e-03 -1.629000000000000004e+00 -1.842000000000000082e+00 2.000000000000000042e-02 2.000000000000000042e-03 5.299999999999999850e-02 1.930000000000000049e-01
2.383596181869506846e-03 -1.629000000000000004e+00 -1.840999999999999970e+00 1.400000000000000029e-02 4.499999999999999833e-02 1.419999999999999873e-01 1.320000000000000062e-01
2.395223379135131853e-03 -1.629000000000000004e+00 -1.840999999999999970e+00 1.499999999999999944e-02 4.700000000000000011e-02 1.690000000000000113e-01 1.529999999999999971e-01
2.403557062149047803e-03 -1.629000000000000004e+00 -1.842000000000000082e+00 2.000000000000000042e-02 6.000000000000000125e-03 1.940000000000000058e-01 2.280000000000000082e-01
2.414601802825927859e-03 -1.629000000000000004e+00 -1.842000000000000082e+00 2.199999999999999872e-02 8.000000000000000167e-03 1.419999999999999873e-01 2.790000000000000258e-01
2.423541069030761552e-03 -1.629000000000000004e+00 -1.842999999999999972e+00 2.299999999999999961e-02 -4.000000000000000083e-03 5.099999999999999672e-02 3.599999999999999867e-01
2.434567451477050951e-03 -1.629000000000000004e+00 -1.840999999999999970e+00 1.700000000000000122e-02 5.600000000000000117e-02 7.000000000000000146e-03 3.300000000000000155e-01
2.444603681564331069e-03 -1.629000000000000004e+00 -1.842000000000000082e+00 2.000000000000000042e-02 1.499999999999999944e-02 -2.800000000000000058e-02 3.320000000000000173e-01
2.454415798187256029e-03 -1.629000000000000004e+00 -1.842000000000000082e+00 2.000000000000000042e-02 1.799999999999999864e-02 -1.600000000000000033e-02 2.939999999999999836e-01
2.463668346405029248e-03 -1.629000000000000004e+00 -1.842999999999999972e+00 2.000000000000000042e-02 4.000000000000000083e-03 3.000000000000000062e-03 2.419999999999999929e-01
2.475174188613891556e-03 -1.629000000000000004e+00 -1.840000000000000080e+00 1.099999999999999936e-02 9.600000000000000200e-02 9.500000000000000111e-02 8.100000000000000255e-02
2.484025001525878764e-03 -1.629000000000000004e+00 -1.840999999999999970e+00 1.499999999999999944e-02 4.599999999999999922e-02 1.749999999999999889e-01 2.800000000000000058e-02
2.495174884796142779e-03 -1.629000000000000004e+00 -1.840999999999999970e+00 1.700000000000000122e-02 4.599999999999999922e-02 2.439999999999999947e-01 -5.299999999999999850e-02
2.503686666488647451e-03 -1.629000000000000004e+00 -1.842000000000000082e+00 1.899999999999999953e-02 2.199999999999999872e-02 2.300000000000000100e-01 -7.799999999999999989e-02
2.516122341156005766e-03 -1.629000000000000004e+00 -1.840999999999999970e+00 1.600000000000000033e-02 5.399999999999999939e-02 2.139999999999999958e-01 -8.500000000000000611e-02
2.524175882339477553e-03 -1.629000000000000004e+00 -1.840999999999999970e+00 1.799999999999999864e-02 5.299999999999999850e-02 1.809999999999999942e-01 -3.899999999999999994e-02
2.535215616226196324e-03 -1.629000000000000004e+00 -1.840000000000000080e+00 2.000000000000000042e-02 5.299999999999999850e-02 1.429999999999999882e-01 2.000000000000000042e-02
2.544219017028808393e-03 -1.629000000000000004e+00 -1.840999999999999970e+00 2.299999999999999961e-02 2.599999999999999881e-02 1.000000000000000056e-01 6.300000000000000044e-02
2.554769754409789984e-03 -1.629000000000000004e+00 -1.838000000000000078e+00 1.499999999999999944e-02 1.110000000000000014e-01 4.900000000000000189e-02 -1.499999999999999944e-02
2.564437627792358603e-03 -1.629000000000000004e+00 -1.840000000000000080e+00 2.000000000000000042e-02 5.500000000000000028e-02 3.799999999999999906e-02 4.700000000000000011e-02
2.574659109115600645e-03 -1.627999999999999892e+00 -1.840000000000000080e+00 2.000000000000000042e-02 5.500000000000000028e-02 1.899999999999999953e-02 6.900000000000000577e-02
2.583397150039672824e-03 -1.627999999999999892e+00 -1.840999999999999970e+00 2.199999999999999872e-02 2.900000000000000147e-02 2.100000000000000130e-02 1.340000000000000080e-01
2.595749139785766789e-03 -1.627999999999999892e+00 -1.840999999999999970e+00 2.199999999999999872e-02 3.099999999999999978e-02 7.699999999999999900e-02 1.930000000000000049e-01
2.603679656982421826e-03 -1.627999999999999892e+00 -1.840000000000000080e+00 1.799999999999999864e-02 5.700000000000000205e-02 1.350000000000000089e-01 1.719999999999999862e-01
2.614989995956420923e-03 -1.627999999999999892e+00 -1.840000000000000080e+00 1.899999999999999953e-02 5.899999999999999689e-02 1.739999999999999880e-01 1.749999999999999889e-01
2.623980522155761920e-03 -1.627999999999999892e+00 -1.840999999999999970e+00 2.199999999999999872e-02 3.400000000000000244e-02 1.449999999999999900e-01 1.749999999999999889e-01
2.634582042694091648e-03 -1.627999999999999892e+00 -1.840999999999999970e+00 2.400000000000000050e-02 3.500000000000000333e-02 6.199999999999999956e-02 1.170000000000000068e-01
2.643860340118408311e-03 -1.627999999999999892e+00 -1.840000000000000080e+00 2.000000000000000042e-02 6.099999999999999867e-02 1.099999999999999936e-02 4.299999999999999656e-02
2.654346466064453226e-03 -1.627999999999999892e+00 -1.840000000000000080e+00 2.000000000000000042e-02 6.099999999999999867e-02 -5.299999999999999850e-02 -6.000000000000000125e-03
2.664102315902710030e-03 -1.627999999999999892e+00 -1.840999999999999970e+00 2.100000000000000130e-02 3.400000000000000244e-02 -1.270000000000000018e-01 -2.800000000000000058e-02
2.674649477005004803e-03 -1.627999999999999892e+00 -1.840999999999999970e+00 1.899999999999999953e-02 2.199999999999999872e-02 -1.310000000000000053e-01 -2.400000000000000050e-02
2.683978796005249187e-03 -1.627999999999999892e+00 -1.840000000000000080e+00 1.099999999999999936e-02 7.799999999999999989e-02 -6.400000000000000133e-02 -8.500000000000000611e-02
2.694800138473510669e-03 -1.627999999999999892e+00 -1.838999999999999968e+00 1.000000000000000021e-02 7.799999999999999989e-02 2.100000000000000130e-02 -7.699999999999999900e-02
2.703482151031494276e-03 -1.627999999999999892e+00 -1.840999999999999970e+00 1.400000000000000029e-02 3.200000000000000067e-02 3.500000000000000333e-02 -2.699999999999999969e-02
2.713977813720703028e-03 -1.627999999999999892e+00 -1.840000000000000080e+00 1.400000000000000029e-02 3.099999999999999978e-02 7.900000000000000078e-02 -2.199999999999999872e-02
2.723824024200439519e-03 -1.627999999999999892e+00 -1.840000000000000080e+00 8.999999999999999320e-03 6.600000000000000311e-02 1.100000000000000006e-01 -3.000000000000000062e-03
2.736318111419677908e-03 -1.627999999999999892e+00 -1.838999999999999968e+00 1.000000000000000021e-02 6.600000000000000311e-02 1.260000000000000009e-01 8.200000000000000344e-02
2.743311405181884585e-03 -1.627999999999999892e+00 -1.840999999999999970e+00 1.499999999999999944e-02 2.000000000000000042e-02 1.700000000000000122e-01 1.600000000000000033e-01
2.755376815795898635e-03 -1.627999999999999892e+00 -1.840999999999999970e+00 1.700000000000000122e-02 2.100000000000000130e-02 1.779999999999999916e-01 1.799999999999999933e-01
2.763415575027465716e-03 -1.627999999999999892e+00 -1.840000000000000080e+00 1.299999999999999940e-02 5.600000000000000117e-02 1.930000000000000049e-01 1.340000000000000080e-01
2.774771451950073381e-03 -1.627999999999999892e+00 -1.842000000000000082e+00 1.899999999999999953e-02 1.099999999999999936e-02 1.089999999999999997e-01 1.429999999999999882e-01
2.783662319183349571e-03 -1.627999999999999892e+00 -1.842000000000000082e+00 2.000000000000000042e-02 1.299999999999999940e-02 3.200000000000000067e-02 1.280000000000000027e-01
2.794976711273193352e-03 -1.627999999999999892e+00 -1.842000000000000082e+00 2.100000000000000130e-02 1.400000000000000029e-02 -2.500000000000000139e-02 1.739999999999999880e-01
2.803034067153930674e-03 -1.627999999999999892e+00 -1.840999999999999970e+00 1.400000000000000029e-02 5.099999999999999672e-02 8.999999999999999320e-03 2.240000000000000047e-01
2.813918352127075216e-03 -1.627999999999999892e+00 -1.840000000000000080e+00 1.400000000000000029e-02 5.299999999999999850e-02 1.039999999999999952e-01 2.250000000000000056e-01
2.823705673217773333e-03 -1.627999999999999892e+00 -1.842000000000000082e+00 1.799999999999999864e-02 1.099999999999999936e-02 1.559999999999999998e-01 1.910000000000000031e-01
2.833619594573974585e-03 -1.627999999999999892e+00 -1.842000000000000082e+00 2.000000000000000042e-02 1.299999999999999940e-02 2.479999999999999982e-01 9.800000000000000377e-02
2.843765497207641647e-03 -1.627999999999999892e+00 -1.842000000000000082e+00 2.199999999999999872e-02 -3.000000000000000062e-03 1.130000000000000032e-01 9.900000000000000466e-02
2.855826139450073128e-03 -1.627999999999999892e+00 -1.840000000000000080e+00 1.799999999999999864e-02 5.199999999999999761e-02 2.190000000000000002e-01 5.600000000000000117e-02
2.864098310470580919e-03 -1.627999999999999892e+00 -1.842000000000000082e+00 2.299999999999999961e-02 8.999999999999999320e-03 2.670000000000000151e-01 1.610000000000000042e-01
2.875407934188842565e-03 -1.627999999999999892e+00 -1.842000000000000082e+00 2.500000000000000139e-02 -6.000000000000000125e-03 1.839999999999999969e-01 1.719999999999999862e-01
2.883926868438720873e-03 -1.627999999999999892e+00 -1.842000000000000082e+00 2.699999999999999969e-02 -4.000000000000000083e-03 1.779999999999999916e-01 1.429999999999999882e-01
2.895131111145019410e-03 -1.627999999999999892e+00 -1.840000000000000080e+00 2.299999999999999961e-02 5.099999999999999672e-02 1.710000000000000131e-01 2.199999999999999872e-02
2.903751373291015708e-03 -1.627999999999999892e+00 -1.842000000000000082e+00 2.699999999999999969e-02 8.000000000000000167e-03 1.239999999999999991e-01 -1.200000000000000025e-02
2.915308475494384887e-03 -1.627999999999999892e+00 -1.842000000000000082e+00 2.800000000000000058e-02 8.000000000000000167e-03 9.900000000000000466e-02 1.299999999999999940e-02
2.924011945724487235e-03 -1.627999999999999892e+00 -1.842000000000000082e+00 2.800000000000000058e-02 -7.000000000000000146e-03 2.100000000000000130e-02 6.300000000000000044e-02
2.935449838638305633e-03 -1.627999999999999892e+00 -1.838999999999999968e+00 1.899999999999999953e-02 7.499999999999999722e-02 -3.899999999999999994e-02 -2.599999999999999881e-02
2.944256782531738323e-03 -1.627999999999999892e+00 -1.840999999999999970e+00 2.199999999999999872e-02 2.699999999999999969e-02 -7.000000000000000146e-03 -5.399999999999999939e-02
2.954809904098510548e-03 -1.627999999999999892e+00 -1.840999999999999970e+00 2.199999999999999872e-02 2.599999999999999881e-02 3.000000000000000062e-03 -1.100000000000000006e-01
2.963885545730590796e-03 -1.627999999999999892e+00 -1.840999999999999970e+00 2.199999999999999872e-02 3.000000000000000062e-03 9.500000000000000111e-02 -1.089999999999999997e-01
2.974640846252441569e-03 -1.627999999999999892e+00 -1.838000000000000078e+00 1.400000000000000029e-02 8.599999999999999312e-02 1.199999999999999956e-01 -1.539999999999999980e-01
2.983425140380859333e-03 -1.627999999999999892e+00 -1.840000000000000080e+00 2.000000000000000042e-02 3.200000000000000067e-02 1.250000000000000000e-01 -7.699999999999999900e-02
2.996211767196655090e-03 -1.627999999999999892e+00 -1.840000000000000080e+00 2.100000000000000130e-02 3.099999999999999978e-02 1.250000000000000000e-01 -1.400000000000000029e-02
3.003264427185058441e-03 -1.627999999999999892e+00 -1.840999999999999970e+00 2.299999999999999961e-02 5.000000000000000104e-03 6.900000000000000577e-02 7.299999999999999545e-02
3.015372276306152542e-03 -1.627999999999999892e+00 -1.838000000000000078e+00 1.400000000000000029e-02 9.299999999999999933e-02 6.199999999999999956e-02 6.600000000000000311e-02
3.023152828216552936e-03 -1.627999999999999892e+00 -1.840000000000000080e+00 1.799999999999999864e-02 3.699999999999999817e-02 3.500000000000000333e-02 1.920000000000000040e-01
3.035255670547485317e-03 -1.627000000000000002e+00 -1.840000000000000080e+00 1.899999999999999953e-02 3.899999999999999994e-02 6.600000000000000311e-02 2.409999999999999920e-01
3.043991565704345578e-03 -1.627999999999999892e+00 -1.840999999999999970e+00 2.100000000000000130e-02 1.400000000000000029e-02 5.700000000000000205e-02 2.730000000000000204e-01
3.053558349609374924e-03 -1.627000000000000002e+00 -1.840999999999999970e+00 2.100000000000000130e-02 1.700000000000000122e-02 6.600000000000000311e-02 2.620000000000000107e-01
3.063489198684692365e-03 -1.627999999999999892e+00 -1.840000000000000080e+00 1.799999999999999864e-02 4.399999999999999745e-02 1.409999999999999865e-01 2.240000000000000047e-01
3.074980974197387851e-03 -1.627000000000000002e+00 -1.840000000000000080e+00 1.899999999999999953e-02 4.599999999999999922e-02 1.130000000000000032e-01 2.379999999999999893e-01
3.083479881286621017e-03 -1.627000000000000002e+00 -1.840999999999999970e+00 2.299999999999999961e-02 8.999999999999999320e-03 3.099999999999999978e-02 2.479999999999999982e-01
3.092724084854126150e-03 -1.627000000000000002e+00 -1.840999999999999970e+00 2.299999999999999961e-02 1.099999999999999936e-02 -2.000000000000000042e-03 2.240000000000000047e-01
3.103750228881835965e-03 -1.627000000000000002e+00 -1.840999999999999970e+00 1.899999999999999953e-02 2.999999999999999889e-02 -2.000000000000000042e-02 2.069999999999999896e-01
3.113630056381225687e-03 -1.627000000000000002e+00 -1.840999999999999970e+00 1.899999999999999953e-02 3.200000000000000067e-02 3.099999999999999978e-02 1.580000000000000016e-01
3.123361110687255648e-03 -1.627000000000000002e+00 -1.842000000000000082e+00 2.199999999999999872e-02 -3.000000000000000062e-03 1.229999999999999982e-01 1.239999999999999991e-01
3.132996559143066354e-03 -1.627000000000000002e+00 -1.842000000000000082e+00 2.299999999999999961e-02 -2.000000000000000042e-03 2.190000000000000002e-01 3.599999999999999728e-02
3.145076036453247226e-03 -1.627000000000000002e+00 -1.840999999999999970e+00 1.899999999999999953e-02 3.799999999999999906e-02 3.150000000000000022e-01 -5.999999999999999778e-02
3.153391361236572085e-03 -1.627000000000000002e+00 -1.840000000000000080e+00 2.299999999999999961e-02 3.699999999999999817e-02 3.449999999999999734e-01 -8.300000000000000433e-02
3.166054725646972809e-03 -1.627000000000000002e+00 -1.840999999999999970e+00 2.800000000000000058e-02 0.000000000000000000e+00 3.049999999999999933e-01 -6.000000000000000125e-03
3.175791025161743206e-03 -1.627000000000000002e+00 -1.840999999999999970e+00 3.099999999999999978e-02 0.000000000000000000e+00 1.869999999999999996e-01 5.299999999999999850e-02
3.183903932571411233e-03 -1.627000000000000002e+00 -1.840000000000000080e+00 2.599999999999999881e-02 3.799999999999999906e-02 2.400000000000000050e-02 2.100000000000000130e-02
3.194253206253051727e-03 -1.627000000000000002e+00 -1.840000000000000080e+00 2.599999999999999881e-02 3.799999999999999906e-02 -6.700000000000000400e-02 6.300000000000000044e-02
3.203555345535278199e-03 -1.627000000000000002e+00 -1.840999999999999970e+00 2.800000000000000058e-02 2.000000000000000042e-03 -8.400000000000000522e-02 1.110000000000000014e-01
3.213337421417236314e-03 -1.625999999999999890e+00 -1.840999999999999970e+00 2.699999999999999969e-02 3.000000000000000062e-03 -1.219999999999999973e-01 7.900000000000000078e-02
3.223659276962280180e-03 -1.625999999999999890e+00 -1.840999999999999970e+00 2.500000000000000139e-02 -8.000000000000000167e-03 -2.000000000000000042e-02 6.800000000000000488e-02
3.233138322830200057e-03 -1.625999999999999890e+00 -1.840000000000000080e+00 2.000000000000000042e-02 4.100000000000000172e-02 1.469999999999999918e-01 -1.299999999999999940e-02
3.243194341659545732e-03 -1.625999999999999890e+00 -1.840999999999999970e+00 2.400000000000000050e-02 4.000000000000000083e-03 2.320000000000000118e-01 4.000000000000000083e-03
3.253028392791748168e-03 -1.625999999999999890e+00 -1.840999999999999970e+00 2.599999999999999881e-02 4.000000000000000083e-03 2.780000000000000249e-01 -4.000000000000000083e-03
3.262710571289062327e-03 -1.625999999999999890e+00 -1.840999999999999970e+00 2.800000000000000058e-02 -8.999999999999999320e-03 2.210000000000000020e-01 -6.000000000000000125e-03
3.273197174072265542e-03 -1.625999999999999890e+00 -1.840000000000000080e+00 2.500000000000000139e-02 3.899999999999999994e-02 1.250000000000000000e-01 4.000000000000000083e-03
3.282672643661499034e-03 -1.625999999999999890e+00 -1.840999999999999970e+00 2.800000000000000058e-02 2.000000000000000042e-03 -1.000000000000000021e-03 1.069999999999999979e-01
3.295052528381347493e-03 -1.625999999999999890e+00 -1.840999999999999970e+00 2.800000000000000058e-02 -1.000000000000000021e-02 -1.320000000000000062e-01 1.630000000000000060e-01
3.303446054458617984e-03 -1.625999999999999890e+00 -1.840999999999999970e+00 2.699999999999999969e-02 -8.000000000000000167e-03 -1.039999999999999952e-01 1.809999999999999942e-01
3.312650203704834134e-03 -1.625999999999999890e+00 -1.840000000000000080e+00 2.000000000000000042e-02 4.200000000000000261e-02 -6.099999999999999867e-02 1.069999999999999979e-01
3.322655677795409955e-03 -1.625999999999999890e+00 -1.840999999999999970e+00 2.199999999999999872e-02 5.000000000000000104e-03 -2.800000000000000058e-02 1.630000000000000060e-01
3.333444356918334808e-03 -1.625999999999999890e+00 -1.840999999999999970e+00 2.199999999999999872e-02 7.000000000000000146e-03 7.699999999999999900e-02 2.179999999999999993e-01
3.343221902847289938e-03 -1.625999999999999890e+00 -1.842000000000000082e+00 2.299999999999999961e-02 -4.000000000000000083e-03 5.000000000000000278e-02 2.349999999999999867e-01
3.353894472122192529e-03 -1.625999999999999890e+00 -1.840000000000000080e+00 1.700000000000000122e-02 4.800000000000000100e-02 -2.299999999999999961e-02 2.320000000000000118e-01
3.363229751586913931e-03 -1.625999999999999890e+00 -1.840999999999999970e+00 1.899999999999999953e-02 1.000000000000000021e-02 -6.099999999999999867e-02 3.439999999999999725e-01
3.373282432556152372e-03 -1.625999999999999890e+00 -1.840999999999999970e+00 1.899999999999999953e-02 1.400000000000000029e-02 -9.500000000000000111e-02 3.830000000000000071e-01
3.383073568344116024e-03 -1.625999999999999890e+00 -1.842000000000000082e+00 1.799999999999999864e-02 3.000000000000000062e-03 -1.570000000000000007e-01 4.209999999999999853e-01
3.394114732742309695e-03 -1.625999999999999890e+00 -1.838999999999999968e+00 6.000000000000000125e-03 8.300000000000000433e-02 -1.600000000000000033e-01 3.099999999999999978e-01
3.403722047805786324e-03 -1.625999999999999890e+00 -1.840999999999999970e+00 8.999999999999999320e-03 4.100000000000000172e-02 -7.299999999999999545e-02 2.839999999999999747e-01
3.414306163787841995e-03 -1.625999999999999890e+00 -1.840000000000000080e+00 8.000000000000000167e-03 4.399999999999999745e-02 2.199999999999999872e-02 2.459999999999999964e-01
3.423478126525878948e-03 -1.625999999999999890e+00 -1.840999999999999970e+00 8.999999999999999320e-03 2.500000000000000139e-02 4.100000000000000172e-02 1.940000000000000058e-01
3.434411287307739293e-03 -1.625999999999999890e+00 -1.838000000000000078e+00 0.000000000000000000e+00 1.069999999999999979e-01 1.089999999999999997e-01 5.800000000000000294e-02
3.443378686904907063e-03 -1.625999999999999890e+00 -1.840000000000000080e+00 5.000000000000000104e-03 5.600000000000000117e-02 2.020000000000000129e-01 2.000000000000000042e-02
3.453886270523071154e-03 -1.625999999999999890e+00 -1.840000000000000080e+00 7.000000000000000146e-03 5.700000000000000205e-02 2.349999999999999867e-01 -3.799999999999999906e-02
3.463000535964965917e-03 -1.627000000000000002e+00 -1.840999999999999970e+00 1.000000000000000021e-02 3.099999999999999978e-02 2.690000000000000169e-01 -5.600000000000000117e-02
3.472909927368164184e-03 -1.625999999999999890e+00 -1.840999999999999970e+00 1.299999999999999940e-02 2.999999999999999889e-02 2.839999999999999747e-01 -8.000000000000000167e-02
3.483211040496826325e-03 -1.627000000000000002e+00 -1.840000000000000080e+00 8.999999999999999320e-03 5.700000000000000205e-02 2.819999999999999729e-01 -1.509999999999999953e-01
3.493699312210083157e-03 -1.627000000000000002e+00 -1.838999999999999968e+00 1.200000000000000025e-02 5.600000000000000117e-02 3.330000000000000182e-01 -1.449999999999999900e-01
3.503508806228637900e-03 -1.627000000000000002e+00 -1.840999999999999970e+00 1.700000000000000122e-02 2.599999999999999881e-02 2.839999999999999747e-01 -1.089999999999999997e-01
3.513053655624389770e-03 -1.627000000000000002e+00 -1.840999999999999970e+00 2.000000000000000042e-02 2.500000000000000139e-02 1.869999999999999996e-01 -4.200000000000000261e-02
3.523267269134521592e-03 -1.627000000000000002e+00 -1.840000000000000080e+00 1.600000000000000033e-02 5.000000000000000278e-02 1.170000000000000068e-01 4.399999999999999745e-02
3.534714460372924676e-03 -1.627000000000000002e+00 -1.840000000000000080e+00 1.700000000000000122e-02 5.000000000000000278e-02 1.209999999999999964e-01 1.320000000000000062e-01
3.543073415756225770e-03 -1.627000000000000002e+00 -1.840999999999999970e+00 2.199999999999999872e-02 8.999999999999999320e-03 6.400000000000000133e-02 2.570000000000000062e-01
3.555703163146972830e-03 -1.627000000000000002e+00 -1.840999999999999970e+00 2.199999999999999872e-02 1.099999999999999936e-02 6.700000000000000400e-02 2.899999999999999800e-01
3.563629150390624882e-03 -1.627000000000000002e+00 -1.840000000000000080e+00 1.600000000000000033e-02 5.700000000000000205e-02 1.650000000000000078e-01 2.369999999999999885e-01
3.573307991027832239e-03 -1.627000000000000002e+00 -1.840000000000000080e+00 1.799999999999999864e-02 5.899999999999999689e-02 2.220000000000000029e-01 2.179999999999999993e-01
3.583026885986328146e-03 -1.627000000000000002e+00 -1.842000000000000082e+00 2.299999999999999961e-02 1.600000000000000033e-02 2.630000000000000115e-01 2.700000000000000178e-01
3.594083309173583957e-03 -1.625999999999999890e+00 -1.840999999999999970e+00 2.599999999999999881e-02 1.899999999999999953e-02 3.439999999999999725e-01 2.290000000000000091e-01
3.603357315063476351e-03 -1.627000000000000002e+00 -1.840999999999999970e+00 2.299999999999999961e-02 5.800000000000000294e-02 2.909999999999999809e-01 1.380000000000000115e-01
3.612302541732787930e-03 -1.625999999999999890e+00 -1.840000000000000080e+00 2.599999999999999881e-02 5.999999999999999778e-02 2.030000000000000138e-01 1.229999999999999982e-01
3.622553348541259800e-03 -1.625999999999999890e+00 -1.842000000000000082e+00 3.099999999999999978e-02 1.700000000000000122e-02 1.559999999999999998e-01 1.910000000000000031e-01
3.634651184082031330e-03 -1.625999999999999890e+00 -1.842000000000000082e+00 3.200000000000000067e-02 1.899999999999999953e-02 9.600000000000000200e-02 2.089999999999999913e-01
3.643057346343994175e-03 -1.625999999999999890e+00 -1.842000000000000082e+00 3.200000000000000067e-02 5.000000000000000104e-03 -5.199999999999999761e-02 2.049999999999999878e-01
3.652705192565918087e-03 -1.625999999999999890e+00 -1.840000000000000080e+00 2.599999999999999881e-02 5.899999999999999689e-02 -3.400000000000000244e-02 1.670000000000000095e-01
3.662806272506714030e-03 -1.625999999999999890e+00 -1.842000000000000082e+00 2.900000000000000147e-02 1.899999999999999953e-02 -2.800000000000000058e-02 2.059999999999999887e-01
3.673735380172729690e-03 -1.625999999999999890e+00 -1.840999999999999970e+00 2.900000000000000147e-02 2.100000000000000130e-02 -1.270000000000000018e-01 1.759999999999999898e-01
3.682905912399292176e-03 -1.625999999999999890e+00 -1.842000000000000082e+00 2.699999999999999969e-02 7.000000000000000146e-03 -1.270000000000000018e-01 1.360000000000000098e-01
3.693907976150512598e-03 -1.625999999999999890e+00 -1.840000000000000080e+00 2.000000000000000042e-02 5.899999999999999689e-02 -6.099999999999999867e-02 8.300000000000000433e-02
3.703131675720214722e-03 -1.625999999999999890e+00 -1.840999999999999970e+00 2.199999999999999872e-02 2.000000000000000042e-02 -9.400000000000000022e-02 9.600000000000000200e-02
3.712743520736694336e-03 -1.625000000000000000e+00 -1.840999999999999970e+00 2.199999999999999872e-02 2.100000000000000130e-02 -3.300000000000000155e-02 9.099999999999999756e-02
3.722898006439209068e-03 -1.625999999999999890e+00 -1.842000000000000082e+00 2.100000000000000130e-02 5.000000000000000104e-03 -1.200000000000000025e-02 3.899999999999999994e-02
3.732748985290527260e-03 -1.625999999999999890e+00 -1.840000000000000080e+00 1.499999999999999944e-02 5.700000000000000205e-02 3.300000000000000155e-02 -4.100000000000000172e-02
3.742991924285888478e-03 -1.625999999999999890e+00 -1.840999999999999970e+00 1.799999999999999864e-02 1.600000000000000033e-02 9.199999999999999845e-02 -1.200000000000000025e-02
3.752650737762451127e-03 -1.625000000000000000e+00 -1.840999999999999970e+00 1.899999999999999953e-02 1.600000000000000033e-02 7.900000000000000078e-02 2.000000000000000042e-03
3.762985944747924798e-03 -1.625999999999999890e+00 -1.842000000000000082e+00 2.000000000000000042e-02 0.000000000000000000e+00 7.299999999999999545e-02 8.000000000000000167e-02
3.772543668746948173e-03 -1.625999999999999890e+00 -1.838999999999999968e+00 1.099999999999999936e-02 7.499999999999999722e-02 6.300000000000000044e-02 1.409999999999999865e-01
3.783586740493774612e-03 -1.625999999999999890e+00 -1.840999999999999970e+00 1.499999999999999944e-02 3.300000000000000155e-02 1.099999999999999936e-02 2.929999999999999827e-01
3.793065309524536188e-03 -1.625999999999999890e+00 -1.840999999999999970e+00 1.499999999999999944e-02 3.599999999999999728e-02 -2.400000000000000050e-02 3.469999999999999751e-01
3.802942991256713992e-03 -1.625999999999999890e+00 -1.840999999999999970e+00 1.499999999999999944e-02 1.899999999999999953e-02 -2.900000000000000147e-02 3.449999999999999734e-01
3.814101934432983544e-03 -1.625999999999999890e+00 -1.838999999999999968e+00 5.000000000000000104e-03 9.700000000000000289e-02 0.000000000000000000e+00 2.240000000000000047e-01
3.822999000549316337e-03 -1.625999999999999890e+00 -1.840999999999999970e+00 8.999999999999999320e-03 5.199999999999999761e-02 4.100000000000000172e-02 1.690000000000000113e-01
3.833967447280883963e-03 -1.625999999999999890e+00 -1.840000000000000080e+00 1.000000000000000021e-02 5.299999999999999850e-02 1.459999999999999909e-01 6.900000000000000577e-02
3.842513322830200164e-03 -1.625999999999999890e+00 -1.840999999999999970e+00 1.200000000000000025e-02 2.999999999999999889e-02 2.300000000000000100e-01 2.699999999999999969e-02
3.854441165924072342e-03 -1.625999999999999890e+00 -1.838000000000000078e+00 4.000000000000000083e-03 1.069999999999999979e-01 3.059999999999999942e-01 -6.600000000000000311e-02
3.863204240798950081e-03 -1.625999999999999890e+00 -1.840000000000000080e+00 1.200000000000000025e-02 5.500000000000000028e-02 3.049999999999999933e-01 -2.000000000000000042e-02
3.874254703521728439e-03 -1.625999999999999890e+00 -1.840000000000000080e+00 1.400000000000000029e-02 5.500000000000000028e-02 2.810000000000000275e-01 2.900000000000000147e-02
3.882392406463622877e-03 -1.625999999999999890e+00 -1.840999999999999970e+00 1.799999999999999864e-02 2.999999999999999889e-02 2.190000000000000002e-01 1.019999999999999934e-01
3.895179986953735234e-03 -1.625999999999999890e+00 -1.840999999999999970e+00 2.000000000000000042e-02 3.099999999999999978e-02 1.280000000000000027e-01 1.409999999999999865e-01
3.902120113372802707e-03 -1.627000000000000002e+00 -1.840999999999999970e+00 1.600000000000000033e-02 5.399999999999999939e-02 1.170000000000000068e-01 1.630000000000000060e-01
3.912982463836670206e-03 -1.625999999999999890e+00 -1.840000000000000080e+00 1.799999999999999864e-02 5.600000000000000117e-02 9.900000000000000466e-02 1.729999999999999871e-01
3.922222375869750637e-03 -1.627000000000000002e+00 -1.842000000000000082e+00 2.100000000000000130e-02 1.700000000000000122e-02 1.310000000000000053e-01 2.310000000000000109e-01
3.933555126190185942e-03 -1.625999999999999890e+00 -1.840999999999999970e+00 2.299999999999999961e-02 2.000000000000000042e-02 1.980000000000000093e-01 2.149999999999999967e-01
3.942600250244140611e-03 -1.627000000000000002e+00 -1.840999999999999970e+00 2.000000000000000042e-02 3.899999999999999994e-02 2.389999999999999902e-01 1.000000000000000056e-01
3.954827308654785059e-03 -1.625999999999999890e+00 -1.840999999999999970e+00 2.299999999999999961e-02 3.899999999999999994e-02 2.730000000000000204e-01 8.000000000000000167e-02
3.962205886840820292e-03 -1.625999999999999890e+00 -1.842000000000000082e+00 2.800000000000000058e-02 0.000000000000000000e+00 2.949999999999999845e-01 1.150000000000000050e-01
3.973244190216064162e-03 -1.625999999999999890e+00 -1.842000000000000082e+00 3.099999999999999978e-02 2.000000000000000042e-03 2.899999999999999800e-01 1.209999999999999964e-01
3.982791900634765833e-03 -1.625999999999999890e+00 -1.842000000000000082e+00 2.900000000000000147e-02 2.199999999999999872e-02 1.839999999999999969e-01 1.340000000000000080e-01
3.992690324783325362e-03 -1.625999999999999890e+00 -1.840999999999999970e+00 3.099999999999999978e-02 2.299999999999999961e-02 8.400000000000000522e-02 1.759999999999999898e-01
4.002197027206421016e-03 -1.625999999999999890e+00 -1.842000000000000082e+00 3.400000000000000244e-02 -1.000000000000000021e-02 4.299999999999999656e-02 2.439999999999999947e-01
4.012902498245238953e-03 -1.625999999999999890e+00 -1.842999999999999972e+00 3.400000000000000244e-02 -7.000000000000000146e-03 5.000000000000000104e-03 2.190000000000000002e-01
4.022239685058593556e-03 -1.625999999999999890e+00 -1.840999999999999970e+00 2.699999999999999969e-02 4.000000000000000083e-02 -2.000000000000000042e-02 1.449999999999999900e-01
4.033213376998901617e-03 -1.625999999999999890e+00 -1.840999999999999970e+00 2.699999999999999969e-02 4.100000000000000172e-02 1.600000000000000033e-02 8.000000000000000167e-02
4.042804002761840772e-03 -1.625999999999999890e+00 -1.842000000000000082e+00 2.900000000000000147e-02 3.000000000000000062e-03 4.499999999999999833e-02 3.500000000000000333e-02
4.052654027938842364e-03 -1.625000000000000000e+00 -1.842000000000000082e+00 2.999999999999999889e-02 3.000000000000000062e-03 8.699999999999999400e-02 -4.900000000000000189e-02
4.062579870223998954e-03 -1.625999999999999890e+00 -1.840999999999999970e+00 2.299999999999999961e-02 4.900000000000000189e-02 1.620000000000000051e-01 -1.010000000000000064e-01
4.072424411773681828e-03 -1.625000000000000000e+00 -1.840000000000000080e+00 2.500000000000000139e-02 4.800000000000000100e-02 2.330000000000000127e-01 -6.400000000000000133e-02
4.082982063293457038e-03 -1.625000000000000000e+00 -1.842000000000000082e+00 2.999999999999999889e-02 5.000000000000000104e-03 1.509999999999999953e-01 -5.199999999999999761e-02
4.093287467956542580e-03 -1.625000000000000000e+00 -1.840999999999999970e+00 3.200000000000000067e-02 5.000000000000000104e-03 6.500000000000000222e-02 2.100000000000000130e-02
4.102616071701049513e-03 -1.625000000000000000e+00 -1.842000000000000082e+00 3.200000000000000067e-02 -7.000000000000000146e-03 5.700000000000000205e-02 1.739999999999999880e-01
4.112562894821166978e-03 -1.625000000000000000e+00 -1.840000000000000080e+00 2.500000000000000139e-02 4.800000000000000100e-02 -3.400000000000000244e-02 2.540000000000000036e-01
4.122897386550903633e-03 -1.625000000000000000e+00 -1.840999999999999970e+00 2.699999999999999969e-02 1.000000000000000021e-02 -8.500000000000000611e-02 3.430000000000000271e-01
4.133633852005005015e-03 -1.625000000000000000e+00 -1.840999999999999970e+00 2.699999999999999969e-02 1.400000000000000029e-02 -5.199999999999999761e-02 3.559999999999999831e-01
4.142434835433960252e-03 -1.625000000000000000e+00 -1.842000000000000082e+00 2.599999999999999881e-02 3.000000000000000062e-03 -3.599999999999999728e-02 3.330000000000000182e-01
4.163323163986205715e-03 -1.625000000000000000e+00 -1.840000000000000080e+00 1.899999999999999953e-02 5.800000000000000294e-02 -1.200000000000000025e-02 2.409999999999999920e-01
4.166318893432617403e-03 -1.625000000000000000e+00 -1.838999999999999968e+00 1.899999999999999953e-02 6.099999999999999867e-02 -2.900000000000000147e-02 2.020000000000000129e-01
4.179440736770630160e-03 -1.625000000000000000e+00 -1.842000000000000082e+00 2.199999999999999872e-02 1.400000000000000029e-02 -4.000000000000000083e-02 2.159999999999999976e-01
4.182497501373291272e-03 -1.625000000000000000e+00 -1.842000000000000082e+00 2.100000000000000130e-02 3.000000000000000062e-03 -2.800000000000000058e-02 1.980000000000000093e-01
4.193536520004272593e-03 -1.625000000000000000e+00 -1.840999999999999970e+00 1.600000000000000033e-02 3.500000000000000333e-02 -4.200000000000000261e-02 1.310000000000000053e-01
4.202900171279907657e-03 -1.625000000000000000e+00 -1.842000000000000082e+00 1.799999999999999864e-02 1.099999999999999936e-02 -7.099999999999999367e-02 1.059999999999999970e-01
4.213175058364868053e-03 -1.625000000000000000e+00 -1.842000000000000082e+00 1.700000000000000122e-02 1.200000000000000025e-02 -7.000000000000000666e-02 6.500000000000000222e-02
4.221898078918456809e-03 -1.625000000000000000e+00 -1.842000000000000082e+00 1.700000000000000122e-02 2.000000000000000042e-03 4.100000000000000172e-02 9.099999999999999756e-02
4.233188152313232047e-03 -1.625000000000000000e+00 -1.840000000000000080e+00 8.000000000000000167e-03 7.099999999999999367e-02 1.630000000000000060e-01 3.200000000000000067e-02
4.242891311645507514e-03 -1.625000000000000000e+00 -1.840999999999999970e+00 1.299999999999999940e-02 3.400000000000000244e-02 1.980000000000000093e-01 -3.000000000000000062e-03
4.253332138061523444e-03 -1.625000000000000000e+00 -1.840999999999999970e+00 1.499999999999999944e-02 3.300000000000000155e-02 2.530000000000000027e-01 -2.800000000000000058e-02
4.262195110321044707e-03 -1.625000000000000000e+00 -1.840999999999999970e+00 1.799999999999999864e-02 1.600000000000000033e-02 2.459999999999999964e-01 8.899999999999999578e-02
4.272957086563109949e-03 -1.625000000000000000e+00 -1.840999999999999970e+00 2.100000000000000130e-02 1.700000000000000122e-02 1.930000000000000049e-01 2.020000000000000129e-01
4.282593488693237256e-03 -1.625000000000000000e+00 -1.840999999999999970e+00 1.600000000000000033e-02 4.700000000000000011e-02 5.899999999999999689e-02 2.089999999999999913e-01
4.292501688003540206e-03 -1.625000000000000000e+00 -1.840000000000000080e+00 1.700000000000000122e-02 4.900000000000000189e-02 1.600000000000000033e-02 2.590000000000000080e-01
4.302073478698730837e-03 -1.625000000000000000e+00 -1.840999999999999970e+00 1.700000000000000122e-02 2.999999999999999889e-02 -4.000000000000000083e-03 3.009999999999999898e-01
4.312410354614258125e-03 -1.625000000000000000e+00 -1.840999999999999970e+00 1.700000000000000122e-02 3.300000000000000155e-02 -2.599999999999999881e-02 2.979999999999999871e-01
4.322117567062378277e-03 -1.625000000000000000e+00 -1.840999999999999970e+00 1.200000000000000025e-02 5.999999999999999778e-02 1.600000000000000033e-02 2.359999999999999876e-01
4.332590818405151686e-03 -1.625000000000000000e+00 -1.840000000000000080e+00 1.200000000000000025e-02 6.199999999999999956e-02 5.999999999999999778e-02 2.190000000000000002e-01
4.342101335525512876e-03 -1.625000000000000000e+00 -1.842000000000000082e+00 1.600000000000000033e-02 2.699999999999999969e-02 1.189999999999999947e-01 2.690000000000000169e-01
4.352469921112060193e-03 -1.625000000000000000e+00 -1.840999999999999970e+00 1.799999999999999864e-02 2.999999999999999889e-02 2.069999999999999896e-01 2.810000000000000275e-01
4.361889600753784263e-03 -1.625000000000000000e+00 -1.840999999999999970e+00 1.499999999999999944e-02 5.000000000000000278e-02 2.600000000000000089e-01 2.280000000000000082e-01
4.373925209045410184e-03 -1.625000000000000000e+00 -1.840999999999999970e+00 1.799999999999999864e-02 5.199999999999999761e-02 3.170000000000000040e-01 2.039999999999999869e-01
4.382770299911498656e-03 -1.625000000000000000e+00 -1.842000000000000082e+00 2.400000000000000050e-02 1.600000000000000033e-02 2.760000000000000231e-01 1.940000000000000058e-01
4.392456769943237083e-03 -1.625000000000000000e+00 -1.842000000000000082e+00 2.599999999999999881e-02 1.799999999999999864e-02 1.859999999999999987e-01 1.650000000000000078e-01
4.402453660964965668e-03 -1.625000000000000000e+00 -1.840999999999999970e+00 2.299999999999999961e-02 3.799999999999999906e-02 1.739999999999999880e-01 1.320000000000000062e-01
4.413188695907593016e-03 -1.625000000000000000e+00 -1.840999999999999970e+00 2.500000000000000139e-02 3.899999999999999994e-02 1.330000000000000071e-01 1.390000000000000124e-01
4.421936511993408182e-03 -1.625000000000000000e+00 -1.842000000000000082e+00 2.800000000000000058e-02 6.000000000000000125e-03 7.399999999999999634e-02 1.630000000000000060e-01
4.433519840240478238e-03 -1.625000000000000000e+00 -1.842000000000000082e+00 2.900000000000000147e-02 8.000000000000000167e-03 4.299999999999999656e-02 1.789999999999999925e-01
4.442755699157714851e-03 -1.625000000000000000e+00 -1.840999999999999970e+00 2.100000000000000130e-02 5.299999999999999850e-02 -7.000000000000000146e-03 1.000000000000000056e-01
4.452518224716186558e-03 -1.625000000000000000e+00 -1.840000000000000080e+00 2.100000000000000130e-02 5.399999999999999939e-02 -1.200000000000000025e-02 6.099999999999999867e-02
4.462566375732422014e-03 -1.625000000000000000e+00 -1.842000000000000082e+00 2.299999999999999961e-02 1.700000000000000122e-02 -2.500000000000000139e-02 9.900000000000000466e-02
4.472075700759887452e-03 -1.625000000000000000e+00 -1.842000000000000082e+00 2.299999999999999961e-02 1.799999999999999864e-02 -9.400000000000000022e-02 6.400000000000000133e-02
4.482881784439086796e-03 -1.625000000000000000e+00 -1.840000000000000080e+00 1.400000000000000029e-02 5.899999999999999689e-02 -7.699999999999999900e-02 -2.999999999999999889e-02
4.492748737335205446e-03 -1.625000000000000000e+00 -1.840000000000000080e+00 1.400000000000000029e-02 5.899999999999999689e-02 3.200000000000000067e-02 -5.000000000000000278e-02
4.503041744232177783e-03 -1.625000000000000000e+00 -1.840999999999999970e+00 1.799999999999999864e-02 1.899999999999999953e-02 1.260000000000000009e-01 -4.900000000000000189e-02
4.514106035232543813e-03 -1.625000000000000000e+00 -1.840999999999999970e+00 2.000000000000000042e-02 1.899999999999999953e-02 2.119999999999999940e-01 -8.599999999999999312e-02
4.522535562515258602e-03 -1.625000000000000000e+00 -1.842000000000000082e+00 2.199999999999999872e-02 4.000000000000000083e-03 2.129999999999999949e-01 -1.799999999999999864e-02
4.533721685409546065e-03 -1.625000000000000000e+00 -1.840000000000000080e+00 1.600000000000000033e-02 5.800000000000000294e-02 1.900000000000000022e-01 4.200000000000000261e-02
4.542051315307616896e-03 -1.625000000000000000e+00 -1.840999999999999970e+00 2.199999999999999872e-02 1.700000000000000122e-02 1.390000000000000124e-01 1.799999999999999933e-01
4.552767753601074004e-03 -1.625000000000000000e+00 -1.840999999999999970e+00 2.299999999999999961e-02 2.000000000000000042e-02 1.299999999999999940e-02 3.079999999999999960e-01
4.562727689743042124e-03 -1.625000000000000000e+00 -1.842000000000000082e+00 2.299999999999999961e-02 7.000000000000000146e-03 -7.000000000000000666e-02 4.450000000000000067e-01
4.572903156280517731e-03 -1.625000000000000000e+00 -1.840000000000000080e+00 1.400000000000000029e-02 6.900000000000000577e-02 -9.299999999999999933e-02 4.570000000000000173e-01
4.581975221633911161e-03 -1.625000000000000000e+00 -1.842000000000000082e+00 1.700000000000000122e-02 2.800000000000000058e-02 -1.749999999999999889e-01 4.380000000000000004e-01
4.592561721801757466e-03 -1.625000000000000000e+00 -1.840999999999999970e+00 1.600000000000000033e-02 3.200000000000000067e-02 -1.079999999999999988e-01 3.810000000000000053e-01
4.602587699890136295e-03 -1.625000000000000000e+00 -1.842000000000000082e+00 1.499999999999999944e-02 1.899999999999999953e-02 3.300000000000000155e-02 3.400000000000000244e-01
4.613723993301391789e-03 -1.625000000000000000e+00 -1.840000000000000080e+00 8.000000000000000167e-03 7.900000000000000078e-02 9.900000000000000466e-02 2.590000000000000080e-01
4.622190475463867042e-03 -1.625000000000000000e+00 -1.842000000000000082e+00 1.299999999999999940e-02 3.699999999999999817e-02 1.739999999999999880e-01 2.320000000000000118e-01
4.632182121276855191e-03 -1.625000000000000000e+00 -1.840999999999999970e+00 1.499999999999999944e-02 3.899999999999999994e-02 2.530000000000000027e-01 1.690000000000000113e-01
4.642419815063476840e-03 -1.625000000000000000e+00 -1.842000000000000082e+00 1.799999999999999864e-02 2.299999999999999961e-02 2.740000000000000213e-01 1.409999999999999865e-01
4.652522563934326401e-03 -1.625999999999999890e+00 -1.838999999999999968e+00 8.999999999999999320e-03 1.059999999999999970e-01 1.910000000000000031e-01 8.000000000000000167e-02
4.662331819534301994e-03 -1.625999999999999890e+00 -1.840999999999999970e+00 1.499999999999999944e-02 5.800000000000000294e-02 1.049999999999999961e-01 1.580000000000000016e-01
4.672272205352783273e-03 -1.625999999999999890e+00 -1.840000000000000080e+00 1.600000000000000033e-02 5.999999999999999778e-02 2.900000000000000147e-02 2.670000000000000151e-01
4.682877302169799819e-03 -1.625999999999999890e+00 -1.840999999999999970e+00 1.600000000000000033e-02 4.100000000000000172e-02 -4.000000000000000083e-02 3.940000000000000169e-01
4.694159030914306537e-03 -1.625999999999999890e+00 -1.838000000000000078e+00 5.000000000000000104e-03 1.239999999999999991e-01 -1.010000000000000064e-01 3.250000000000000111e-01
4.701753854751586706e-03 -1.625999999999999890e+00 -1.840000000000000080e+00 8.999999999999999320e-03 7.599999999999999811e-02 -5.399999999999999939e-02 3.250000000000000111e-01
4.713154077529907622e-03 -1.625999999999999890e+00 -1.838999999999999968e+00 8.999999999999999320e-03 7.900000000000000078e-02 6.900000000000000577e-02 2.359999999999999876e-01
4.722077846527100026e-03 -1.625999999999999890e+00 -1.840999999999999970e+00 1.099999999999999936e-02 5.600000000000000117e-02 1.239999999999999991e-01 1.660000000000000087e-01
4.733404874801635728e-03 -1.625999999999999890e+00 -1.840000000000000080e+00 1.200000000000000025e-02 5.700000000000000205e-02 1.869999999999999996e-01 1.330000000000000071e-01
4.741919517517089767e-03 -1.625999999999999890e+00 -1.840000000000000080e+00 8.999999999999999320e-03 8.300000000000000433e-02 2.590000000000000080e-01 7.499999999999999722e-02
4.752064228057861078e-03 -1.625999999999999890e+00 -1.838999999999999968e+00 1.200000000000000025e-02 8.400000000000000522e-02 2.829999999999999738e-01 2.100000000000000130e-02
4.762281417846679285e-03 -1.625999999999999890e+00 -1.840999999999999970e+00 1.700000000000000122e-02 5.600000000000000117e-02 3.430000000000000271e-01 -2.599999999999999881e-02
4.772994279861450008e-03 -1.625999999999999890e+00 -1.840000000000000080e+00 2.000000000000000042e-02 5.500000000000000028e-02 3.400000000000000244e-01 -5.600000000000000117e-02
4.783587932586669950e-03 -1.625999999999999890e+00 -1.840000000000000080e+00 1.899999999999999953e-02 7.599999999999999811e-02 3.750000000000000000e-01 -5.600000000000000117e-02
4.792171001434326200e-03 -1.625999999999999890e+00 -1.838999999999999968e+00 2.299999999999999961e-02 7.499999999999999722e-02 4.079999999999999738e-01 -7.000000000000000666e-02
4.802268266677856175e-03 -1.625999999999999890e+00 -1.840999999999999970e+00 2.999999999999999889e-02 3.300000000000000155e-02 4.249999999999999889e-01 -6.700000000000000400e-02
4.812146425247192279e-03 -1.625000000000000000e+00 -1.840999999999999970e+00 3.400000000000000244e-02 3.300000000000000155e-02 4.510000000000000120e-01 -5.700000000000000205e-02
4.822216272354126060e-03 -1.625999999999999890e+00 -1.840000000000000080e+00 3.300000000000000155e-02 5.000000000000000278e-02 4.079999999999999738e-01 -9.199999999999999845e-02
4.832943677902221472e-03 -1.625999999999999890e+00 -1.840000000000000080e+00 3.599999999999999728e-02 4.900000000000000189e-02 3.130000000000000004e-01 -7.900000000000000078e-02
4.842498779296875062e-03 -1.625999999999999890e+00 -1.840999999999999970e+00 4.100000000000000172e-02 1.099999999999999936e-02 2.399999999999999911e-01 -1.400000000000000029e-02
4.852065563201904408e-03 -1.625000000000000000e+00 -1.840999999999999970e+00 4.299999999999999656e-02 1.099999999999999936e-02 1.459999999999999909e-01 6.300000000000000044e-02
4.862457275390624951e-03 -1.625999999999999890e+00 -1.838999999999999968e+00 3.699999999999999817e-02 5.199999999999999761e-02 -5.000000000000000104e-03 8.699999999999999400e-02
4.873152971267700334e-03 -1.625000000000000000e+00 -1.838999999999999968e+00 3.699999999999999817e-02 5.299999999999999850e-02 -4.000000000000000083e-02 1.509999999999999953e-01
4.882237434387206969e-03 -1.625000000000000000e+00 -1.840000000000000080e+00 3.899999999999999994e-02 1.600000000000000033e-02 -1.160000000000000059e-01 1.970000000000000084e-01
4.892076492309570257e-03 -1.625000000000000000e+00 -1.840000000000000080e+00 3.799999999999999906e-02 1.899999999999999953e-02 -2.290000000000000091e-01 1.869999999999999996e-01
4.901783227920532109e-03 -1.625000000000000000e+00 -1.838999999999999968e+00 2.800000000000000058e-02 5.899999999999999689e-02 -1.690000000000000113e-01 8.200000000000000344e-02
4.913259267807007155e-03 -1.625000000000000000e+00 -1.838000000000000078e+00 2.699999999999999969e-02 5.999999999999999778e-02 -1.069999999999999979e-01 3.799999999999999906e-02
4.922435998916625810e-03 -1.624000000000000110e+00 -1.840000000000000080e+00 2.900000000000000147e-02 2.000000000000000042e-02 -1.239999999999999991e-01 3.300000000000000155e-02
4.933495759963988855e-03 -1.624000000000000110e+00 -1.840000000000000080e+00 2.800000000000000058e-02 2.000000000000000042e-02 -1.449999999999999900e-01 7.900000000000000078e-02
4.941799402236938393e-03 -1.624000000000000110e+00 -1.840000000000000080e+00 2.699999999999999969e-02 6.000000000000000125e-03 -2.059999999999999887e-01 1.920000000000000040e-01
4.953315973281860289e-03 -1.624000000000000110e+00 -1.838000000000000078e+00 1.799999999999999864e-02 6.099999999999999867e-02 -2.969999999999999862e-01 2.550000000000000044e-01
4.962240695953369293e-03 -1.624000000000000110e+00 -1.840000000000000080e+00 1.899999999999999953e-02 2.199999999999999872e-02 -3.579999999999999849e-01 3.509999999999999787e-01
4.972932100296020841e-03 -1.624000000000000110e+00 -1.840000000000000080e+00 1.600000000000000033e-02 2.599999999999999881e-02 -3.619999999999999885e-01 3.910000000000000142e-01
4.982501029968261670e-03 -1.624000000000000110e+00 -1.840000000000000080e+00 1.200000000000000025e-02 1.299999999999999940e-02 -4.259999999999999898e-01 4.060000000000000275e-01
4.993080139160156056e-03 -1.624000000000000110e+00 -1.838000000000000078e+00 0.000000000000000000e+00 7.000000000000000666e-02 -3.739999999999999991e-01 3.410000000000000253e-01
5.002192497253418052e-03 -1.624000000000000110e+00 -1.840000000000000080e+00 1.000000000000000021e-03 3.099999999999999978e-02 -4.109999999999999765e-01 2.939999999999999836e-01
5.012391328811645168e-03 -1.624000000000000110e+00 -1.838999999999999968e+00 -2.000000000000000042e-03 3.400000000000000244e-02 -3.589999999999999858e-01 2.290000000000000091e-01
5.021958351135253663e-03 -1.624000000000000110e+00 -1.840000000000000080e+00 -4.000000000000000083e-03 2.000000000000000042e-02 -2.359999999999999876e-01 1.409999999999999865e-01
5.033752441406249938e-03 -1.625000000000000000e+00 -1.838000000000000078e+00 -1.499999999999999944e-02 7.399999999999999634e-02 -1.079999999999999988e-01 -2.199999999999999872e-02
5.041584014892578486e-03 -1.625000000000000000e+00 -1.840000000000000080e+00 -8.999999999999999320e-03 2.999999999999999889e-02 7.000000000000000146e-03 -9.800000000000000377e-02
5.052637338638305345e-03 -1.625000000000000000e+00 -1.838999999999999968e+00 -8.999999999999999320e-03 2.999999999999999889e-02 1.079999999999999988e-01 -1.000000000000000056e-01
5.061765193939208630e-03 -1.625000000000000000e+00 -1.840000000000000080e+00 -5.000000000000000104e-03 1.099999999999999936e-02 1.340000000000000080e-01 -1.100000000000000006e-01
5.072611093521118240e-03 -1.625000000000000000e+00 -1.836999999999999966e+00 -1.600000000000000033e-02 8.899999999999999578e-02 8.500000000000000611e-02 -1.869999999999999996e-01
5.082887411117553537e-03 -1.625999999999999890e+00 -1.838999999999999968e+00 -1.200000000000000025e-02 4.000000000000000083e-02 5.199999999999999761e-02 -1.000000000000000056e-01
5.104043722152709975e-03 -1.625999999999999890e+00 -1.838999999999999968e+00 -1.200000000000000025e-02 3.899999999999999994e-02 3.200000000000000067e-02 -7.299999999999999545e-02
5.106227159500121952e-03 -1.625999999999999890e+00 -1.840000000000000080e+00 -8.999999999999999320e-03 1.099999999999999936e-02 -1.000000000000000021e-03 -5.099999999999999672e-02
5.113222837448120131e-03 -1.625999999999999890e+00 -1.840000000000000080e+00 -8.999999999999999320e-03 1.099999999999999936e-02 5.299999999999999850e-02 -3.400000000000000244e-02
5.122186422348022801e-03 -1.627000000000000002e+00 -1.840000000000000080e+00 -1.499999999999999944e-02 3.599999999999999728e-02 1.700000000000000122e-01 -2.400000000000000050e-02
5.132037639617920144e-03 -1.627000000000000002e+00 -1.838999999999999968e+00 -1.299999999999999940e-02 3.599999999999999728e-02 2.340000000000000135e-01 2.699999999999999969e-02
5.142031669616698927e-03 -1.627999999999999892e+00 -1.840000000000000080e+00 -8.999999999999999320e-03 1.400000000000000029e-02 2.409999999999999920e-01 9.099999999999999756e-02
5.152159929275512348e-03 -1.627999999999999892e+00 -1.840000000000000080e+00 -6.000000000000000125e-03 1.499999999999999944e-02 2.190000000000000002e-01 1.499999999999999944e-01
5.161643981933593944e-03 -1.627999999999999892e+00 -1.840000000000000080e+00 -8.999999999999999320e-03 4.499999999999999833e-02 2.169999999999999984e-01 2.030000000000000138e-01
5.172818422317504786e-03 -1.627999999999999892e+00 -1.838999999999999968e+00 -7.000000000000000146e-03 4.700000000000000011e-02 1.880000000000000004e-01 2.109999999999999931e-01
5.181538581848144608e-03 -1.629000000000000004e+00 -1.840999999999999970e+00 -5.000000000000000104e-03 2.199999999999999872e-02 2.089999999999999913e-01 2.300000000000000100e-01
5.193491220474242762e-03 -1.629000000000000004e+00 -1.840999999999999970e+00 -3.000000000000000062e-03 2.500000000000000139e-02 2.859999999999999765e-01 2.419999999999999929e-01
5.201635599136352969e-03 -1.629000000000000004e+00 -1.840999999999999970e+00 -6.000000000000000125e-03 4.900000000000000189e-02 3.750000000000000000e-01 2.169999999999999984e-01
5.212465763092041272e-03 -1.629000000000000004e+00 -1.840000000000000080e+00 -2.000000000000000042e-03 5.199999999999999761e-02 4.440000000000000058e-01 2.210000000000000020e-01
5.221906185150146200e-03 -1.629999999999999893e+00 -1.842000000000000082e+00 5.000000000000000104e-03 1.400000000000000029e-02 5.050000000000000044e-01 2.149999999999999967e-01
5.233257293701171729e-03 -1.629999999999999893e+00 -1.842000000000000082e+00 1.000000000000000021e-02 1.600000000000000033e-02 5.460000000000000409e-01 2.369999999999999885e-01
5.241383075714111696e-03 -1.629999999999999893e+00 -1.842000000000000082e+00 1.200000000000000025e-02 3.500000000000000333e-02 5.070000000000000062e-01 2.340000000000000135e-01
5.252816200256347524e-03 -1.629999999999999893e+00 -1.840999999999999970e+00 1.600000000000000033e-02 3.699999999999999817e-02 3.900000000000000133e-01 3.069999999999999951e-01
5.261942863464355059e-03 -1.629999999999999893e+00 -1.842999999999999972e+00 2.299999999999999961e-02 4.000000000000000083e-03 3.400000000000000244e-01 4.219999999999999862e-01
5.272233963012695063e-03 -1.629000000000000004e+00 -1.842000000000000082e+00 2.599999999999999881e-02 8.000000000000000167e-03 2.979999999999999871e-01 4.169999999999999818e-01
5.281323909759521283e-03 -1.629999999999999893e+00 -1.842000000000000082e+00 2.299999999999999961e-02 5.000000000000000278e-02 3.140000000000000013e-01 2.999999999999999889e-01
5.292509555816650446e-03 -1.629000000000000004e+00 -1.840999999999999970e+00 2.599999999999999881e-02 5.299999999999999850e-02 3.619999999999999885e-01 2.059999999999999887e-01
5.301904678344726389e-03 -1.629999999999999893e+00 -1.842999999999999972e+00 3.099999999999999978e-02 1.600000000000000033e-02 4.259999999999999898e-01 1.290000000000000036e-01
5.312700271606445729e-03 -1.629000000000000004e+00 -1.842000000000000082e+00 3.500000000000000333e-02 1.700000000000000122e-02 4.440000000000000058e-01 2.000000000000000042e-03
5.321811199188232824e-03 -1.629000000000000004e+00 -1.842999999999999972e+00 3.799999999999999906e-02 4.000000000000000083e-03 4.530000000000000138e-01 -7.099999999999999367e-02
5.333447694778442084e-03 -1.629000000000000004e+00 -1.840999999999999970e+00 3.799999999999999906e-02 5.299999999999999850e-02 4.369999999999999996e-01 -1.670000000000000095e-01
5.341276645660399981e-03 -1.629000000000000004e+00 -1.842000000000000082e+00 4.299999999999999656e-02 1.400000000000000029e-02 3.380000000000000226e-01 -1.789999999999999925e-01
5.352570056915283321e-03 -1.629000000000000004e+00 -1.842000000000000082e+00 4.599999999999999922e-02 1.200000000000000025e-02 2.780000000000000249e-01 -1.640000000000000069e-01
5.361909389495849408e-03 -1.629000000000000004e+00 -1.842000000000000082e+00 4.599999999999999922e-02 -3.000000000000000062e-03 1.779999999999999916e-01 -9.299999999999999933e-02
5.372175693511963002e-03 -1.629000000000000004e+00 -1.840000000000000080e+00 4.399999999999999745e-02 4.599999999999999922e-02 5.899999999999999689e-02 -1.199999999999999956e-01
5.381770610809325991e-03 -1.627999999999999892e+00 -1.842000000000000082e+00 4.599999999999999922e-02 8.000000000000000167e-03 -6.099999999999999867e-02 -4.100000000000000172e-02
5.392525911331176765e-03 -1.627999999999999892e+00 -1.840999999999999970e+00 4.499999999999999833e-02 7.000000000000000146e-03 -1.029999999999999943e-01 -4.700000000000000011e-02
5.401306629180908578e-03 -1.627999999999999892e+00 -1.842000000000000082e+00 4.399999999999999745e-02 -5.000000000000000104e-03 -8.500000000000000611e-02 -4.900000000000000189e-02
5.412367105484009074e-03 -1.627000000000000002e+00 -1.840000000000000080e+00 3.899999999999999994e-02 4.499999999999999833e-02 -1.299999999999999940e-02 -9.700000000000000289e-02
5.421391248703002867e-03 -1.627000000000000002e+00 -1.840999999999999970e+00 4.200000000000000261e-02 5.000000000000000104e-03 6.400000000000000133e-02 -5.999999999999999778e-02
5.431833028793334531e-03 -1.627000000000000002e+00 -1.840999999999999970e+00 4.299999999999999656e-02 4.000000000000000083e-03 7.199999999999999456e-02 -1.299999999999999940e-02
5.441586732864380285e-03 -1.627000000000000002e+00 -1.842000000000000082e+00 4.200000000000000261e-02 -8.999999999999999320e-03 7.199999999999999456e-02 7.099999999999999367e-02
5.451579093933105885e-03 -1.625999999999999890e+00 -1.840000000000000080e+00 3.699999999999999817e-02 4.299999999999999656e-02 3.899999999999999994e-02 4.100000000000000172e-02
5.462013244628906479e-03 -1.627000000000000002e+00 -1.840999999999999970e+00 3.899999999999999994e-02 4.000000000000000083e-03 -3.300000000000000155e-02 1.179999999999999938e-01
5.471987247467040988e-03 -1.625999999999999890e+00 -1.840999999999999970e+00 3.799999999999999906e-02 5.000000000000000104e-03 -5.999999999999999778e-02 1.610000000000000042e-01
5.481587171554565263e-03 -1.627000000000000002e+00 -1.842000000000000082e+00 3.599999999999999728e-02 -6.000000000000000125e-03 -4.399999999999999745e-02 2.089999999999999913e-01
5.492064237594604208e-03 -1.625999999999999890e+00 -1.838999999999999968e+00 2.599999999999999881e-02 7.299999999999999545e-02 -7.199999999999999456e-02 1.950000000000000067e-01
5.501934289932250942e-03 -1.625000000000000000e+00 -1.840999999999999970e+00 3.400000000000000244e-02 2.800000000000000058e-02 -1.499999999999999944e-01 2.889999999999999791e-01
5.512258291244506725e-03 -1.625000000000000000e+00 -1.840999999999999970e+00 3.200000000000000067e-02 3.099999999999999978e-02 -1.710000000000000131e-01 3.009999999999999898e-01
5.521245479583740054e-03 -1.624000000000000110e+00 -1.842000000000000082e+00 3.300000000000000155e-02 1.299999999999999940e-02 -3.019999999999999907e-01 3.420000000000000262e-01
5.533276319503783840e-03 -1.624000000000000110e+00 -1.838999999999999968e+00 1.899999999999999953e-02 9.700000000000000289e-02 -3.509999999999999787e-01 2.829999999999999738e-01
5.541319131851196039e-03 -1.624000000000000110e+00 -1.840999999999999970e+00 2.199999999999999872e-02 4.900000000000000189e-02 -3.940000000000000169e-01 2.869999999999999774e-01
5.552170038223266935e-03 -1.624000000000000110e+00 -1.840000000000000080e+00 1.799999999999999864e-02 5.099999999999999672e-02 -4.149999999999999800e-01 2.520000000000000018e-01
5.561790227890014635e-03 -1.624000000000000110e+00 -1.842000000000000082e+00 1.499999999999999944e-02 2.900000000000000147e-02 -4.099999999999999756e-01 2.560000000000000053e-01
5.572187423706054764e-03 -1.624000000000000110e+00 -1.840999999999999970e+00 1.099999999999999936e-02 3.200000000000000067e-02 -2.909999999999999809e-01 2.530000000000000027e-01
5.581976175308227782e-03 -1.624000000000000110e+00 -1.840999999999999970e+00 3.000000000000000062e-03 6.099999999999999867e-02 -2.169999999999999984e-01 2.260000000000000064e-01
5.592442512512206705e-03 -1.624000000000000110e+00 -1.840000000000000080e+00 1.000000000000000021e-03 6.400000000000000133e-02 -1.260000000000000009e-01 2.069999999999999896e-01
5.601022958755493171e-03 -1.624000000000000110e+00 -1.840999999999999970e+00 2.000000000000000042e-03 3.799999999999999906e-02 -2.599999999999999881e-02 2.419999999999999929e-01
5.612135648727417138e-03 -1.624000000000000110e+00 -1.840999999999999970e+00 2.000000000000000042e-03 4.000000000000000083e-02 1.299999999999999940e-02 2.419999999999999929e-01
5.621975660324097027e-03 -1.624000000000000110e+00 -1.840999999999999970e+00 -2.000000000000000042e-03 6.600000000000000311e-02 0.000000000000000000e+00 1.799999999999999933e-01
