7.000000000000000666e-02 2.644268001474773477e+00 -1.000000000000000000e+00 -1.000000000000000000e+00 0.000000000000000000e+00 0.000000000000000000e+00 0.000000000000000000e+00 0.000000000000000000e+00 8.949874371066199874e-01 8.949874371066200984e-01
8.000000000000000167e-02 2.644268001474773477e+00 -1.000000000000000000e+00 -1.000000000000000000e+00 0.000000000000000000e+00 0.000000000000000000e+00 0.000000000000000000e+00 0.000000000000000000e+00 8.949874371066199874e-01 8.949874371066200984e-01
9.000000000000001055e-02 2.644267872489725058e+00 -1.000000000000000000e+00 -1.000000000000000000e+00 -2.384185793236071049e-08 -2.384185793236071049e-08 0.000000000000000000e+00 0.000000000000000000e+00 8.949874108685649254e-01 8.949874108685649254e-01
1.000000000000000056e-01 2.644267872489725058e+00 -1.000000000000000000e+00 -1.000000000000000000e+00 -2.384185793236071049e-08 -2.384185793236071049e-08 0.000000000000000000e+00 0.000000000000000000e+00 8.949874108685649254e-01 8.949874108685649254e-01
1.100000000000000006e-01 2.644267872489725058e+00 -1.000000000000000000e+00 -1.000000000000000000e+00 -2.384185793236071049e-08 -2.384185793236071049e-08 0.000000000000000000e+00 0.000000000000000000e+00 8.949874108685649254e-01 8.949874108685649254e-01
1.200000000000000094e-01 2.644267872489725058e+00 -1.000000000000000000e+00 -1.000000000000000000e+00 -2.384185793236071049e-08 -2.384185793236071049e-08 0.000000000000000000e+00 0.000000000000000000e+00 8.949874108685649254e-01 8.949874108685649254e-01
1.300000000000000044e-01 2.644267872489725058e+00 -1.000000000000000000e+00 -1.000000000000000000e+00 -2.384185793236071049e-08 -2.384185793236071049e-08 0.000000000000000000e+00 0.000000000000000000e+00 8.949874108685649254e-01 8.949874108685649254e-01
1.400000000000000133e-01 2.644267872489725058e+00 -1.000000000000000000e+00 -1.000000000000000000e+00 -2.384185793236071049e-08 -2.384185793236071049e-08 0.000000000000000000e+00 0.000000000000000000e+00 8.949874108685649254e-01 8.949874108685649254e-01
1.500000000000000222e-01 2.644267872489725058e+00 -1.000000000000000000e+00 -1.000000000000000000e+00 -2.384185793236071049e-08 -2.384185793236071049e-08 0.000000000000000000e+00 0.000000000000000000e+00 8.949874108685649254e-01 8.949874108685649254e-01
1.600000000000000033e-01 2.644267872489725058e+00 -1.000000000000000000e+00 -1.000000000000000000e+00 -2.384185793236071049e-08 -2.384185793236071049e-08 0.000000000000000000e+00 0.000000000000000000e+00 8.949874108685649254e-01 8.949874108685649254e-01
1.700000000000000122e-01 2.644267872489725058e+00 -1.000000000000000000e+00 -1.000000000000000000e+00 -2.384185793236071049e-08 -2.384185793236071049e-08 0.000000000000000000e+00 0.000000000000000000e+00 8.949874108685649254e-01 8.949874108685649254e-01
1.800000000000000211e-01 2.644267872489725058e+00 -1.000000000000000000e+00 -1.000000000000000000e+00 -2.384185793236071049e-08 -2.384185793236071049e-08 0.000000000000000000e+00 0.000000000000000000e+00 8.949874108685649254e-01 8.949874108685649254e-01
1.900000000000000022e-01 2.644267872489725058e+00 -1.000000000000000000e+00 -1.000000000000000000e+00 -2.384185793236071049e-08 -2.384185793236071049e-08 0.000000000000000000e+00 0.000000000000000000e+00 8.949874108685649254e-01 8.949874108685649254e-01
2.000000000000000111e-01 2.644267872489725058e+00 -1.000000000000000000e+00 -1.000000000000000000e+00 -2.384185793236071049e-08 -2.384185793236071049e-08 0.000000000000000000e+00 0.000000000000000000e+00 8.949874108685649254e-01 8.949874108685649254e-01
2.100000000000000200e-01 2.644267872489725058e+00 -1.000000000000000000e+00 -1.000000000000000000e+00 -2.384185793236071049e-08 -2.384185793236071049e-08 0.000000000000000000e+00 0.000000000000000000e+00 8.949874108685649254e-01 8.949874108685649254e-01
2.200000000000000011e-01 2.644267872489725058e+00 -1.000000000000000000e+00 -1.000000000000000000e+00 -2.384185793236071049e-08 -2.384185793236071049e-08 0.000000000000000000e+00 0.000000000000000000e+00 8.949874108685649254e-01 8.949874108685649254e-01
2.300000000000000100e-01 2.644267872489725058e+00 -1.000000000000000000e+00 -1.000000000000000000e+00 -2.384185793236071049e-08 -2.384185793236071049e-08 0.000000000000000000e+00 0.000000000000000000e+00 8.949874108685649254e-01 8.949874108685649254e-01
2.400000000000000189e-01 2.644267872489725058e+00 -1.000000000000000000e+00 -1.000000000000000000e+00 -2.384185793236071049e-08 -2.384185793236071049e-08 0.000000000000000000e+00 0.000000000000000000e+00 8.949874108685649254e-01 8.949874108685649254e-01
2.500000000000000000e-01 2.644267872489725058e+00 -1.000000000000000000e+00 -1.000000000000000000e+00 -2.384185793236071049e-08 -2.384185793236071049e-08 0.000000000000000000e+00 0.000000000000000000e+00 8.949874108685649254e-01 8.949874108685649254e-01
2.600000000000000089e-01 2.644267872489725058e+00 -1.000000000000000000e+00 -1.000000000000000000e+00 -2.384185793236071049e-08 -2.384185793236071049e-08 0.000000000000000000e+00 0.000000000000000000e+00 8.949874108685649254e-01 8.949874108685649254e-01
2.700000000000000178e-01 2.644267872489725058e+00 -1.000000000000000000e+00 -1.000000000000000000e+00 -2.384185793236071049e-08 -2.384185793236071049e-08 0.000000000000000000e+00 0.000000000000000000e+00 8.949874108685649254e-01 8.949874108685649254e-01
2.800000000000000266e-01 2.644267872489725058e+00 -1.000000000000000000e+00 -1.000000000000000000e+00 -2.384185793236071049e-08 -2.384185793236071049e-08 0.000000000000000000e+00 0.000000000000000000e+00 8.949874108685649254e-01 8.949874108685649254e-01
2.900000000000000355e-01 2.644267872489725058e+00 -1.000000000000000000e+00 -1.000000000000000000e+00 -2.384185793236071049e-08 -2.384185793236071049e-08 0.000000000000000000e+00 0.000000000000000000e+00 8.949874108685649254e-01 8.949874108685649254e-01
3.000000000000000444e-01 2.644267872489725058e+00 -1.000000000000000000e+00 -1.000000000000000000e+00 -2.384185793236071049e-08 -2.384185793236071049e-08 0.000000000000000000e+00 0.000000000000000000e+00 8.949874108685649254e-01 8.949874108685649254e-01
3.099999999999999978e-01 2.644267872489725058e+00 -1.000000000000000000e+00 -1.000000000000000000e+00 -2.384185793236071049e-08 -2.384185793236071049e-08 0.000000000000000000e+00 0.000000000000000000e+00 8.949874108685649254e-01 8.949874108685649254e-01
3.200000000000000067e-01 2.644267872489725058e+00 -1.000000000000000000e+00 -1.000000000000000000e+00 -2.384185793236071049e-08 -2.384185793236071049e-08 0.000000000000000000e+00 0.000000000000000000e+00 8.949874108685649254e-01 8.949874108685649254e-01
3.300000000000000155e-01 2.644267872489725058e+00 -1.000000000000000000e+00 -1.000000000000000000e+00 -2.384185793236071049e-08 -2.384185793236071049e-08 0.000000000000000000e+00 0.000000000000000000e+00 8.949874108685649254e-01 8.949874108685649254e-01
3.400000000000000244e-01 2.644267872489725058e+00 -1.000000000000000000e+00 -1.000000000000000000e+00 -2.384185793236071049e-08 -2.384185793236071049e-08 0.000000000000000000e+00 0.000000000000000000e+00 8.949874108685649254e-01 8.949874108685649254e-01
3.500000000000000333e-01 2.644267872489725058e+00 -1.000000000000000000e+00 -1.000000000000000000e+00 -2.384185793236071049e-08 -2.384185793236071049e-08 0.000000000000000000e+00 0.000000000000000000e+00 8.949874108685649254e-01 8.949874108685649254e-01
3.600000000000000422e-01 2.644267872489725058e+00 -1.000000000000000000e+00 -1.000000000000000000e+00 -2.384185793236071049e-08 -2.384185793236071049e-08 0.000000000000000000e+00 0.000000000000000000e+00 8.949874108685649254e-01 8.949874108685649254e-01
3.699999999999999956e-01 2.644267872489725058e+00 -1.000000000000000000e+00 -1.000000000000000000e+00 -2.384185793236071049e-08 -2.384185793236071049e-08 0.000000000000000000e+00 0.000000000000000000e+00 8.949874108685649254e-01 8.949874108685649254e-01
3.800000000000000044e-01 2.644267872489725058e+00 -1.000000000000000000e+00 -1.000000000000000000e+00 -2.384185793236071049e-08 -2.384185793236071049e-08 0.000000000000000000e+00 0.000000000000000000e+00 8.949874108685649254e-01 8.949874108685649254e-01
3.900000000000000133e-01 2.644267872489725058e+00 -1.000000000000000000e+00 -1.000000000000000000e+00 -2.384185793236071049e-08 -2.384185793236071049e-08 0.000000000000000000e+00 0.000000000000000000e+00 8.949874108685649254e-01 8.949874108685649254e-01
4.000000000000000222e-01 2.644267872489725058e+00 -1.000000000000000000e+00 -1.000000000000000000e+00 -2.384185793236071049e-08 -2.384185793236071049e-08 0.000000000000000000e+00 0.000000000000000000e+00 8.949874108685649254e-01 8.949874108685649254e-01
4.100000000000000311e-01 2.644267872489725058e+00 -1.000000000000000000e+00 -1.000000000000000000e+00 -2.384185793236071049e-08 -2.384185793236071049e-08 0.000000000000000000e+00 0.000000000000000000e+00 8.949874108685649254e-01 8.949874108685649254e-01
4.200000000000000400e-01 2.644267872489725058e+00 -1.000000000000000000e+00 -1.000000000000000000e+00 -2.384185793236071049e-08 -2.384185793236071049e-08 0.000000000000000000e+00 0.000000000000000000e+00 8.949874108685649254e-01 8.949874108685649254e-01
4.300000000000000488e-01 2.644267872489725058e+00 -1.000000000000000000e+00 -1.000000000000000000e+00 -2.384185793236071049e-08 -2.384185793236071049e-08 0.000000000000000000e+00 0.000000000000000000e+00 8.949874108685649254e-01 8.949874108685649254e-01
4.400000000000000022e-01 2.644267872489725058e+00 -1.000000000000000000e+00 -1.000000000000000000e+00 -2.384185793236071049e-08 -2.384185793236071049e-08 0.000000000000000000e+00 0.000000000000000000e+00 8.949874108685649254e-01 8.949874108685649254e-01
4.500000000000000111e-01 2.644267872489725058e+00 -1.000000000000000000e+00 -1.000000000000000000e+00 -2.384185793236071049e-08 -2.384185793236071049e-08 0.000000000000000000e+00 0.000000000000000000e+00 8.949874108685649254e-01 8.949874108685649254e-01
4.600000000000000200e-01 2.644267872489725058e+00 -1.000000000000000000e+00 -1.000000000000000000e+00 -2.384185793236071049e-08 -2.384185793236071049e-08 0.000000000000000000e+00 0.000000000000000000e+00 8.949874108685649254e-01 8.949874108685649254e-01
4.700000000000000289e-01 2.644267872489725058e+00 -1.000000000000000000e+00 -1.000000000000000000e+00 -2.384185793236071049e-08 -2.384185793236071049e-08 0.000000000000000000e+00 0.000000000000000000e+00 8.949874108685649254e-01 8.949874108685649254e-01
4.800000000000000377e-01 2.644267872489725058e+00 -1.000000000000000000e+00 -1.000000000000000000e+00 -2.384185793236071049e-08 -2.384185793236071049e-08 0.000000000000000000e+00 0.000000000000000000e+00 8.949874108685649254e-01 8.949874108685649254e-01
4.900000000000000466e-01 2.644267872489725058e+00 -1.000000000000000000e+00 -1.000000000000000000e+00 -2.384185793236071049e-08 -2.384185793236071049e-08 0.000000000000000000e+00 0.000000000000000000e+00 8.949874108685649254e-01 8.949874108685649254e-01
5.000000000000000000e-01 2.644267872489725058e+00 -1.000000000000000000e+00 -1.000000000000000000e+00 -2.384185793236071049e-08 -2.384185793236071049e-08 0.000000000000000000e+00 0.000000000000000000e+00 8.949874108685649254e-01 8.949874108685649254e-01
5.104999989999999821e-01 2.644267872489725058e+00 -1.000000000000000000e+00 -1.000000000000000000e+00 -2.384185793236071049e-08 -2.384185793236071049e-08 0.000000000000000000e+00 0.000000000000000000e+00 8.949874108685649254e-01 8.949874108685649254e-01
5.204999989999999910e-01 2.644267872489725058e+00 -1.000000000000000000e+00 -1.000000000000000000e+00 -2.384185793236071049e-08 -2.384185793236071049e-08 0.000000000000000000e+00 0.000000000000000000e+00 8.949874108685649254e-01 8.949874108685649254e-01
5.304999989999999999e-01 2.644267872489725058e+00 -1.000000000000000000e+00 -1.000000000000000000e+00 -2.384185793236071049e-08 -2.384185793236071049e-08 0.000000000000000000e+00 0.000000000000000000e+00 8.949874108685649254e-01 8.949874108685649254e-01
5.404999990000000087e-01 2.644267872489725058e+00 -1.000000000000000000e+00 -1.000000000000000000e+00 -2.384185793236071049e-08 -2.384185793236071049e-08 0.000000000000000000e+00 0.000000000000000000e+00 8.949874108685649254e-01 8.949874108685649254e-01
5.504999990000000176e-01 2.644267872489725058e+00 -1.000000000000000000e+00 -1.000000000000000000e+00 -2.384185793236071049e-08 -2.384185793236071049e-08 0.000000000000000000e+00 0.000000000000000000e+00 8.949874108685649254e-01 8.949874108685649254e-01
5.604999990000000265e-01 2.644267872489725058e+00 -1.000000000000000000e+00 -1.000000000000000000e+00 -2.384185793236071049e-08 -2.384185793236071049e-08 0.000000000000000000e+00 0.000000000000000000e+00 8.949874108685649254e-01 8.949874108685649254e-01
5.704999990000000354e-01 2.644267872489725058e+00 -1.000000000000000000e+00 -1.000000000000000000e+00 -2.384185793236071049e-08 -2.384185793236071049e-08 0.000000000000000000e+00 0.000000000000000000e+00 8.949874108685649254e-01 8.949874108685649254e-01
5.804999990000000443e-01 2.644267872489725058e+00 -1.000000000000000000e+00 -1.000000000000000000e+00 -2.384185793236071049e-08 -2.384185793236071049e-08 0.000000000000000000e+00 0.000000000000000000e+00 8.949874108685649254e-01 8.949874108685649254e-01
5.904999990000000532e-01 2.644267872489725058e+00 -1.000000000000000000e+00 -1.000000000000000000e+00 -2.384185793236071049e-08 -2.384185793236071049e-08 0.000000000000000000e+00 0.000000000000000000e+00 8.949874108685649254e-01 8.949874108685649254e-01
6.004999990000000620e-01 2.644267872489725058e+00 -1.000000000000000000e+00 -1.000000000000000000e+00 -2.384185793236071049e-08 -2.384185793236071049e-08 0.000000000000000000e+00 0.000000000000000000e+00 8.949874108685649254e-01 8.949874108685649254e-01
6.104999990000000709e-01 2.644267872489725058e+00 -1.000000000000000000e+00 -1.000000000000000000e+00 -2.384185793236071049e-08 -2.384185793236071049e-08 0.000000000000000000e+00 0.000000000000000000e+00 8.949874108685649254e-01 8.949874108685649254e-01
6.204999990000000798e-01 2.644267872489725058e+00 -1.000000000000000000e+00 -1.000000000000000000e+00 -2.384185793236071049e-08 -2.384185793236071049e-08 0.000000000000000000e+00 0.000000000000000000e+00 8.949874108685649254e-01 8.949874108685649254e-01
6.304999990000000887e-01 2.644267872489725058e+00 -1.000000000000000000e+00 -1.000000000000000000e+00 -2.384185793236071049e-08 -2.384185793236071049e-08 0.000000000000000000e+00 0.000000000000000000e+00 8.949874108685649254e-01 8.949874108685649254e-01
6.404999989999999865e-01 2.644267872489725058e+00 -1.000000000000000000e+00 -1.000000000000000000e+00 -2.384185793236071049e-08 -2.384185793236071049e-08 0.000000000000000000e+00 0.000000000000000000e+00 8.949874108685649254e-01 8.949874108685649254e-01
6.504999989999999954e-01 2.644267872489725058e+00 -1.000000000000000000e+00 -1.000000000000000000e+00 -2.384185793236071049e-08 -2.384185793236071049e-08 0.000000000000000000e+00 0.000000000000000000e+00 8.949874108685649254e-01 8.949874108685649254e-01
6.604999990000000043e-01 2.644267872489725058e+00 -1.000000000000000000e+00 -1.000000000000000000e+00 -2.384185793236071049e-08 -2.384185793236071049e-08 0.000000000000000000e+00 0.000000000000000000e+00 8.949874108685649254e-01 8.949874108685649254e-01
6.704999990000000132e-01 2.644267872489725058e+00 -1.000000000000000000e+00 -1.000000000000000000e+00 -2.384185793236071049e-08 -2.384185793236071049e-08 0.000000000000000000e+00 0.000000000000000000e+00 8.949874108685649254e-01 8.949874108685649254e-01
6.804999990000000221e-01 2.644267872489725058e+00 -1.000000000000000000e+00 -1.000000000000000000e+00 -2.384185793236071049e-08 -2.384185793236071049e-08 0.000000000000000000e+00 0.000000000000000000e+00 8.949874108685649254e-01 8.949874108685649254e-01
6.904999990000000309e-01 2.644267872489725058e+00 -1.000000000000000000e+00 -1.000000000000000000e+00 -2.384185793236071049e-08 -2.384185793236071049e-08 0.000000000000000000e+00 0.000000000000000000e+00 8.949874108685649254e-01 8.949874108685649254e-01
7.004999990000000398e-01 2.644267872489725058e+00 -1.000000000000000000e+00 -1.000000000000000000e+00 -2.384185793236071049e-08 -2.384185793236071049e-08 0.000000000000000000e+00 0.000000000000000000e+00 8.949874108685649254e-01 8.949874108685649254e-01
7.104999990000000487e-01 2.644267872489725058e+00 -1.000000000000000000e+00 -1.000000000000000000e+00 -2.384185793236071049e-08 -2.384185793236071049e-08 0.000000000000000000e+00 0.000000000000000000e+00 8.949874108685649254e-01 8.949874108685649254e-01
7.204999990000000576e-01 2.644267872489725058e+00 -1.000000000000000000e+00 -1.000000000000000000e+00 -2.384185793236071049e-08 -2.384185793236071049e-08 0.000000000000000000e+00 0.000000000000000000e+00 8.949874108685649254e-01 8.949874108685649254e-01
7.304999990000000665e-01 2.644267872489725058e+00 -1.000000000000000000e+00 -1.000000000000000000e+00 -2.384185793236071049e-08 -2.384185793236071049e-08 0.000000000000000000e+00 0.000000000000000000e+00 8.949874108685649254e-01 8.949874108685649254e-01
7.404999990000000754e-01 2.644267872489725058e+00 -1.000000000000000000e+00 -1.000000000000000000e+00 -2.384185793236071049e-08 -2.384185793236071049e-08 0.000000000000000000e+00 0.000000000000000000e+00 8.949874108685649254e-01 8.949874108685649254e-01
7.504999990000000842e-01 2.644267872489725058e+00 -1.000000000000000000e+00 -1.000000000000000000e+00 -2.384185793236071049e-08 -2.384185793236071049e-08 0.000000000000000000e+00 0.000000000000000000e+00 8.949874108685649254e-01 8.949874108685649254e-01
7.604999990000000931e-01 2.644267872489725058e+00 -1.000000000000000000e+00 -1.000000000000000000e+00 -2.384185793236071049e-08 -2.384185793236071049e-08 0.000000000000000000e+00 0.000000000000000000e+00 8.949874108685649254e-01 8.949874108685649254e-01
7.704999990000001020e-01 2.644267872489725058e+00 -1.000000000000000000e+00 -1.000000000000000000e+00 -2.384185793236071049e-08 -2.384185793236071049e-08 0.000000000000000000e+00 0.000000000000000000e+00 8.949874108685649254e-01 8.949874108685649254e-01
7.804999989999999999e-01 2.644267872489725058e+00 -1.000000000000000000e+00 -1.000000000000000000e+00 -2.384185793236071049e-08 -2.384185793236071049e-08 0.000000000000000000e+00 0.000000000000000000e+00 8.949874108685649254e-01 8.949874108685649254e-01
7.904999990000000087e-01 2.644267872489725058e+00 -1.000000000000000000e+00 -1.000000000000000000e+00 -2.384185793236071049e-08 -2.384185793236071049e-08 0.000000000000000000e+00 0.000000000000000000e+00 8.949874108685649254e-01 8.949874108685649254e-01
8.004999990000000176e-01 2.644267872489725058e+00 -1.000000000000000000e+00 -1.000000000000000000e+00 -2.384185793236071049e-08 -2.384185793236071049e-08 0.000000000000000000e+00 0.000000000000000000e+00 8.949874108685649254e-01 8.949874108685649254e-01
8.104999990000000265e-01 2.644267872489725058e+00 -1.000000000000000000e+00 -1.000000000000000000e+00 -2.384185793236071049e-08 -2.384185793236071049e-08 0.000000000000000000e+00 0.000000000000000000e+00 8.949874108685649254e-01 8.949874108685649254e-01
8.204999990000000354e-01 2.644267872489725058e+00 -1.000000000000000000e+00 -1.000000000000000000e+00 -2.384185793236071049e-08 -2.384185793236071049e-08 0.000000000000000000e+00 0.000000000000000000e+00 8.949874108685649254e-01 8.949874108685649254e-01
8.304999990000000443e-01 2.644267872489725058e+00 -1.000000000000000000e+00 -1.000000000000000000e+00 -2.384185793236071049e-08 -2.384185793236071049e-08 0.000000000000000000e+00 0.000000000000000000e+00 8.949874108685649254e-01 8.949874108685649254e-01
8.404999990000000532e-01 2.644267872489725058e+00 -1.000000000000000000e+00 -1.000000000000000000e+00 -2.384185793236071049e-08 -2.384185793236071049e-08 0.000000000000000000e+00 0.000000000000000000e+00 8.949874108685649254e-01 8.949874108685649254e-01
8.504999990000000620e-01 2.644267872489725058e+00 -1.000000000000000000e+00 -1.000000000000000000e+00 -2.384185793236071049e-08 -2.384185793236071049e-08 0.000000000000000000e+00 0.000000000000000000e+00 8.949874108685649254e-01 8.949874108685649254e-01
8.604999990000000709e-01 2.644267872489725058e+00 -1.000000000000000000e+00 -1.000000000000000000e+00 -2.384185793236071049e-08 -2.384185793236071049e-08 0.000000000000000000e+00 0.000000000000000000e+00 8.949874108685649254e-01 8.949874108685649254e-01
8.704999990000000798e-01 2.644267872489725058e+00 -1.000000000000000000e+00 -1.000000000000000000e+00 -2.384185793236071049e-08 -2.384185793236071049e-08 0.000000000000000000e+00 0.000000000000000000e+00 8.949874108685649254e-01 8.949874108685649254e-01
8.804999990000000887e-01 2.644267872489725058e+00 -1.000000000000000000e+00 -1.000000000000000000e+00 -2.384185793236071049e-08 -2.384185793236071049e-08 0.000000000000000000e+00 0.000000000000000000e+00 8.949874108685649254e-01 8.949874108685649254e-01
8.904999990000000976e-01 2.644267872489725058e+00 -1.000000000000000000e+00 -1.000000000000000000e+00 -2.384185793236071049e-08 -2.384185793236071049e-08 0.000000000000000000e+00 0.000000000000000000e+00 8.949874108685649254e-01 8.949874108685649254e-01
9.004999990000001064e-01 2.644267872489725058e+00 -1.000000000000000000e+00 -1.000000000000000000e+00 -2.384185793236071049e-08 -2.384185793236071049e-08 0.000000000000000000e+00 0.000000000000000000e+00 8.949874108685649254e-01 8.949874108685649254e-01
9.104999990000000043e-01 2.644267872489725058e+00 -1.000000000000000000e+00 -1.000000000000000000e+00 -2.384185793236071049e-08 -2.384185793236071049e-08 0.000000000000000000e+00 0.000000000000000000e+00 8.949874108685649254e-01 8.949874108685649254e-01
9.204999990000000132e-01 2.644267872489725058e+00 -1.000000000000000000e+00 -1.000000000000000000e+00 -2.384185793236071049e-08 -2.384185793236071049e-08 0.000000000000000000e+00 0.000000000000000000e+00 8.949874108685649254e-01 8.949874108685649254e-01
9.304999990000000221e-01 2.644267872489725058e+00 -1.000000000000000000e+00 -1.000000000000000000e+00 -2.384185793236071049e-08 -2.384185793236071049e-08 0.000000000000000000e+00 0.000000000000000000e+00 8.949874108685649254e-01 8.949874108685649254e-01
9.404999990000000309e-01 2.644267872489725058e+00 -1.000000000000000000e+00 -1.000000000000000000e+00 -2.384185793236071049e-08 -2.384185793236071049e-08 0.000000000000000000e+00 0.000000000000000000e+00 8.949874108685649254e-01 8.949874108685649254e-01
9.504999990000000398e-01 2.644267872489725058e+00 -1.000000000000000000e+00 -1.000000000000000000e+00 -2.384185793236071049e-08 -2.384185793236071049e-08 0.000000000000000000e+00 0.000000000000000000e+00 8.949874108685649254e-01 8.949874108685649254e-01
9.604999990000000487e-01 2.644267872489725058e+00 -1.000000000000000000e+00 -1.000000000000000000e+00 -2.384185793236071049e-08 -2.384185793236071049e-08 0.000000000000000000e+00 0.000000000000000000e+00 8.949874108685649254e-01 8.949874108685649254e-01
9.704999990000000576e-01 2.644267872489725058e+00 -1.000000000000000000e+00 -1.000000000000000000e+00 -2.384185793236071049e-08 -2.384185793236071049e-08 0.000000000000000000e+00 0.000000000000000000e+00 8.949874108685649254e-01 8.949874108685649254e-01
9.804999990000000665e-01 2.644267872489725058e+00 -1.000000000000000000e+00 -1.000000000000000000e+00 -2.384185793236071049e-08 -2.384185793236071049e-08 0.000000000000000000e+00 0.000000000000000000e+00 8.949874108685649254e-01 8.949874108685649254e-01
9.904999990000000754e-01 2.644267872489725058e+00 -1.000000000000000000e+00 -1.000000000000000000e+00 -2.384185793236071049e-08 -2.384185793236071049e-08 0.000000000000000000e+00 0.000000000000000000e+00 8.949874108685649254e-01 8.949874108685649254e-01
1.000499999000000084e+00 2.644267872489725058e+00 -1.000000000000000000e+00 -1.000000000000000000e+00 -2.384185793236071049e-08 -2.384185793236071049e-08 0.000000000000000000e+00 0.000000000000000000e+00 8.949874108685649254e-01 8.949874108685649254e-01
1.010499999000000093e+00 2.644267872489725058e+00 -1.000000000000000000e+00 -1.000000000000000000e+00 -2.384185793236071049e-08 -2.384185793236071049e-08 0.000000000000000000e+00 0.000000000000000000e+00 8.949874108685649254e-01 8.949874108685649254e-01
1.020499999000000102e+00 2.644267872489725058e+00 -1.000000000000000000e+00 -1.000000000000000000e+00 -2.384185793236071049e-08 -2.384185793236071049e-08 0.000000000000000000e+00 0.000000000000000000e+00 8.949874108685649254e-01 8.949874108685649254e-01
1.030499999000000111e+00 2.644267872489725058e+00 -1.000000000000000000e+00 -1.000000000000000000e+00 -2.384185793236071049e-08 -2.384185793236071049e-08 0.000000000000000000e+00 0.000000000000000000e+00 8.949874108685649254e-01 8.949874108685649254e-01
1.040499999000000120e+00 2.644267872489725058e+00 -1.000000000000000000e+00 -1.000000000000000000e+00 -2.384185793236071049e-08 -2.384185793236071049e-08 0.000000000000000000e+00 0.000000000000000000e+00 8.949874108685649254e-01 8.949874108685649254e-01
1.050499999000000129e+00 2.644267872489725058e+00 -1.000000000000000000e+00 -1.000000000000000000e+00 -2.384185793236071049e-08 -2.384185793236071049e-08 0.000000000000000000e+00 0.000000000000000000e+00 8.949874108685649254e-01 8.949874108685649254e-01
1.060499999000000138e+00 2.644267872489725058e+00 -1.000000000000000000e+00 -1.000000000000000000e+00 -2.384185793236071049e-08 -2.384185793236071049e-08 0.000000000000000000e+00 0.000000000000000000e+00 8.949874108685649254e-01 8.949874108685649254e-01
1.070499999000000146e+00 2.644267872489725058e+00 -1.000000000000000000e+00 -1.000000000000000000e+00 -2.384185793236071049e-08 -2.384185793236071049e-08 0.000000000000000000e+00 0.000000000000000000e+00 8.949874108685649254e-01 8.949874108685649254e-01
1.080499999000000155e+00 2.644267872489725058e+00 -1.000000000000000000e+00 -1.000000000000000000e+00 -2.384185793236071049e-08 -2.384185793236071049e-08 0.000000000000000000e+00 0.000000000000000000e+00 8.949874108685649254e-01 8.949874108685649254e-01
1.090499999000000164e+00 2.644267872489725058e+00 -1.000000000000000000e+00 -1.000000000000000000e+00 -2.384185793236071049e-08 -2.384185793236071049e-08 0.000000000000000000e+00 0.000000000000000000e+00 8.949874108685649254e-01 8.949874108685649254e-01
1.100499999000000173e+00 2.644267872489725058e+00 -1.000000000000000000e+00 -1.000000000000000000e+00 -2.384185793236071049e-08 -2.384185793236071049e-08 0.000000000000000000e+00 0.000000000000000000e+00 8.949874108685649254e-01 8.949874108685649254e-01
1.110499998999999960e+00 2.644267872489725058e+00 -1.000000000000000000e+00 -1.000000000000000000e+00 -2.384185793236071049e-08 -2.384185793236071049e-08 0.000000000000000000e+00 0.000000000000000000e+00 8.949874108685649254e-01 8.949874108685649254e-01
1.120499998999999969e+00 2.644267872489725058e+00 -1.000000000000000000e+00 -1.000000000000000000e+00 -2.384185793236071049e-08 -2.384185793236071049e-08 0.000000000000000000e+00 0.000000000000000000e+00 8.949874108685649254e-01 8.949874108685649254e-01
1.130499998999999978e+00 2.644267872489725058e+00 -1.000000000000000000e+00 -1.000000000000000000e+00 -2.384185793236071049e-08 -2.384185793236071049e-08 0.000000000000000000e+00 0.000000000000000000e+00 8.949874108685649254e-01 8.949874108685649254e-01
1.140499998999999987e+00 2.644267872489725058e+00 -1.000000000000000000e+00 -1.000000000000000000e+00 -2.384185793236071049e-08 -2.384185793236071049e-08 0.000000000000000000e+00 0.000000000000000000e+00 8.949874108685649254e-01 8.949874108685649254e-01
1.150499998999999995e+00 2.644267872489725058e+00 -1.000000000000000000e+00 -1.000000000000000000e+00 -2.384185793236071049e-08 -2.384185793236071049e-08 0.000000000000000000e+00 0.000000000000000000e+00 8.949874108685649254e-01 8.949874108685649254e-01
1.160499999000000004e+00 2.644267872489725058e+00 -1.000000000000000000e+00 -1.000000000000000000e+00 -2.384185793236071049e-08 -2.384185793236071049e-08 0.000000000000000000e+00 0.000000000000000000e+00 8.949874108685649254e-01 8.949874108685649254e-01
1.170499999000000013e+00 2.644267872489725058e+00 -1.000000000000000000e+00 -1.000000000000000000e+00 -2.384185793236071049e-08 -2.384185793236071049e-08 0.000000000000000000e+00 0.000000000000000000e+00 8.949874108685649254e-01 8.949874108685649254e-01
1.180499999000000022e+00 2.644267872489725058e+00 -1.000000000000000000e+00 -1.000000000000000000e+00 -2.384185793236071049e-08 -2.384185793236071049e-08 0.000000000000000000e+00 0.000000000000000000e+00 8.949874108685649254e-01 8.949874108685649254e-01
1.190499999000000031e+00 2.644267872489725058e+00 -1.000000000000000000e+00 -1.000000000000000000e+00 -2.384185793236071049e-08 -2.384185793236071049e-08 0.000000000000000000e+00 0.000000000000000000e+00 8.949874108685649254e-01 8.949874108685649254e-01
1.200499999000000040e+00 2.644267872489725058e+00 -1.000000000000000000e+00 -1.000000000000000000e+00 -2.384185793236071049e-08 -2.384185793236071049e-08 0.000000000000000000e+00 0.000000000000000000e+00 8.949874108685649254e-01 8.949874108685649254e-01
1.210499999000000049e+00 2.644267872489725058e+00 -1.000000000000000000e+00 -1.000000000000000000e+00 -2.384185793236071049e-08 -2.384185793236071049e-08 0.000000000000000000e+00 0.000000000000000000e+00 8.949874108685649254e-01 8.949874108685649254e-01
1.220499999000000058e+00 2.644267872489725058e+00 -1.000000000000000000e+00 -1.000000000000000000e+00 -2.384185793236071049e-08 -2.384185793236071049e-08 0.000000000000000000e+00 0.000000000000000000e+00 8.949874108685649254e-01 8.949874108685649254e-01
1.230499999000000066e+00 2.644267872489725058e+00 -1.000000000000000000e+00 -1.000000000000000000e+00 -2.384185793236071049e-08 -2.384185793236071049e-08 0.000000000000000000e+00 0.000000000000000000e+00 8.949874108685649254e-01 8.949874108685649254e-01
1.240499999000000075e+00 2.644267872489725058e+00 -1.000000000000000000e+00 -1.000000000000000000e+00 -2.384185793236071049e-08 -2.384185793236071049e-08 0.000000000000000000e+00 0.000000000000000000e+00 8.949874108685649254e-01 8.949874108685649254e-01
1.250499999000000084e+00 2.644267872489725058e+00 -1.000000000000000000e+00 -1.000000000000000000e+00 -2.384185793236071049e-08 -2.384185793236071049e-08 0.000000000000000000e+00 0.000000000000000000e+00 8.949874108685649254e-01 8.949874108685649254e-01
1.260499999000000093e+00 2.644267872489725058e+00 -1.000000000000000000e+00 -1.000000000000000000e+00 -2.384185793236071049e-08 -2.384185793236071049e-08 0.000000000000000000e+00 0.000000000000000000e+00 8.949874108685649254e-01 8.949874108685649254e-01
1.270499999000000102e+00 2.644267872489725058e+00 -1.000000000000000000e+00 -1.000000000000000000e+00 -2.384185793236071049e-08 -2.384185793236071049e-08 0.000000000000000000e+00 0.000000000000000000e+00 8.949874108685649254e-01 8.949874108685649254e-01
1.280499999000000111e+00 2.644267872489725058e+00 -1.000000000000000000e+00 -1.000000000000000000e+00 -2.384185793236071049e-08 -2.384185793236071049e-08 0.000000000000000000e+00 0.000000000000000000e+00 8.949874108685649254e-01 8.949874108685649254e-01
1.290499999000000120e+00 2.644267872489725058e+00 -1.000000000000000000e+00 -1.000000000000000000e+00 -2.384185793236071049e-08 -2.384185793236071049e-08 0.000000000000000000e+00 0.000000000000000000e+00 8.949874108685649254e-01 8.949874108685649254e-01
1.300499999000000129e+00 2.644267872489725058e+00 -1.000000000000000000e+00 -1.000000000000000000e+00 -2.384185793236071049e-08 -2.384185793236071049e-08 0.000000000000000000e+00 0.000000000000000000e+00 8.949874108685649254e-01 8.949874108685649254e-01
1.310499999000000138e+00 2.644267872489725058e+00 -1.000000000000000000e+00 -1.000000000000000000e+00 -2.384185793236071049e-08 -2.384185793236071049e-08 0.000000000000000000e+00 0.000000000000000000e+00 8.949874108685649254e-01 8.949874108685649254e-01
1.320499999000000146e+00 2.644267872489725058e+00 -1.000000000000000000e+00 -1.000000000000000000e+00 -2.384185793236071049e-08 -2.384185793236071049e-08 0.000000000000000000e+00 0.000000000000000000e+00 8.949874108685649254e-01 8.949874108685649254e-01
1.330499999000000155e+00 2.644267872489725058e+00 -1.000000000000000000e+00 -1.000000000000000000e+00 -2.384185793236071049e-08 -2.384185793236071049e-08 0.000000000000000000e+00 0.000000000000000000e+00 8.949874108685649254e-01 8.949874108685649254e-01
1.340499999000000164e+00 2.644267872489725058e+00 -1.000000000000000000e+00 -1.000000000000000000e+00 -2.384185793236071049e-08 -2.384185793236071049e-08 0.000000000000000000e+00 0.000000000000000000e+00 8.949874108685649254e-01 8.949874108685649254e-01
1.350499999000000173e+00 2.644267872489725058e+00 -1.000000000000000000e+00 -1.000000000000000000e+00 -2.384185793236071049e-08 -2.384185793236071049e-08 0.000000000000000000e+00 0.000000000000000000e+00 8.949874108685649254e-01 8.949874108685649254e-01
1.360499999000000182e+00 2.644267872489725058e+00 -1.000000000000000000e+00 -1.000000000000000000e+00 -2.384185793236071049e-08 -2.384185793236071049e-08 0.000000000000000000e+00 0.000000000000000000e+00 8.949874108685649254e-01 8.949874108685649254e-01
1.370499999000000191e+00 2.644267872489725058e+00 -1.000000000000000000e+00 -1.000000000000000000e+00 -2.384185793236071049e-08 -2.384185793236071049e-08 0.000000000000000000e+00 0.000000000000000000e+00 8.949874108685649254e-01 8.949874108685649254e-01
1.380499998999999978e+00 2.644267872489725058e+00 -1.000000000000000000e+00 -1.000000000000000000e+00 -2.384185793236071049e-08 -2.384185793236071049e-08 0.000000000000000000e+00 0.000000000000000000e+00 8.949874108685649254e-01 8.949874108685649254e-01
1.390499998999999987e+00 2.644267872489725058e+00 -1.000000000000000000e+00 -1.000000000000000000e+00 -2.384185793236071049e-08 -2.384185793236071049e-08 0.000000000000000000e+00 0.000000000000000000e+00 8.949874108685649254e-01 8.949874108685649254e-01
1.400499998999999995e+00 2.644267872489725058e+00 -1.000000000000000000e+00 -1.000000000000000000e+00 -2.384185793236071049e-08 -2.384185793236071049e-08 0.000000000000000000e+00 0.000000000000000000e+00 8.949874108685649254e-01 8.949874108685649254e-01
1.410499999000000004e+00 2.644267872489725058e+00 -1.000000000000000000e+00 -1.000000000000000000e+00 -2.384185793236071049e-08 -2.384185793236071049e-08 0.000000000000000000e+00 0.000000000000000000e+00 8.949874108685649254e-01 8.949874108685649254e-01
1.420499999000000013e+00 2.644267872489725058e+00 -1.000000000000000000e+00 -1.000000000000000000e+00 -2.384185793236071049e-08 -2.384185793236071049e-08 0.000000000000000000e+00 0.000000000000000000e+00 8.949874108685649254e-01 8.949874108685649254e-01
1.430499999000000022e+00 2.644267872489725058e+00 -1.000000000000000000e+00 -1.000000000000000000e+00 -2.384185793236071049e-08 -2.384185793236071049e-08 0.000000000000000000e+00 0.000000000000000000e+00 8.949874108685649254e-01 8.949874108685649254e-01
1.440499999000000031e+00 2.644267872489725058e+00 -1.000000000000000000e+00 -1.000000000000000000e+00 -2.384185793236071049e-08 -2.384185793236071049e-08 0.000000000000000000e+00 0.000000000000000000e+00 8.949874108685649254e-01 8.949874108685649254e-01
1.450499999000000040e+00 2.644267872489725058e+00 -1.000000000000000000e+00 -1.000000000000000000e+00 -2.384185793236071049e-08 -2.384185793236071049e-08 0.000000000000000000e+00 0.000000000000000000e+00 8.949874108685649254e-01 8.949874108685649254e-01
1.460499999000000049e+00 2.644267872489725058e+00 -1.000000000000000000e+00 -1.000000000000000000e+00 -2.384185793236071049e-08 -2.384185793236071049e-08 0.000000000000000000e+00 0.000000000000000000e+00 8.949874108685649254e-01 8.949874108685649254e-01
1.470499999000000058e+00 2.644267872489725058e+00 -1.000000000000000000e+00 -1.000000000000000000e+00 -2.384185793236071049e-08 -2.384185793236071049e-08 0.000000000000000000e+00 0.000000000000000000e+00 8.949874108685649254e-01 8.949874108685649254e-01
1.480499999000000066e+00 2.644267872489725058e+00 -1.000000000000000000e+00 -1.000000000000000000e+00 -2.384185793236071049e-08 -2.384185793236071049e-08 0.000000000000000000e+00 0.000000000000000000e+00 8.949874108685649254e-01 8.949874108685649254e-01
1.490499999000000075e+00 2.644267872489725058e+00 -1.000000000000000000e+00 -1.000000000000000000e+00 -2.384185793236071049e-08 -2.384185793236071049e-08 0.000000000000000000e+00 0.000000000000000000e+00 8.949874108685649254e-01 8.949874108685649254e-01
1.500499999000000084e+00 2.644267872489725058e+00 -1.000000000000000000e+00 -1.000000000000000000e+00 -2.384185793236071049e-08 -2.384185793236071049e-08 0.000000000000000000e+00 0.000000000000000000e+00 8.949874108685649254e-01 8.949874108685649254e-01
1.510499999000000093e+00 2.644267872489725058e+00 -1.000000000000000000e+00 -1.000000000000000000e+00 -2.384185793236071049e-08 -2.384185793236071049e-08 0.000000000000000000e+00 0.000000000000000000e+00 8.949874108685649254e-01 8.949874108685649254e-01
1.520499999000000102e+00 2.644267872489725058e+00 -1.000000000000000000e+00 -1.000000000000000000e+00 -2.384185793236071049e-08 -2.384185793236071049e-08 0.000000000000000000e+00 0.000000000000000000e+00 8.949874108685649254e-01 8.949874108685649254e-01
1.530499999000000111e+00 2.644267872489725058e+00 -1.000000000000000000e+00 -1.000000000000000000e+00 -2.384185793236071049e-08 -2.384185793236071049e-08 0.000000000000000000e+00 0.000000000000000000e+00 8.949874108685649254e-01 8.949874108685649254e-01
1.540499999000000120e+00 2.644267872489725058e+00 -1.000000000000000000e+00 -1.000000000000000000e+00 -2.384185793236071049e-08 -2.384185793236071049e-08 0.000000000000000000e+00 0.000000000000000000e+00 8.949874108685649254e-01 8.949874108685649254e-01
1.550499999000000129e+00 2.644267872489725058e+00 -1.000000000000000000e+00 -1.000000000000000000e+00 -2.384185793236071049e-08 -2.384185793236071049e-08 0.000000000000000000e+00 0.000000000000000000e+00 8.949874108685649254e-01 8.949874108685649254e-01
1.560499999000000138e+00 2.644267872489725058e+00 -1.000000000000000000e+00 -1.000000000000000000e+00 -2.384185793236071049e-08 -2.384185793236071049e-08 0.000000000000000000e+00 0.000000000000000000e+00 8.949874108685649254e-01 8.949874108685649254e-01
1.570499999000000146e+00 2.644267872489725058e+00 -1.000000000000000000e+00 -1.000000000000000000e+00 -2.384185793236071049e-08 -2.384185793236071049e-08 0.000000000000000000e+00 0.000000000000000000e+00 8.949874108685649254e-01 8.949874108685649254e-01
1.580499999000000155e+00 2.644267872489725058e+00 -1.000000000000000000e+00 -1.000000000000000000e+00 -2.384185793236071049e-08 -2.384185793236071049e-08 0.000000000000000000e+00 0.000000000000000000e+00 8.949874108685649254e-01 8.949874108685649254e-01
1.590499999000000164e+00 2.644267872489725058e+00 -1.000000000000000000e+00 -1.000000000000000000e+00 -2.384185793236071049e-08 -2.384185793236071049e-08 0.000000000000000000e+00 0.000000000000000000e+00 8.949874108685649254e-01 8.949874108685649254e-01
1.600499999000000173e+00 2.644267872489725058e+00 -1.000000000000000000e+00 -1.000000000000000000e+00 -2.384185793236071049e-08 -2.384185793236071049e-08 0.000000000000000000e+00 0.000000000000000000e+00 8.949874108685649254e-01 8.949874108685649254e-01
1.610499999000000182e+00 2.644267872489725058e+00 -1.000000000000000000e+00 -1.000000000000000000e+00 -2.384185793236071049e-08 -2.384185793236071049e-08 0.000000000000000000e+00 0.000000000000000000e+00 8.949874108685649254e-01 8.949874108685649254e-01
1.620499999000000191e+00 2.644267872489725058e+00 -1.000000000000000000e+00 -1.000000000000000000e+00 -2.384185793236071049e-08 -2.384185793236071049e-08 0.000000000000000000e+00 0.000000000000000000e+00 8.949874108685649254e-01 8.949874108685649254e-01
1.630499999000000200e+00 2.644267872489725058e+00 -1.000000000000000000e+00 -1.000000000000000000e+00 -2.384185793236071049e-08 -2.384185793236071049e-08 0.000000000000000000e+00 0.000000000000000000e+00 8.949874108685649254e-01 8.949874108685649254e-01
1.640499999000000209e+00 2.644267872489725058e+00 -1.000000000000000000e+00 -1.000000000000000000e+00 -2.384185793236071049e-08 -2.384185793236071049e-08 0.000000000000000000e+00 0.000000000000000000e+00 8.949874108685649254e-01 8.949874108685649254e-01
1.650499998999999995e+00 2.644267872489725058e+00 -1.000000000000000000e+00 -1.000000000000000000e+00 -2.384185793236071049e-08 -2.384185793236071049e-08 0.000000000000000000e+00 0.000000000000000000e+00 8.949874108685649254e-01 8.949874108685649254e-01
1.660499999000000004e+00 2.644267872489725058e+00 -1.000000000000000000e+00 -1.000000000000000000e+00 -2.384185793236071049e-08 -2.384185793236071049e-08 0.000000000000000000e+00 0.000000000000000000e+00 8.949874108685649254e-01 8.949874108685649254e-01
1.670499999000000013e+00 2.644267872489725058e+00 -1.000000000000000000e+00 -1.000000000000000000e+00 -2.384185793236071049e-08 -2.384185793236071049e-08 0.000000000000000000e+00 0.000000000000000000e+00 8.949874108685649254e-01 8.949874108685649254e-01
1.680499999000000022e+00 2.644267872489725058e+00 -1.000000000000000000e+00 -1.000000000000000000e+00 -2.384185793236071049e-08 -2.384185793236071049e-08 0.000000000000000000e+00 0.000000000000000000e+00 8.949874108685649254e-01 8.949874108685649254e-01
1.690499999000000031e+00 2.644267872489725058e+00 -1.000000000000000000e+00 -1.000000000000000000e+00 -2.384185793236071049e-08 -2.384185793236071049e-08 0.000000000000000000e+00 0.000000000000000000e+00 8.949874108685649254e-01 8.949874108685649254e-01
1.700499999000000040e+00 2.644267872489725058e+00 -1.000000000000000000e+00 -1.000000000000000000e+00 -2.384185793236071049e-08 -2.384185793236071049e-08 0.000000000000000000e+00 0.000000000000000000e+00 8.949874108685649254e-01 8.949874108685649254e-01
1.710499999000000049e+00 2.644267872489725058e+00 -1.000000000000000000e+00 -1.000000000000000000e+00 -2.384185793236071049e-08 -2.384185793236071049e-08 0.000000000000000000e+00 0.000000000000000000e+00 8.949874108685649254e-01 8.949874108685649254e-01
1.720499999000000058e+00 2.644267872489725058e+00 -1.000000000000000000e+00 -1.000000000000000000e+00 -2.384185793236071049e-08 -2.384185793236071049e-08 0.000000000000000000e+00 0.000000000000000000e+00 8.949874108685649254e-01 8.949874108685649254e-01
1.730499999000000066e+00 2.644267872489725058e+00 -1.000000000000000000e+00 -1.000000000000000000e+00 -2.384185793236071049e-08 -2.384185793236071049e-08 0.000000000000000000e+00 0.000000000000000000e+00 8.949874108685649254e-01 8.949874108685649254e-01
1.740499999000000075e+00 2.644267872489725058e+00 -1.000000000000000000e+00 -1.000000000000000000e+00 -2.384185793236071049e-08 -2.384185793236071049e-08 0.000000000000000000e+00 0.000000000000000000e+00 8.949874108685649254e-01 8.949874108685649254e-01
1.750499999000000084e+00 2.644267872489725058e+00 -1.000000000000000000e+00 -1.000000000000000000e+00 -2.384185793236071049e-08 -2.384185793236071049e-08 0.000000000000000000e+00 0.000000000000000000e+00 8.949874108685649254e-01 8.949874108685649254e-01
1.760499999000000093e+00 2.644267872489725058e+00 -1.000000000000000000e+00 -1.000000000000000000e+00 -2.384185793236071049e-08 -2.384185793236071049e-08 0.000000000000000000e+00 0.000000000000000000e+00 8.949874108685649254e-01 8.949874108685649254e-01
1.770499999000000102e+00 2.644267872489725058e+00 -1.000000000000000000e+00 -1.000000000000000000e+00 -2.384185793236071049e-08 -2.384185793236071049e-08 0.000000000000000000e+00 0.000000000000000000e+00 8.949874108685649254e-01 8.949874108685649254e-01
1.780499999000000111e+00 2.644267872489725058e+00 -1.000000000000000000e+00 -1.000000000000000000e+00 -2.384185793236071049e-08 -2.384185793236071049e-08 0.000000000000000000e+00 0.000000000000000000e+00 8.949874108685649254e-01 8.949874108685649254e-01
1.790499999000000120e+00 2.644267872489725058e+00 -1.000000000000000000e+00 -1.000000000000000000e+00 -2.384185793236071049e-08 -2.384185793236071049e-08 0.000000000000000000e+00 0.000000000000000000e+00 8.949874108685649254e-01 8.949874108685649254e-01
1.800499999000000129e+00 2.644267872489725058e+00 -1.000000000000000000e+00 -1.000000000000000000e+00 -2.384185793236071049e-08 -2.384185793236071049e-08 0.000000000000000000e+00 0.000000000000000000e+00 8.949874108685649254e-01 8.949874108685649254e-01
1.810499999000000138e+00 2.644267872489725058e+00 -1.000000000000000000e+00 -1.000000000000000000e+00 -2.384185793236071049e-08 -2.384185793236071049e-08 0.000000000000000000e+00 0.000000000000000000e+00 8.949874108685649254e-01 8.949874108685649254e-01
1.820499999000000146e+00 2.644267872489725058e+00 -1.000000000000000000e+00 -1.000000000000000000e+00 -2.384185793236071049e-08 -2.384185793236071049e-08 0.000000000000000000e+00 0.000000000000000000e+00 8.949874108685649254e-01 8.949874108685649254e-01
1.830499999000000155e+00 2.644267872489725058e+00 -1.000000000000000000e+00 -1.000000000000000000e+00 -2.384185793236071049e-08 -2.384185793236071049e-08 0.000000000000000000e+00 0.000000000000000000e+00 8.949874108685649254e-01 8.949874108685649254e-01
1.840499999000000164e+00 2.644267872489725058e+00 -1.000000000000000000e+00 -1.000000000000000000e+00 -2.384185793236071049e-08 -2.384185793236071049e-08 0.000000000000000000e+00 0.000000000000000000e+00 8.949874108685649254e-01 8.949874108685649254e-01
1.850499999000000173e+00 2.644267872489725058e+00 -1.000000000000000000e+00 -1.000000000000000000e+00 -2.384185793236071049e-08 -2.384185793236071049e-08 0.000000000000000000e+00 0.000000000000000000e+00 8.949874108685649254e-01 8.949874108685649254e-01
1.860499999000000182e+00 2.644267872489725058e+00 -1.000000000000000000e+00 -1.000000000000000000e+00 -2.384185793236071049e-08 -2.384185793236071049e-08 0.000000000000000000e+00 0.000000000000000000e+00 8.949874108685649254e-01 8.949874108685649254e-01
1.870499999000000191e+00 2.644267872489725058e+00 -1.000000000000000000e+00 -1.000000000000000000e+00 -2.384185793236071049e-08 -2.384185793236071049e-08 0.000000000000000000e+00 0.000000000000000000e+00 8.949874108685649254e-01 8.949874108685649254e-01
1.880499999000000200e+00 2.644267872489725058e+00 -1.000000000000000000e+00 -1.000000000000000000e+00 -2.384185793236071049e-08 -2.384185793236071049e-08 0.000000000000000000e+00 0.000000000000000000e+00 8.949874108685649254e-01 8.949874108685649254e-01
1.890499999000000209e+00 2.644267872489725058e+00 -1.000000000000000000e+00 -1.000000000000000000e+00 -2.384185793236071049e-08 -2.384185793236071049e-08 0.000000000000000000e+00 0.000000000000000000e+00 8.949874108685649254e-01 8.949874108685649254e-01
1.900499999000000217e+00 2.644267872489725058e+00 -1.000000000000000000e+00 -1.000000000000000000e+00 -2.384185793236071049e-08 -2.384185793236071049e-08 0.000000000000000000e+00 0.000000000000000000e+00 8.949874108685649254e-01 8.949874108685649254e-01
1.910499999000000226e+00 2.644267872489725058e+00 -1.000000000000000000e+00 -1.000000000000000000e+00 -2.384185793236071049e-08 -2.384185793236071049e-08 0.000000000000000000e+00 0.000000000000000000e+00 8.949874108685649254e-01 8.949874108685649254e-01
1.920499999000000013e+00 2.644267872489725058e+00 -1.000000000000000000e+00 -1.000000000000000000e+00 -2.384185793236071049e-08 -2.384185793236071049e-08 0.000000000000000000e+00 0.000000000000000000e+00 8.949874108685649254e-01 8.949874108685649254e-01
1.930499999000000022e+00 2.644267872489725058e+00 -1.000000000000000000e+00 -1.000000000000000000e+00 -2.384185793236071049e-08 -2.384185793236071049e-08 0.000000000000000000e+00 0.000000000000000000e+00 8.949874108685649254e-01 8.949874108685649254e-01
1.940499999000000031e+00 2.644267872489725058e+00 -1.000000000000000000e+00 -1.000000000000000000e+00 -2.384185793236071049e-08 -2.384185793236071049e-08 0.000000000000000000e+00 0.000000000000000000e+00 8.949874108685649254e-01 8.949874108685649254e-01
1.950499999000000040e+00 2.644267872489725058e+00 -1.000000000000000000e+00 -1.000000000000000000e+00 -2.384185793236071049e-08 -2.384185793236071049e-08 0.000000000000000000e+00 0.000000000000000000e+00 8.949874108685649254e-01 8.949874108685649254e-01
1.960499999000000049e+00 2.644267872489725058e+00 -1.000000000000000000e+00 -1.000000000000000000e+00 -2.384185793236071049e-08 -2.384185793236071049e-08 0.000000000000000000e+00 0.000000000000000000e+00 8.949874108685649254e-01 8.949874108685649254e-01
1.970499999000000058e+00 2.644267872489725058e+00 -1.000000000000000000e+00 -1.000000000000000000e+00 -2.384185793236071049e-08 -2.384185793236071049e-08 0.000000000000000000e+00 0.000000000000000000e+00 8.949874108685649254e-01 8.949874108685649254e-01
1.980499999000000066e+00 2.644267872489725058e+00 -1.000000000000000000e+00 -1.000000000000000000e+00 -2.384185793236071049e-08 -2.384185793236071049e-08 0.000000000000000000e+00 0.000000000000000000e+00 8.949874108685649254e-01 8.949874108685649254e-01
1.990499999000000075e+00 2.644267872489725058e+00 -1.000000000000000000e+00 -1.000000000000000000e+00 -2.384185793236071049e-08 -2.384185793236071049e-08 0.000000000000000000e+00 0.000000000000000000e+00 8.949874108685649254e-01 8.949874108685649254e-01
2.000499999000000084e+00 2.644267872489725058e+00 -1.000000000000000000e+00 -1.000000000000000000e+00 -2.384185793236071049e-08 -2.384185793236071049e-08 0.000000000000000000e+00 0.000000000000000000e+00 8.949874108685649254e-01 8.949874108685649254e-01
2.010499999000000315e+00 2.644267872489725058e+00 -1.000000000000000000e+00 -1.000000000000000000e+00 -2.384185793236071049e-08 -2.384185793236071049e-08 0.000000000000000000e+00 0.000000000000000000e+00 8.949874108685649254e-01 8.949874108685649254e-01
2.020499999000000102e+00 2.644267872489725058e+00 -1.000000000000000000e+00 -1.000000000000000000e+00 -2.384185793236071049e-08 -2.384185793236071049e-08 0.000000000000000000e+00 0.000000000000000000e+00 8.949874108685649254e-01 8.949874108685649254e-01
2.030499999000000333e+00 2.644267872489725058e+00 -1.000000000000000000e+00 -1.000000000000000000e+00 -2.384185793236071049e-08 -2.384185793236071049e-08 0.000000000000000000e+00 0.000000000000000000e+00 8.949874108685649254e-01 8.949874108685649254e-01
2.040499999000000120e+00 2.644267872489725058e+00 -1.000000000000000000e+00 -1.000000000000000000e+00 -2.384185793236071049e-08 -2.384185793236071049e-08 0.000000000000000000e+00 0.000000000000000000e+00 8.949874108685649254e-01 8.949874108685649254e-01
2.050499998999999907e+00 2.644267872489725058e+00 -1.000000000000000000e+00 -1.000000000000000000e+00 -2.384185793236071049e-08 -2.384185793236071049e-08 0.000000000000000000e+00 0.000000000000000000e+00 8.949874108685649254e-01 8.949874108685649254e-01
2.060499999000000138e+00 2.644267872489725058e+00 -1.000000000000000000e+00 -1.000000000000000000e+00 -2.384185793236071049e-08 -2.384185793236071049e-08 0.000000000000000000e+00 0.000000000000000000e+00 8.949874108685649254e-01 8.949874108685649254e-01
2.070499998999999924e+00 2.644267872489725058e+00 -1.000000000000000000e+00 -1.000000000000000000e+00 -2.384185793236071049e-08 -2.384185793236071049e-08 0.000000000000000000e+00 0.000000000000000000e+00 8.949874108685649254e-01 8.949874108685649254e-01
2.080499999000000155e+00 2.644267872489725058e+00 -1.000000000000000000e+00 -1.000000000000000000e+00 -2.384185793236071049e-08 -2.384185793236071049e-08 0.000000000000000000e+00 0.000000000000000000e+00 8.949874108685649254e-01 8.949874108685649254e-01
2.090499998999999942e+00 2.644267872489725058e+00 -1.000000000000000000e+00 -1.000000000000000000e+00 -2.384185793236071049e-08 -2.384185793236071049e-08 0.000000000000000000e+00 0.000000000000000000e+00 8.949874108685649254e-01 8.949874108685649254e-01
2.100499999000000173e+00 2.644267872489725058e+00 -1.000000000000000000e+00 -1.000000000000000000e+00 -2.384185793236071049e-08 -2.384185793236071049e-08 0.000000000000000000e+00 0.000000000000000000e+00 8.949874108685649254e-01 8.949874108685649254e-01
