2.000000000000000111e-01 1.823588924769978359e+00 1.000000000000000000e+00 0.000000000000000000e+00 0.000000000000000000e+00 0.000000000000000000e+00
2.100000000000000200e-01 1.823588924769978359e+00 1.000000000000000000e+00 0.000000000000000000e+00 0.000000000000000000e+00 0.000000000000000000e+00
2.200000000000000011e-01 1.823588924769978359e+00 1.000000000000000000e+00 0.000000000000000000e+00 0.000000000000000000e+00 0.000000000000000000e+00
2.300000000000000100e-01 1.823588924769978359e+00 1.000000000000000000e+00 0.000000000000000000e+00 0.000000000000000000e+00 0.000000000000000000e+00
2.400000000000000189e-01 1.823588924769978359e+00 1.000000000000000000e+00 0.000000000000000000e+00 0.000000000000000000e+00 0.000000000000000000e+00
2.500000000000000000e-01 1.823588924769978359e+00 1.000000000000000000e+00 0.000000000000000000e+00 0.000000000000000000e+00 0.000000000000000000e+00
2.600000000000000089e-01 1.823588924769978359e+00 1.000000000000000000e+00 0.000000000000000000e+00 0.000000000000000000e+00 0.000000000000000000e+00
2.700000000000000178e-01 1.823588924769978359e+00 1.000000000000000000e+00 0.000000000000000000e+00 0.000000000000000000e+00 0.000000000000000000e+00
2.800000000000000266e-01 1.823588924769978359e+00 1.000000000000000000e+00 0.000000000000000000e+00 0.000000000000000000e+00 0.000000000000000000e+00
2.900000000000000355e-01 1.823588924769978359e+00 1.000000000000000000e+00 0.000000000000000000e+00 0.000000000000000000e+00 0.000000000000000000e+00
3.000000000000000444e-01 1.823588924769978359e+00 1.000000000000000000e+00 0.000000000000000000e+00 0.000000000000000000e+00 0.000000000000000000e+00
3.099999999999999978e-01 1.823588924769978359e+00 1.000000000000000000e+00 0.000000000000000000e+00 0.000000000000000000e+00 0.000000000000000000e+00
3.200000000000000067e-01 1.823588924769978359e+00 1.000000000000000000e+00 0.000000000000000000e+00 0.000000000000000000e+00 0.000000000000000000e+00
3.300000000000000155e-01 1.823588924769978359e+00 1.000000000000000000e+00 0.000000000000000000e+00 0.000000000000000000e+00 0.000000000000000000e+00
3.400000000000000244e-01 1.823588924769978359e+00 1.000000000000000000e+00 0.000000000000000000e+00 0.000000000000000000e+00 0.000000000000000000e+00
3.500000000000000333e-01 1.823588924769978359e+00 1.000000000000000000e+00 0.000000000000000000e+00 0.000000000000000000e+00 0.000000000000000000e+00
3.600000000000000422e-01 1.823588924769978359e+00 1.000000000000000000e+00 0.000000000000000000e+00 0.000000000000000000e+00 0.000000000000000000e+00
3.699999999999999956e-01 1.823588924769978359e+00 1.000000000000000000e+00 0.000000000000000000e+00 0.000000000000000000e+00 0.000000000000000000e+00
3.800000000000000044e-01 1.823588924769978359e+00 1.000000000000000000e+00 0.000000000000000000e+00 0.000000000000000000e+00 0.000000000000000000e+00
3.900000000000000133e-01 1.823588924769978359e+00 1.000000000000000000e+00 0.000000000000000000e+00 0.000000000000000000e+00 0.000000000000000000e+00
4.000000000000000222e-01 1.823588924769978359e+00 1.000000000000000000e+00 0.000000000000000000e+00 0.000000000000000000e+00 0.000000000000000000e+00
4.100000000000000311e-01 1.823588924769978359e+00 1.000000000000000000e+00 0.000000000000000000e+00 0.000000000000000000e+00 0.000000000000000000e+00
4.200000000000000400e-01 1.823588924769978359e+00 1.000000000000000000e+00 0.000000000000000000e+00 0.000000000000000000e+00 0.000000000000000000e+00
4.300000000000000488e-01 1.823588924769978359e+00 1.000000000000000000e+00 0.000000000000000000e+00 0.000000000000000000e+00 0.000000000000000000e+00
4.400000000000000022e-01 1.823588924769978359e+00 1.000000000000000000e+00 0.000000000000000000e+00 0.000000000000000000e+00 0.000000000000000000e+00
4.500000000000000111e-01 1.823588924769978359e+00 1.000000000000000000e+00 0.000000000000000000e+00 0.000000000000000000e+00 0.000000000000000000e+00
4.600000000000000200e-01 1.823588924769978359e+00 1.000000000000000000e+00 0.000000000000000000e+00 0.000000000000000000e+00 0.000000000000000000e+00
4.700000000000000289e-01 1.823588924769978359e+00 1.000000000000000000e+00 0.000000000000000000e+00 0.000000000000000000e+00 0.000000000000000000e+00
4.800000000000000377e-01 1.823588924769978359e+00 1.000000000000000000e+00 0.000000000000000000e+00 0.000000000000000000e+00 0.000000000000000000e+00
4.900000000000000466e-01 1.823588924769978359e+00 1.000000000000000000e+00 0.000000000000000000e+00 0.000000000000000000e+00 0.000000000000000000e+00
5.000000000000000000e-01 1.823588924769978359e+00 1.000000000000000000e+00 0.000000000000000000e+00 0.000000000000000000e+00 0.000000000000000000e+00
5.104999989999999821e-01 1.823588924769978359e+00 1.000000000000000000e+00 0.000000000000000000e+00 0.000000000000000000e+00 0.000000000000000000e+00
5.204999989999999910e-01 1.823588924769978359e+00 1.000000000000000000e+00 0.000000000000000000e+00 0.000000000000000000e+00 0.000000000000000000e+00
5.304999989999999999e-01 1.823588924769978359e+00 1.000000000000000000e+00 0.000000000000000000e+00 0.000000000000000000e+00 0.000000000000000000e+00
5.404999990000000087e-01 1.823588924769978359e+00 1.000000000000000000e+00 0.000000000000000000e+00 0.000000000000000000e+00 0.000000000000000000e+00
5.504999990000000176e-01 1.823588924769978359e+00 1.000000000000000000e+00 0.000000000000000000e+00 0.000000000000000000e+00 0.000000000000000000e+00
5.604999990000000265e-01 1.823588924769978359e+00 1.000000000000000000e+00 0.000000000000000000e+00 0.000000000000000000e+00 0.000000000000000000e+00
5.704999990000000354e-01 1.823588924769978359e+00 1.000000000000000000e+00 0.000000000000000000e+00 0.000000000000000000e+00 0.000000000000000000e+00
5.804999990000000443e-01 1.823588924769978359e+00 1.000000000000000000e+00 0.000000000000000000e+00 0.000000000000000000e+00 0.000000000000000000e+00
5.904999990000000532e-01 1.823588924769978359e+00 1.000000000000000000e+00 0.000000000000000000e+00 0.000000000000000000e+00 0.000000000000000000e+00
6.004999990000000620e-01 1.823588924769978359e+00 1.000000000000000000e+00 0.000000000000000000e+00 0.000000000000000000e+00 0.000000000000000000e+00
6.104999990000000709e-01 1.823588924769978359e+00 1.000000000000000000e+00 0.000000000000000000e+00 0.000000000000000000e+00 0.000000000000000000e+00
6.204999990000000798e-01 1.823588924769978359e+00 1.000000000000000000e+00 0.000000000000000000e+00 0.000000000000000000e+00 0.000000000000000000e+00
6.304999990000000887e-01 1.823588924769978359e+00 1.000000000000000000e+00 0.000000000000000000e+00 0.000000000000000000e+00 0.000000000000000000e+00
6.404999989999999865e-01 1.823588924769978359e+00 1.000000000000000000e+00 0.000000000000000000e+00 0.000000000000000000e+00 0.000000000000000000e+00
6.504999989999999954e-01 1.823588924769978359e+00 1.000000000000000000e+00 0.000000000000000000e+00 0.000000000000000000e+00 0.000000000000000000e+00
6.604999990000000043e-01 1.823588924769978359e+00 1.000000000000000000e+00 0.000000000000000000e+00 0.000000000000000000e+00 0.000000000000000000e+00
6.704999990000000132e-01 1.823588924769978359e+00 1.000000000000000000e+00 0.000000000000000000e+00 0.000000000000000000e+00 0.000000000000000000e+00
6.804999990000000221e-01 1.823588924769978359e+00 1.000000000000000000e+00 0.000000000000000000e+00 0.000000000000000000e+00 0.000000000000000000e+00
6.904999990000000309e-01 1.823588924769978359e+00 1.000000000000000000e+00 0.000000000000000000e+00 0.000000000000000000e+00 0.000000000000000000e+00
7.004999990000000398e-01 1.823588924769978359e+00 1.000000000000000000e+00 0.000000000000000000e+00 0.000000000000000000e+00 0.000000000000000000e+00
7.104999990000000487e-01 1.823588924769978359e+00 1.000000000000000000e+00 0.000000000000000000e+00 0.000000000000000000e+00 0.000000000000000000e+00
7.204999990000000576e-01 1.823588924769978359e+00 1.000000000000000000e+00 0.000000000000000000e+00 0.000000000000000000e+00 0.000000000000000000e+00
7.304999990000000665e-01 1.823588924769978359e+00 1.000000000000000000e+00 0.000000000000000000e+00 0.000000000000000000e+00 0.000000000000000000e+00
7.404999990000000754e-01 1.823588924769978359e+00 1.000000000000000000e+00 0.000000000000000000e+00 0.000000000000000000e+00 0.000000000000000000e+00
7.504999990000000842e-01 1.823588924769978359e+00 1.000000000000000000e+00 0.000000000000000000e+00 0.000000000000000000e+00 0.000000000000000000e+00
7.604999990000000931e-01 1.823588924769978359e+00 1.000000000000000000e+00 0.000000000000000000e+00 0.000000000000000000e+00 0.000000000000000000e+00
7.704999990000001020e-01 1.823588924769978359e+00 1.000000000000000000e+00 0.000000000000000000e+00 0.000000000000000000e+00 0.000000000000000000e+00
7.804999989999999999e-01 1.823588924769978359e+00 1.000000000000000000e+00 0.000000000000000000e+00 0.000000000000000000e+00 0.000000000000000000e+00
7.904999990000000087e-01 1.823588924769978359e+00 1.000000000000000000e+00 0.000000000000000000e+00 0.000000000000000000e+00 0.000000000000000000e+00
8.004999990000000176e-01 1.823588924769978359e+00 1.000000000000000000e+00 0.000000000000000000e+00 0.000000000000000000e+00 0.000000000000000000e+00
8.104999990000000265e-01 1.823588924769978359e+00 1.000000000000000000e+00 0.000000000000000000e+00 0.000000000000000000e+00 0.000000000000000000e+00
8.204999990000000354e-01 1.823588924769978359e+00 1.000000000000000000e+00 0.000000000000000000e+00 0.000000000000000000e+00 0.000000000000000000e+00
8.304999990000000443e-01 1.823588924769978359e+00 1.000000000000000000e+00 0.000000000000000000e+00 0.000000000000000000e+00 0.000000000000000000e+00
8.404999990000000532e-01 1.823588924769978359e+00 1.000000000000000000e+00 0.000000000000000000e+00 0.000000000000000000e+00 0.000000000000000000e+00
8.504999990000000620e-01 1.823588924769978359e+00 1.000000000000000000e+00 0.000000000000000000e+00 0.000000000000000000e+00 0.000000000000000000e+00
8.604999990000000709e-01 1.823588924769978359e+00 1.000000000000000000e+00 0.000000000000000000e+00 0.000000000000000000e+00 0.000000000000000000e+00
8.704999990000000798e-01 1.823588924769978359e+00 1.000000000000000000e+00 0.000000000000000000e+00 0.000000000000000000e+00 0.000000000000000000e+00
8.804999990000000887e-01 1.823588924769978359e+00 1.000000000000000000e+00 0.000000000000000000e+00 0.000000000000000000e+00 0.000000000000000000e+00
8.904999990000000976e-01 1.823588924769978359e+00 1.000000000000000000e+00 0.000000000000000000e+00 0.000000000000000000e+00 0.000000000000000000e+00
9.004999990000001064e-01 1.823588924769978359e+00 1.000000000000000000e+00 0.000000000000000000e+00 0.000000000000000000e+00 0.000000000000000000e+00
9.104999990000000043e-01 1.823588924769978359e+00 1.000000000000000000e+00 0.000000000000000000e+00 0.000000000000000000e+00 0.000000000000000000e+00
9.204999990000000132e-01 1.823588924769978359e+00 1.000000000000000000e+00 0.000000000000000000e+00 0.000000000000000000e+00 0.000000000000000000e+00
9.304999990000000221e-01 1.823588924769978359e+00 1.000000000000000000e+00 0.000000000000000000e+00 0.000000000000000000e+00 0.000000000000000000e+00
9.404999990000000309e-01 1.823588924769978359e+00 1.000000000000000000e+00 0.000000000000000000e+00 0.000000000000000000e+00 0.000000000000000000e+00
9.504999990000000398e-01 1.823588924769978359e+00 1.000000000000000000e+00 0.000000000000000000e+00 0.000000000000000000e+00 0.000000000000000000e+00
9.604999990000000487e-01 1.823588924769978359e+00 1.000000000000000000e+00 0.000000000000000000e+00 0.000000000000000000e+00 0.000000000000000000e+00
9.704999990000000576e-01 1.823588924769978359e+00 1.000000000000000000e+00 0.000000000000000000e+00 0.000000000000000000e+00 0.000000000000000000e+00
9.804999990000000665e-01 1.823588924769978359e+00 1.000000000000000000e+00 0.000000000000000000e+00 0.000000000000000000e+00 0.000000000000000000e+00
9.904999990000000754e-01 1.823588924769978359e+00 1.000000000000000000e+00 0.000000000000000000e+00 0.000000000000000000e+00 0.000000000000000000e+00
1.000499999000000084e+00 1.823588924769978359e+00 1.000000000000000000e+00 0.000000000000000000e+00 0.000000000000000000e+00 0.000000000000000000e+00
1.010499999000000093e+00 1.823588924769978359e+00 1.000000000000000000e+00 0.000000000000000000e+00 0.000000000000000000e+00 0.000000000000000000e+00
1.020499999000000102e+00 1.823588924769978359e+00 1.000000000000000000e+00 0.000000000000000000e+00 0.000000000000000000e+00 0.000000000000000000e+00
1.030499999000000111e+00 1.823588924769978359e+00 1.000000000000000000e+00 0.000000000000000000e+00 0.000000000000000000e+00 0.000000000000000000e+00
1.040499999000000120e+00 1.823588834787144730e+00 1.000000000000000000e+00 0.000000000000000000e+00 -5.195161429583095221e-08 0.000000000000000000e+00
1.050499999000000129e+00 1.823585275256926597e+00 1.000000854492187452e+00 0.000000000000000000e+00 -1.844566548243165031e-06 0.000000000000000000e+00
1.060499999000000138e+00 1.823565660983495818e+00 1.000005737304687559e+00 0.000000000000000000e+00 -1.166904624551534622e-05 0.000000000000000000e+00
1.070499999000000146e+00 1.823511839411980251e+00 1.000020324707031172e+00 0.000000000000000000e+00 -3.826280683279037156e-05 0.000000000000000000e+00
1.080499999000000155e+00 1.823407091443735695e+00 1.000050720214843647e+00 0.000000000000000000e+00 -8.940655738115310452e-05 0.000000000000000000e+00
1.090499999000000164e+00 1.823239562835041738e+00 1.000101684570312566e+00 0.000000000000000000e+00 -1.704890877008438069e-04 0.000000000000000000e+00
1.100499999000000173e+00 1.823007240901587167e+00 1.000174621582031298e+00 0.000000000000000000e+00 -2.822534143924712883e-04 0.000000000000000000e+00
1.110499998999999960e+00 1.822715016698311263e+00 1.000266845703124963e+00 0.000000000000000000e+00 -4.227155745029449394e-04 0.000000000000000000e+00
1.120499998999999969e+00 1.822367354232595993e+00 1.000374572753906177e+00 0.000000000000000000e+00 -5.904762148857116985e-04 0.000000000000000000e+00
1.130499998999999978e+00 1.821962752256460760e+00 1.000495483398437413e+00 0.000000000000000000e+00 -7.871319651603698618e-04 0.000000000000000000e+00
1.140499998999999987e+00 1.821491876680168875e+00 1.000630798339843697e+00 0.000000000000000000e+00 -1.017722249031066803e-03 0.000000000000000000e+00
1.150499998999999995e+00 1.820941642642680991e+00 1.000784667968749986e+00 0.000000000000000000e+00 -1.288565635681152444e-03 0.000000000000000000e+00
1.160499999000000004e+00 1.820299782513320253e+00 1.000961975097656165e+00 0.000000000000000000e+00 -1.605299353599548432e-03 0.000000000000000000e+00
1.170499999000000013e+00 1.819557447751863233e+00 1.001166198730468748e+00 0.000000000000000000e+00 -1.972031116485595866e-03 0.000000000000000000e+00
1.180499999000000022e+00 1.818714992855194890e+00 1.001398010253906179e+00 0.000000000000000000e+00 -2.388421297073364119e-03 0.000000000000000000e+00
1.190499999000000031e+00 1.817780363124409382e+00 1.001653869628906346e+00 0.000000000000000000e+00 -2.851030349731445250e-03 0.000000000000000000e+00
1.200499999000000040e+00 1.816760255099855614e+00 1.001929382324218798e+00 0.000000000000000000e+00 -3.357395887374878003e-03 0.000000000000000000e+00
1.210499999000000049e+00 1.815653761317242321e+00 1.002222045898437441e+00 0.000000000000000000e+00 -3.908874511718750389e-03 0.000000000000000000e+00
1.220499999000000058e+00 1.814452576821483198e+00 1.002533142089843787e+00 0.000000000000000000e+00 -4.509962081909179264e-03 0.000000000000000000e+00
1.230499999000000066e+00 1.812959625144463960e+00 1.003225769042968674e+00 0.000000000000000000e+00 -5.165699005126952841e-03 0.000000000000000000e+00
1.240499999000000075e+00 1.811725330404179601e+00 1.003225769042968674e+00 0.000000000000000000e+00 -5.880415916442871191e-03 0.000000000000000000e+00
1.250499999000000084e+00 1.810183877038624267e+00 1.003613769531249922e+00 0.000000000000000000e+00 -6.657004833221435644e-03 0.000000000000000000e+00
1.260499999000000093e+00 1.808525785948851938e+00 1.004029663085937552e+00 0.000000000000000000e+00 -7.493563652038574135e-03 0.000000000000000000e+00
1.270499999000000102e+00 1.806761169096448461e+00 1.004469055175781333e+00 0.000000000000000000e+00 -8.385701179504394601e-03 0.000000000000000000e+00
1.280499999000000111e+00 1.804897153389620312e+00 1.004927124023437424e+00 0.000000000000000000e+00 -9.330866813659667580e-03 0.000000000000000000e+00
1.290499999000000120e+00 1.802931851357880699e+00 1.005401855468750050e+00 0.000000000000000000e+00 -1.033089351654052808e-02 0.000000000000000000e+00
1.300499999000000129e+00 1.800857561813663743e+00 1.005894653320312582e+00 0.000000000000000000e+00 -1.138998603820800745e-02 0.000000000000000000e+00
1.310499999000000138e+00 1.798665399467306969e+00 1.006409240722656140e+00 0.000000000000000000e+00 -1.251238155364990320e-02 0.000000000000000000e+00
1.320499999000000146e+00 1.796347880630648985e+00 1.006948913574218674e+00 0.000000000000000000e+00 -1.370166587829589784e-02 0.000000000000000000e+00
1.330499999000000155e+00 1.793901628919729152e+00 1.007515075683593775e+00 0.000000000000000000e+00 -1.495962333679199188e-02 0.000000000000000000e+00
1.340499999000000164e+00 1.791333744317978649e+00 1.008105651855468743e+00 0.000000000000000000e+00 -1.628297042846679754e-02 0.000000000000000000e+00
1.350499999000000173e+00 1.788655510033050344e+00 1.008715515136718643e+00 0.000000000000000000e+00 -1.766685485839843833e-02 0.000000000000000000e+00
1.360499999000000182e+00 1.785873152923310725e+00 1.009340026855468642e+00 0.000000000000000000e+00 -1.910919570922851515e-02 0.000000000000000000e+00
1.370499999000000191e+00 1.782983682078449039e+00 1.009977539062500096e+00 0.000000000000000000e+00 -2.061240959167480458e-02 0.000000000000000000e+00
1.380499998999999978e+00 1.779979752988934738e+00 1.010629943847656254e+00 0.000000000000000000e+00 -2.218045616149902366e-02 0.000000000000000000e+00
1.390499998999999987e+00 1.776853680184248940e+00 1.011300842285156154e+00 0.000000000000000000e+00 -2.381704711914062536e-02 0.000000000000000000e+00
1.400499998999999995e+00 1.773599192907242772e+00 1.011993103027343688e+00 0.000000000000000000e+00 -2.552532005310058708e-02 0.000000000000000000e+00
1.410499999000000004e+00 1.770215440719649536e+00 1.012707336425781257e+00 0.000000000000000000e+00 -2.730591201782226612e-02 0.000000000000000000e+00
1.420499999000000013e+00 1.766711913659017252e+00 1.013440246582031357e+00 0.000000000000000000e+00 -2.915450096130371010e-02 0.000000000000000000e+00
1.430499999000000022e+00 1.763100000221027974e+00 1.014186523437500043e+00 0.000000000000000000e+00 -3.106617355346679571e-02 0.000000000000000000e+00
1.440499999000000031e+00 1.759384393649780831e+00 1.014941833496093793e+00 0.000000000000000000e+00 -3.303962707519531028e-02 0.000000000000000000e+00
1.450499999000000040e+00 1.755561071284744035e+00 1.015705261230468670e+00 0.000000000000000000e+00 -3.507772064208984630e-02 0.000000000000000000e+00
1.460499999000000049e+00 1.751623005783028209e+00 1.016479064941406163e+00 0.000000000000000000e+00 -3.718423843383789062e-02 0.000000000000000000e+00
1.470499999000000058e+00 1.747563340503586637e+00 1.017266906738281351e+00 0.000000000000000000e+00 -3.936253356933593767e-02 0.000000000000000000e+00
1.480499999000000066e+00 1.743376831290042617e+00 1.018071166992187582e+00 0.000000000000000000e+00 -4.161540603637695068e-02 0.000000000000000000e+00
1.490499999000000075e+00 1.739065223812526151e+00 1.018891479492187502e+00 0.000000000000000000e+00 -4.394229888916015292e-02 0.000000000000000000e+00
1.500499999000000084e+00 1.734639457325839018e+00 1.019723754882812417e+00 0.000000000000000000e+00 -4.633819961547851890e-02 0.000000000000000000e+00
1.510499999000000093e+00 1.730110637234329563e+00 1.020562744140625089e+00 0.000000000000000000e+00 -4.879824447631835732e-02 0.000000000000000000e+00
1.520499999000000102e+00 1.725482431833261998e+00 1.021404602050781207e+00 0.000000000000000000e+00 -5.132154846191406411e-02 0.000000000000000000e+00
1.530499999000000111e+00 1.720750752046798393e+00 1.022249023437499904e+00 0.000000000000000000e+00 -5.391089248657226357e-02 0.000000000000000000e+00
1.540499999000000120e+00 1.715909365768164996e+00 1.023098815917968807e+00 0.000000000000000000e+00 -5.656956481933593517e-02 0.000000000000000000e+00
1.550499999000000129e+00 1.710952705014899156e+00 1.023957519531250027e+00 0.000000000000000000e+00 -5.930033111572265841e-02 0.000000000000000000e+00
1.560499999000000138e+00 1.705877113126926581e+00 1.024827148437500002e+00 0.000000000000000000e+00 -6.210525894165039307e-02 0.000000000000000000e+00
1.570499999000000146e+00 1.700687569198317206e+00 1.025706298828124918e+00 0.000000000000000000e+00 -6.498214721679687611e-02 0.000000000000000000e+00
1.580499999000000155e+00 1.695396458787012062e+00 1.026590576171874991e+00 0.000000000000000000e+00 -6.792507934570311823e-02 0.000000000000000000e+00
1.590499999000000164e+00 1.690014586231434635e+00 1.027474609375000014e+00 0.000000000000000000e+00 -7.092924499511718550e-02 0.000000000000000000e+00
1.600499999000000173e+00 1.684544310783383958e+00 1.028355468750000057e+00 0.000000000000000000e+00 -7.399423217773437589e-02 0.000000000000000000e+00
1.610499999000000182e+00 1.678981802932154599e+00 1.029233276367187422e+00 0.000000000000000000e+00 -7.712259674072265148e-02 0.000000000000000000e+00
1.620499999000000191e+00 1.673321529667971763e+00 1.030111450195312583e+00 0.000000000000000000e+00 -8.031717681884766036e-02 0.000000000000000000e+00
1.630499999000000200e+00 1.667558997889853512e+00 1.030993530273437431e+00 0.000000000000000000e+00 -8.358022308349609408e-02 0.000000000000000000e+00
1.640499999000000209e+00 1.661692496153294840e+00 1.031880737304687434e+00 0.000000000000000000e+00 -8.691290283203124967e-02 0.000000000000000000e+00
1.650499998999999995e+00 1.655729370292225333e+00 1.032771240234374943e+00 0.000000000000000000e+00 -9.031163024902343073e-02 0.000000000000000000e+00
1.660499999000000004e+00 1.649682639386812033e+00 1.033659912109375023e+00 0.000000000000000000e+00 -9.377008056640624700e-02 0.000000000000000000e+00
1.670499999000000013e+00 1.643561898874414062e+00 1.034542114257812395e+00 0.000000000000000000e+00 -9.728379821777344283e-02 0.000000000000000000e+00
1.680499999000000022e+00 1.637368514331418279e+00 1.035415161132812401e+00 0.000000000000000000e+00 -1.008528213500976545e-01 0.000000000000000000e+00
1.690499999000000031e+00 1.631098467805420338e+00 1.036280395507812591e+00 0.000000000000000000e+00 -1.044795761108398419e-01 0.000000000000000000e+00
1.700499999000000040e+00 1.624746816441952513e+00 1.037141235351562552e+00 0.000000000000000000e+00 -1.081666564941406311e-01 0.000000000000000000e+00
1.710499999000000049e+00 1.618309845456781471e+00 1.038001098632812536e+00 0.000000000000000000e+00 -1.119159774780273398e-01 0.000000000000000000e+00
1.720499999000000058e+00 1.611787587393539889e+00 1.038860961914062520e+00 0.000000000000000000e+00 -1.157277297973632879e-01 0.000000000000000000e+00
1.730499999000000066e+00 1.605189340984087831e+00 1.039717773437500048e+00 0.000000000000000000e+00 -1.195972595214843809e-01 0.000000000000000000e+00
1.740499999000000075e+00 1.598527666497688404e+00 1.040566650390625014e+00 0.000000000000000000e+00 -1.235182037353515644e-01 0.000000000000000000e+00
1.750499999000000084e+00 1.591810661262747617e+00 1.041403442382812461e+00 0.000000000000000000e+00 -1.274866943359375115e-01 0.000000000000000000e+00
1.760499999000000093e+00 1.585038593518906413e+00 1.042226196289062434e+00 0.000000000000000000e+00 -1.315031890869140518e-01 0.000000000000000000e+00
1.770499999000000102e+00 1.578207256881631215e+00 1.043036743164062585e+00 0.000000000000000000e+00 -1.355701751708984493e-01 0.000000000000000000e+00
1.780499999000000111e+00 1.571311949596104984e+00 1.043838989257812599e+00 0.000000000000000000e+00 -1.396901092529296839e-01 0.000000000000000000e+00
1.790499999000000120e+00 1.564349572966352575e+00 1.044636352539062507e+00 0.000000000000000000e+00 -1.438646240234374984e-01 0.000000000000000000e+00
1.800499999000000129e+00 1.557322118132814293e+00 1.045428710937500005e+00 0.000000000000000000e+00 -1.480928955078124887e-01 0.000000000000000000e+00
1.810499999000000138e+00 1.550239789756135078e+00 1.046212768554687589e+00 0.000000000000000000e+00 -1.523695373535156328e-01 0.000000000000000000e+00
1.820499999000000146e+00 1.543114280101260283e+00 1.046983764648437454e+00 0.000000000000000000e+00 -1.566884002685546839e-01 0.000000000000000000e+00
1.830499999000000155e+00 1.535952065310518533e+00 1.047737792968749915e+00 0.000000000000000000e+00 -1.610463409423828207e-01 0.000000000000000000e+00
1.840499999000000164e+00 1.528752438356952625e+00 1.048473632812499945e+00 0.000000000000000000e+00 -1.654441986083984295e-01 0.000000000000000000e+00
1.850499999000000173e+00 1.521510806328532084e+00 1.049193847656249901e+00 0.000000000000000000e+00 -1.698846282958984266e-01 0.000000000000000000e+00
1.860499999000000182e+00 1.514222548262477819e+00 1.049902832031250011e+00 0.000000000000000000e+00 -1.743700714111328098e-01 0.000000000000000000e+00
1.870499999000000191e+00 1.506885507934144552e+00 1.050603149414062409e+00 0.000000000000000000e+00 -1.789017944335937471e-01 0.000000000000000000e+00
1.880499999000000200e+00 1.499503313213752964e+00 1.051294433593749966e+00 0.000000000000000000e+00 -1.834779052734374916e-01 0.000000000000000000e+00
1.890499999000000209e+00 1.492086471569354256e+00 1.051972900390625076e+00 0.000000000000000000e+00 -1.880926361083984366e-01 0.000000000000000000e+00
1.900499999000000217e+00 1.484645529012063037e+00 1.052633666992187411e+00 0.000000000000000000e+00 -1.927402496337890514e-01 0.000000000000000000e+00
1.910499999000000226e+00 1.477185245784958134e+00 1.053273559570312434e+00 0.000000000000000000e+00 -1.974183349609374971e-01 0.000000000000000000e+00
1.920499999000000013e+00 1.469703921078411746e+00 1.053892211914062571e+00 0.000000000000000000e+00 -2.021281585693359417e-01 0.000000000000000000e+00
1.930499999000000022e+00 1.462196662333522745e+00 1.054492675781250055e+00 0.000000000000000000e+00 -2.068725738525390712e-01 0.000000000000000000e+00
1.940499999000000031e+00 1.454659077625055197e+00 1.055079345703124893e+00 0.000000000000000000e+00 -2.116540069580078176e-01 0.000000000000000000e+00
1.950499999000000040e+00 1.447089827444175913e+00 1.055654663085937583e+00 0.000000000000000000e+00 -2.164732666015624918e-01 0.000000000000000000e+00
1.960499999000000049e+00 1.439494097736610412e+00 1.056217285156249908e+00 0.000000000000000000e+00 -2.213274688720703043e-01 0.000000000000000000e+00
1.970499999000000058e+00 1.431882186231191678e+00 1.056763183593750099e+00 0.000000000000000000e+00 -2.262106933593749925e-01 0.000000000000000000e+00
1.980499999000000066e+00 1.424262937380772698e+00 1.057287963867187486e+00 0.000000000000000000e+00 -2.311178894042968668e-01 0.000000000000000000e+00
1.990499999000000075e+00 1.416639432051458147e+00 1.057788696289062580e+00 0.000000000000000000e+00 -2.360474853515625027e-01 0.000000000000000000e+00
2.000499999000000084e+00 1.409008943085666488e+00 1.058265747070312512e+00 0.000000000000000000e+00 -2.410012817382812533e-01 0.000000000000000000e+00
2.010499999000000315e+00 1.401366166232304700e+00 1.058723144531249938e+00 0.000000000000000000e+00 -2.459823913574218646e-01 0.000000000000000000e+00
2.020499999000000102e+00 1.393707174805226323e+00 1.059164916992187511e+00 0.000000000000000000e+00 -2.509931182861327992e-01 0.000000000000000000e+00
2.030499999000000333e+00 1.386031626227776092e+00 1.059593139648437488e+00 0.000000000000000000e+00 -2.560336914062499858e-01 0.000000000000000000e+00
2.040499999000000120e+00 1.378345861691406604e+00 1.060005615234375087e+00 0.000000000000000000e+00 -2.611003723144530997e-01 0.000000000000000000e+00
2.050499998999999907e+00 1.370659506984265308e+00 1.060398193359374908e+00 0.000000000000000000e+00 -2.661873474121093652e-01 0.000000000000000000e+00
2.060499999000000138e+00 1.362979878961679159e+00 1.060766967773437486e+00 0.000000000000000000e+00 -2.712901916503906441e-01 0.000000000000000000e+00
2.070499998999999924e+00 1.355308627661450327e+00 1.061109375000000021e+00 0.000000000000000000e+00 -2.764080505371093732e-01 0.000000000000000000e+00
2.080499999000000155e+00 1.347642061727474250e+00 1.061426757812500066e+00 0.000000000000000000e+00 -2.815432739257812678e-01 0.000000000000000000e+00
2.090499998999999942e+00 1.339974843323884279e+00 1.061723388671875101e+00 0.000000000000000000e+00 -2.866991271972656463e-01 0.000000000000000000e+00
2.100499999000000173e+00 1.332303567050970416e+00 1.062003417968750085e+00 0.000000000000000000e+00 -2.918776855468749876e-01 0.000000000000000000e+00
2.110499998999999960e+00 1.324629070436084577e+00 1.062268066406250044e+00 0.000000000000000000e+00 -2.970784606933593586e-01 0.000000000000000000e+00
2.120499999000000191e+00 1.316958359130848466e+00 1.062514648437500098e+00 0.000000000000000000e+00 -3.022970581054687522e-01 0.000000000000000000e+00
2.130499998999999978e+00 1.309300182308735794e+00 1.062739013671875066e+00 0.000000000000000000e+00 -3.075278930664062660e-01 0.000000000000000000e+00
2.140499999000000209e+00 1.301660290080898896e+00 1.062937500000000091e+00 0.000000000000000000e+00 -3.127672729492187442e-01 0.000000000000000000e+00
2.150499998999999995e+00 1.294039084556801722e+00 1.063108154296874996e+00 0.000000000000000000e+00 -3.180149841308593794e-01 0.000000000000000000e+00
2.160499999000000226e+00 1.286432023808093517e+00 1.063253173828125009e+00 0.000000000000000000e+00 -3.232739562988281024e-01 0.000000000000000000e+00
2.170499999000000013e+00 1.278833948818772992e+00 1.063377197265624963e+00 0.000000000000000000e+00 -3.285474853515624738e-01 0.000000000000000000e+00
2.180499999000000244e+00 1.271242090757161991e+00 1.063483886718749938e+00 0.000000000000000000e+00 -3.338373718261719025e-01 0.000000000000000000e+00
2.190499999000000031e+00 1.263658557900889656e+00 1.063573730468750034e+00 0.000000000000000000e+00 -3.391422424316406503e-01 0.000000000000000000e+00
2.200499999000000262e+00 1.256090468249748682e+00 1.063644042968749925e+00 0.000000000000000000e+00 -3.444573364257812464e-01 0.000000000000000000e+00
2.210499999000000049e+00 1.248545586768374793e+00 1.063690307617187525e+00 0.000000000000000000e+00 -3.497774047851562318e-01 0.000000000000000000e+00
2.220499999000000280e+00 1.241028254901698435e+00 1.063709350585937408e+00 0.000000000000000000e+00 -3.550994262695312265e-01 0.000000000000000000e+00
2.230499999000000066e+00 1.233537576645726830e+00 1.063699829101562466e+00 0.000000000000000000e+00 -3.604239501953124813e-01 0.000000000000000000e+00
2.240499999000000297e+00 1.226068514537568710e+00 1.063664794921874934e+00 0.000000000000000000e+00 -3.657543334960937642e-01 0.000000000000000000e+00
2.250499999000000084e+00 1.218616230295570535e+00 1.063609008789062393e+00 0.000000000000000000e+00 -3.710938415527343937e-01 0.000000000000000000e+00
2.260499999000000315e+00 1.211178695378122505e+00 1.063535766601562571e+00 0.000000000000000000e+00 -3.764438781738281281e-01 0.000000000000000000e+00
2.270499999000000102e+00 1.203759110437344404e+00 1.063444824218749973e+00 0.000000000000000000e+00 -3.818022155761718883e-01 0.000000000000000000e+00
2.280499999000000333e+00 1.196364478411473087e+00 1.063333007812500064e+00 0.000000000000000000e+00 -3.871638793945312296e-01 0.000000000000000000e+00
2.290499999000000120e+00 1.189001437516276738e+00 1.063196166992187441e+00 0.000000000000000000e+00 -3.925240478515624742e-01 0.000000000000000000e+00
2.300499999000000351e+00 1.181672999598340379e+00 1.063031372070312397e+00 0.000000000000000000e+00 -3.978804016113281494e-01 0.000000000000000000e+00
2.310499999000000138e+00 1.174377189247086672e+00 1.062838012695312528e+00 0.000000000000000000e+00 -4.032341918945312464e-01 0.000000000000000000e+00
2.320499998999999924e+00 1.167108642543432051e+00 1.062619750976562472e+00 0.000000000000000000e+00 -4.085891723632812389e-01 0.000000000000000000e+00
2.330499999000000155e+00 1.159862898861138580e+00 1.062381469726562555e+00 0.000000000000000000e+00 -4.139485473632812385e-01 0.000000000000000000e+00
2.340499998999999942e+00 1.152638979430087751e+00 1.062126098632812488e+00 0.000000000000000000e+00 -4.193130493164062278e-01 0.000000000000000000e+00
2.350499999000000173e+00 1.145440796781147519e+00 1.061852539062499989e+00 0.000000000000000000e+00 -4.246797790527343519e-01 0.000000000000000000e+00
2.360499998999999960e+00 1.138274986141209588e+00 1.061557373046875030e+00 0.000000000000000000e+00 -4.300437011718750147e-01 0.000000000000000000e+00
2.370499999000000191e+00 1.131146936417756876e+00 1.061236572265624956e+00 0.000000000000000000e+00 -4.354005737304687540e-01 0.000000000000000000e+00
2.380499998999999978e+00 1.124058471086456734e+00 1.060887451171875107e+00 0.000000000000000000e+00 -4.407487487792968728e-01 0.000000000000000000e+00
2.390499999000000209e+00 1.117006491354086473e+00 1.060510620117187441e+00 0.000000000000000000e+00 -4.460903320312499809e-01 0.000000000000000000e+00
2.400499998999999995e+00 1.109985609736717560e+00 1.060110229492187583e+00 0.000000000000000000e+00 -4.514293212890624907e-01 0.000000000000000000e+00
2.410499999000000226e+00 1.102991984491751065e+00 1.059690917968749924e+00 0.000000000000000000e+00 -4.567686767578125195e-01 0.000000000000000000e+00
2.420499999000000013e+00 1.096025585003335356e+00 1.059254882812499909e+00 0.000000000000000000e+00 -4.621084594726562744e-01 0.000000000000000000e+00
2.430499999000000244e+00 1.089090902585133858e+00 1.058800781249999989e+00 0.000000000000000000e+00 -4.674451293945312558e-01 0.000000000000000000e+00
2.440499999000000031e+00 1.082193910434460671e+00 1.058324707031250034e+00 0.000000000000000000e+00 -4.727738037109375235e-01 0.000000000000000000e+00
2.450499999000000262e+00 1.075338958189506311e+00 1.057822875976562438e+00 0.000000000000000000e+00 -4.780907287597656041e-01 0.000000000000000000e+00
2.460499999000000049e+00 1.068526731153584652e+00 1.057293212890624945e+00 0.000000000000000000e+00 -4.833949890136718941e-01 0.000000000000000000e+00
2.470499999000000280e+00 1.061753327634632260e+00 1.056737060546875107e+00 0.000000000000000000e+00 -4.886894226074218750e-01 0.000000000000000000e+00
2.480499999000000066e+00 1.055013550388983035e+00 1.056158935546875011e+00 0.000000000000000000e+00 -4.939781494140624840e-01 0.000000000000000000e+00
2.490499999000000297e+00 1.048304309047406457e+00 1.055563476562499936e+00 0.000000000000000000e+00 -4.992637634277343750e-01 0.000000000000000000e+00
2.500000000000000000e+00 1.041626524450106617e+00 1.054952148437499959e+00 0.000000000000000000e+00 -5.045455627441406410e-01 0.000000000000000000e+00
2.510000000000000231e+00 1.035316026666522227e+00 1.054354980468749980e+00 0.000000000000000000e+00 -5.095561523437499574e-01 0.000000000000000000e+00
2.520000000000000018e+00 1.028710625057455585e+00 1.053708251953124897e+00 0.000000000000000000e+00 -5.148211059570312331e-01 0.000000000000000000e+00
2.530000000000000249e+00 1.022139712203149031e+00 1.053046752929687413e+00 0.000000000000000000e+00 -5.200795898437500231e-01 0.000000000000000000e+00
2.540000000000000036e+00 1.015599386851484542e+00 1.052374511718749961e+00 0.000000000000000000e+00 -5.253350219726562464e-01 0.000000000000000000e+00
2.550000000000000266e+00 1.009087886098892328e+00 1.051693115234374920e+00 0.000000000000000000e+00 -5.305889892578125044e-01 0.000000000000000000e+00
2.560000000000000053e+00 1.002607502223469060e+00 1.051000488281250034e+00 0.000000000000000000e+00 -5.358394775390624698e-01 0.000000000000000000e+00
2.570000000000000284e+00 9.961636268998160793e-01 1.050292602539062425e+00 0.000000000000000000e+00 -5.410816650390625204e-01 0.000000000000000000e+00
2.580000000000000071e+00 9.897610435837255194e-01 1.049564941406250007e+00 0.000000000000000000e+00 -5.463110351562500133e-01 0.000000000000000000e+00
2.590000000000000302e+00 9.834025529123545661e-01 1.048815673828124906e+00 0.000000000000000000e+00 -5.515248413085938051e-01 0.000000000000000000e+00
2.600000000000000089e+00 9.770869284920581377e-01 1.048045898437500068e+00 0.000000000000000000e+00 -5.567239379882812367e-01 0.000000000000000000e+00
2.610000000000000320e+00 9.708097848938218588e-01 1.047260009765625055e+00 0.000000000000000000e+00 -5.619122314453125488e-01 0.000000000000000000e+00
2.620000000000000107e+00 9.645674317519006280e-01 1.046462036132812523e+00 0.000000000000000000e+00 -5.670931396484375497e-01 0.000000000000000000e+00
2.630000000000000338e+00 9.583588508135922890e-01 1.045652954101562448e+00 0.000000000000000000e+00 -5.722675781249999538e-01 0.000000000000000000e+00
2.640000000000000124e+00 9.521867743668618322e-01 1.044830200195312475e+00 0.000000000000000000e+00 -5.774328613281249911e-01 0.000000000000000000e+00
2.650000000000000355e+00 9.460560839891789531e-01 1.043989624023437424e+00 0.000000000000000000e+00 -5.825841674804687065e-01 0.000000000000000000e+00
2.660000000000000142e+00 9.399707564387723702e-01 1.043127441406249911e+00 0.000000000000000000e+00 -5.877173461914062536e-01 0.000000000000000000e+00
2.670000000000000373e+00 9.337950804653142312e-01 1.041335815429687450e+00 0.000000000000000000e+00 -5.928303833007813051e-01 0.000000000000000000e+00
2.680000000000000160e+00 9.279390391668068672e-01 1.041335815429687450e+00 0.000000000000000000e+00 -5.979251708984375524e-01 0.000000000000000000e+00
2.689999999999999947e+00 9.219861292708591005e-01 1.040413330078125087e+00 0.000000000000000000e+00 -6.030057983398438015e-01 0.000000000000000000e+00
2.700000000000000178e+00 9.160702640773288330e-01 1.039478393554687408e+00 0.000000000000000000e+00 -6.080756835937499716e-01 0.000000000000000000e+00
2.709999999999999964e+00 9.101910659764375078e-01 1.038531616210937480e+00 0.000000000000000000e+00 -6.131351318359374858e-01 0.000000000000000000e+00
2.720000000000000195e+00 9.043515145777971664e-01 1.037569946289062406e+00 0.000000000000000000e+00 -6.181809082031249902e-01 0.000000000000000000e+00
2.729999999999999982e+00 8.985557717730809912e-01 1.036589233398437448e+00 0.000000000000000000e+00 -6.232084350585938015e-01 0.000000000000000000e+00
2.740000000000000213e+00 8.928071250333924347e-01 1.035586303710937406e+00 0.000000000000000000e+00 -6.282139282226562038e-01 0.000000000000000000e+00
2.750000000000000000e+00 8.871062791446361340e-01 1.034560058593749998e+00 0.000000000000000000e+00 -6.331961669921875036e-01 0.000000000000000000e+00
2.760000000000000231e+00 8.814506080533438537e-01 1.033513671874999984e+00 0.000000000000000000e+00 -6.381576538085937944e-01 0.000000000000000000e+00
2.770000000000000018e+00 8.758356278635528458e-01 1.032451904296874945e+00 0.000000000000000000e+00 -6.431029663085937598e-01 0.000000000000000000e+00
2.780000000000000249e+00 8.702585174910004717e-01 1.031378295898437436e+00 0.000000000000000000e+00 -6.480350952148437038e-01 0.000000000000000000e+00
2.790000000000000036e+00 8.647195470428371555e-01 1.030292724609374932e+00 0.000000000000000000e+00 -6.529536132812500115e-01 0.000000000000000000e+00
2.800000000000000266e+00 8.592216844861779723e-01 1.029191894531249929e+00 0.000000000000000000e+00 -6.578549804687500169e-01 0.000000000000000000e+00
2.810000000000000053e+00 8.537686254516984041e-01 1.028071899414062518e+00 0.000000000000000000e+00 -6.627347412109374503e-01 0.000000000000000000e+00
2.820000000000000284e+00 8.483628170445484118e-01 1.026929809570312546e+00 0.000000000000000000e+00 -6.675896606445312909e-01 0.000000000000000000e+00
2.830000000000000071e+00 8.430044130515685907e-01 1.025765502929687489e+00 0.000000000000000000e+00 -6.724191284179688033e-01 0.000000000000000000e+00
2.840000000000000302e+00 8.376901921108975690e-01 1.024582641601562427e+00 0.000000000000000000e+00 -6.772265014648437553e-01 0.000000000000000000e+00
2.850000000000000089e+00 8.324160349208120646e-01 1.023386352539062516e+00 0.000000000000000000e+00 -6.820164184570312038e-01 0.000000000000000000e+00
2.860000000000000320e+00 8.271796926076793177e-01 1.022179382324218677e+00 0.000000000000000000e+00 -6.867913818359374645e-01 0.000000000000000000e+00
2.870000000000000107e+00 8.219819499785562256e-01 1.020961242675781255e+00 0.000000000000000000e+00 -6.915503540039062980e-01 0.000000000000000000e+00
2.880000000000000338e+00 8.168258409240681805e-01 1.019728454589843736e+00 0.000000000000000000e+00 -6.962894287109374636e-01 0.000000000000000000e+00
2.890000000000000124e+00 8.117144102642391834e-01 1.018477050781249948e+00 0.000000000000000000e+00 -7.010044555664062260e-01 0.000000000000000000e+00
2.900000000000000355e+00 8.066495808865291606e-01 1.017204711914062587e+00 0.000000000000000000e+00 -7.056926269531249574e-01 0.000000000000000000e+00
2.910000000000000142e+00 8.016308641698131066e-01 1.015912109375000094e+00 0.000000000000000000e+00 -7.103541259765624449e-01 0.000000000000000000e+00
2.920000000000000373e+00 7.966547361645379688e-01 1.014603637695312477e+00 0.000000000000000000e+00 -7.149930419921874947e-01 0.000000000000000000e+00
2.930000000000000160e+00 7.917175338054524003e-01 1.013284057617187539e+00 0.000000000000000000e+00 -7.196138305664062651e-01 0.000000000000000000e+00
2.940000000000000391e+00 7.868176280156986557e-01 1.011955871582031152e+00 0.000000000000000000e+00 -7.242185058593749725e-01 0.000000000000000000e+00
2.950000000000000178e+00 7.819562388129344122e-01 1.010617858886718734e+00 0.000000000000000000e+00 -7.288053588867187127e-01 0.000000000000000000e+00
2.959999999999999964e+00 7.771362055387427414e-01 1.009266296386718720e+00 0.000000000000000000e+00 -7.333703613281250533e-01 0.000000000000000000e+00
2.970000000000000195e+00 7.723602902188104746e-01 1.007897644042968777e+00 0.000000000000000000e+00 -7.379094848632812287e-01 0.000000000000000000e+00
2.979999999999999982e+00 7.676297539202528997e-01 1.006509948730468729e+00 0.000000000000000000e+00 -7.424205322265624574e-01 0.000000000000000000e+00
2.990000000000000213e+00 7.629434859482403519e-01 1.005104736328124915e+00 0.000000000000000000e+00 -7.469046020507812411e-01 0.000000000000000000e+00
3.000000000000000000e+00 7.582980988528773558e-01 1.003686889648437441e+00 0.000000000000000000e+00 -7.513660888671874760e-01 0.000000000000000000e+00
3.010000000000000231e+00 7.536902345796456792e-01 1.002260864257812578e+00 0.000000000000000000e+00 -7.558093872070312802e-01 0.000000000000000000e+00
3.020000000000000018e+00 7.491190539106785673e-01 1.000828674316406319e+00 0.000000000000000000e+00 -7.602357177734374583e-01 0.000000000000000000e+00
3.030000000000000249e+00 7.445858971401126958e-01 9.993885498046874982e-01 0.000000000000000000e+00 -7.646430053710937536e-01 0.000000000000000000e+00
3.040000000000000036e+00 7.400936447313887223e-01 9.979367065429687322e-01 0.000000000000000000e+00 -7.690269165039061994e-01 0.000000000000000000e+00
3.050000000000000266e+00 7.356443427438078553e-01 9.964696655273437287e-01 0.000000000000000000e+00 -7.733839721679687251e-01 0.000000000000000000e+00
3.060000000000000053e+00 7.312390476098520331e-01 9.949861450195311985e-01 0.000000000000000000e+00 -7.777122802734375284e-01 0.000000000000000000e+00
3.070000000000000284e+00 7.268761525916390687e-01 9.934885864257811949e-01 0.000000000000000000e+00 -7.820138549804687145e-01 0.000000000000000000e+00
3.080000000000000071e+00 7.225522575778746681e-01 9.919819335937499760e-01 0.000000000000000000e+00 -7.862934570312499760e-01 0.000000000000000000e+00
3.090000000000000302e+00 7.182646605520840444e-01 9.904703369140624991e-01 0.000000000000000000e+00 -7.905549926757812207e-01 0.000000000000000000e+00
3.100000000000000089e+00 7.140128350506886878e-01 9.889551391601562047e-01 0.000000000000000000e+00 -7.947992553710937491e-01 0.000000000000000000e+00
3.110000000000000320e+00 7.097986278603436450e-01 9.874341430664062003e-01 0.000000000000000000e+00 -7.990233764648437820e-01 0.000000000000000000e+00
3.120000000000000107e+00 7.059693365146215704e-01 9.859033813476562047e-01 0.000000000000000000e+00 -8.032232666015625133e-01 0.000000000000000000e+00
3.130000000000000338e+00 7.026900398383183477e-01 9.843596801757812376e-01 0.000000000000000000e+00 -8.073955688476562864e-01 0.000000000000000000e+00
3.140000000000000124e+00 6.997353915638621080e-01 9.828025512695311994e-01 0.000000000000000000e+00 -8.115392456054687509e-01 0.000000000000000000e+00
3.150000000000000355e+00 6.970385022005681774e-01 9.812350463867187678e-01 0.000000000000000000e+00 -8.156560668945312953e-01 0.000000000000000000e+00
3.160000000000000142e+00 6.945635236733296303e-01 9.796622924804687660e-01 0.000000000000000000e+00 -8.197459106445312838e-01 0.000000000000000000e+00
3.170000000000000373e+00 6.922882422085391285e-01 9.780878906250000115e-01 0.000000000000000000e+00 -8.238041992187500329e-01 0.000000000000000000e+00
3.180000000000000160e+00 6.901961371928297950e-01 9.765126342773438051e-01 0.000000000000000000e+00 -8.278246459960937331e-01 0.000000000000000000e+00
3.190000000000000391e+00 6.882726785862142149e-01 9.749336547851562562e-01 0.000000000000000000e+00 -8.318013916015625231e-01 0.000000000000000000e+00
3.200000000000000178e+00 6.865045985391406980e-01 9.733470458984374574e-01 0.000000000000000000e+00 -8.357299804687500222e-01 0.000000000000000000e+00
3.210000000000000409e+00 6.848791624877293982e-01 9.717500000000000027e-01 0.000000000000000000e+00 -8.396102905273437056e-01 0.000000000000000000e+00
3.220000000000000195e+00 6.833852248648483174e-01 9.701428833007812447e-01 0.000000000000000000e+00 -8.434454956054687758e-01 0.000000000000000000e+00
3.229999999999999982e+00 6.820143654424377644e-01 9.685296020507812020e-01 0.000000000000000000e+00 -8.472380981445312154e-01 0.000000000000000000e+00
3.240000000000000213e+00 6.807603804810726800e-01 9.669150390624999813e-01 0.000000000000000000e+00 -8.509870605468750071e-01 0.000000000000000000e+00
3.250000000000000000e+00 6.796178805738501971e-01 9.653024902343749769e-01 0.000000000000000000e+00 -8.546879272460937704e-01 0.000000000000000000e+00
3.260000000000000231e+00 6.785809091554735328e-01 9.636920776367187136e-01 0.000000000000000000e+00 -8.583354492187500462e-01 0.000000000000000000e+00
3.270000000000000018e+00 6.776425219425008528e-01 9.620805053710937971e-01 0.000000000000000000e+00 -8.619252319335937162e-01 0.000000000000000000e+00
3.280000000000000249e+00 6.767956190750495926e-01 9.604639282226562491e-01 0.000000000000000000e+00 -8.654539794921874973e-01 0.000000000000000000e+00
3.290000000000000036e+00 6.760333986354711833e-01 9.588403320312499645e-01 0.000000000000000000e+00 -8.689230346679687189e-01 0.000000000000000000e+00
3.300000000000000266e+00 6.753502714967557496e-01 9.572108764648437074e-01 0.000000000000000000e+00 -8.723368530273437615e-01 0.000000000000000000e+00
3.310000000000000053e+00 6.747423829242841231e-01 9.555802001953125346e-01 0.000000000000000000e+00 -8.756981201171875062e-01 0.000000000000000000e+00
3.320000000000000284e+00 6.742064917255871093e-01 9.539530639648436949e-01 0.000000000000000000e+00 -8.790056152343750373e-01 0.000000000000000000e+00
3.330000000000000071e+00 6.737390083346344039e-01 9.523323364257813006e-01 0.000000000000000000e+00 -8.822550659179687615e-01 0.000000000000000000e+00
3.340000000000000302e+00 6.733353876958584339e-01 9.507175903320312926e-01 0.000000000000000000e+00 -8.854421386718750453e-01 0.000000000000000000e+00
3.350000000000000089e+00 6.729901958249189242e-01 9.491051635742187020e-01 0.000000000000000000e+00 -8.885631713867186976e-01 0.000000000000000000e+00
3.360000000000000320e+00 6.726981112726984069e-01 9.474915161132811958e-01 0.000000000000000000e+00 -8.916158447265625231e-01 0.000000000000000000e+00
3.370000000000000107e+00 6.724548458278819529e-01 9.458753662109374849e-01 0.000000000000000000e+00 -8.946029663085937056e-01 0.000000000000000000e+00
3.380000000000000338e+00 6.722575756292132887e-01 9.442588500976561994e-01 0.000000000000000000e+00 -8.975295410156249876e-01 0.000000000000000000e+00
3.390000000000000124e+00 6.721044338228708837e-01 9.426469726562499707e-01 0.000000000000000000e+00 -9.003980102539062003e-01 0.000000000000000000e+00
3.400000000000000355e+00 6.719932098136012222e-01 9.410442504882812198e-01 0.000000000000000000e+00 -9.032064819335937633e-01 0.000000000000000000e+00
3.410000000000000142e+00 6.719209612070524695e-01 9.394533081054687873e-01 0.000000000000000000e+00 -9.059509887695312846e-01 0.000000000000000000e+00
3.420000000000000373e+00 6.718837528956859151e-01 9.378730468749999494e-01 0.000000000000000000e+00 -9.086276855468750080e-01 0.000000000000000000e+00
3.430000000000000160e+00 6.718770527071092902e-01 9.362996826171875453e-01 0.000000000000000000e+00 -9.112333374023438015e-01 0.000000000000000000e+00
3.440000000000000391e+00 6.718968212565402665e-01 9.347299194335937367e-01 0.000000000000000000e+00 -9.137667846679687900e-01 0.000000000000000000e+00
3.450000000000000178e+00 6.719406984826653551e-01 9.331632690429687571e-01 0.000000000000000000e+00 -9.162318725585937296e-01 0.000000000000000000e+00
3.460000000000000409e+00 6.720076877699424633e-01 9.316026611328125373e-01 0.000000000000000000e+00 -9.186337280273437766e-01 0.000000000000000000e+00
3.470000000000000195e+00 6.720969732668936603e-01 9.300532226562500115e-01 0.000000000000000000e+00 -9.209742431640625115e-01 0.000000000000000000e+00
3.480000000000000426e+00 6.722067699769531668e-01 9.285192871093750355e-01 0.000000000000000000e+00 -9.232509155273437296e-01 0.000000000000000000e+00
3.490000000000000213e+00 6.723344137871224424e-01 9.270027465820313006e-01 0.000000000000000000e+00 -9.254599609375000480e-01 0.000000000000000000e+00
3.500000000000000000e+00 6.724764430548764160e-01 9.255018310546875293e-01 0.000000000000000000e+00 -9.275979003906249520e-01 0.000000000000000000e+00
3.510000000000000231e+00 6.726290786923276865e-01 9.240126342773437029e-01 0.000000000000000000e+00 -9.296618041992187331e-01 0.000000000000000000e+00
3.520000000000000018e+00 6.727895179898885081e-01 9.225322875976562642e-01 0.000000000000000000e+00 -9.316515502929687553e-01 0.000000000000000000e+00
3.530000000000000249e+00 6.729569425144882322e-01 9.210609130859375160e-01 0.000000000000000000e+00 -9.335718383789062269e-01 0.000000000000000000e+00
3.540000000000000036e+00 6.731316026915649120e-01 9.196022949218749520e-01 0.000000000000000000e+00 -9.354276733398437793e-01 0.000000000000000000e+00
3.550000000000000266e+00 6.733130966959472996e-01 9.181614379882812038e-01 0.000000000000000000e+00 -9.372200317382812784e-01 0.000000000000000000e+00
3.560000000000000053e+00 6.734998206299496193e-01 9.167422485351562900e-01 0.000000000000000000e+00 -9.389461669921874698e-01 0.000000000000000000e+00
3.570000000000000284e+00 6.736893328515085599e-01 9.153461303710938024e-01 0.000000000000000000e+00 -9.406022338867187083e-01 0.000000000000000000e+00
3.580000000000000071e+00 6.738786822210650618e-01 9.139707641601562127e-01 0.000000000000000000e+00 -9.421851196289062758e-01 0.000000000000000000e+00
3.590000000000000302e+00 6.740647669003501097e-01 9.126119384765625231e-01 0.000000000000000000e+00 -9.436921386718749583e-01 0.000000000000000000e+00
3.600000000000000089e+00 6.742460227367191861e-01 9.112672119140624583e-01 0.000000000000000000e+00 -9.451243896484374796e-01 0.000000000000000000e+00
3.610000000000000320e+00 6.744229547068831820e-01 9.099375610351562171e-01 0.000000000000000000e+00 -9.464874267578125000e-01 0.000000000000000000e+00
3.620000000000000107e+00 6.745966403943479683e-01 9.086271362304687571e-01 0.000000000000000000e+00 -9.477864379882812162e-01 0.000000000000000000e+00
3.630000000000000338e+00 6.747671583204362111e-01 9.073407592773437003e-01 0.000000000000000000e+00 -9.490227661132812909e-01 0.000000000000000000e+00
3.640000000000000124e+00 6.749333070307329541e-01 9.060819091796874503e-01 0.000000000000000000e+00 -9.501943359375000231e-01 0.000000000000000000e+00
3.650000000000000355e+00 6.750932214019087496e-01 9.048513793945311967e-01 0.000000000000000000e+00 -9.512983398437500071e-01 0.000000000000000000e+00
3.660000000000000142e+00 6.752447170711196600e-01 9.036461181640624840e-01 0.000000000000000000e+00 -9.523326416015625018e-01 0.000000000000000000e+00
3.670000000000000373e+00 6.753857196716964717e-01 9.024617919921874565e-01 0.000000000000000000e+00 -9.532956542968750169e-01 0.000000000000000000e+00
3.680000000000000160e+00 6.755160523592953492e-01 9.012965087890625338e-01 0.000000000000000000e+00 -9.541902465820312207e-01 0.000000000000000000e+00
3.690000000000000391e+00 6.756372637314025376e-01 9.001517944335937216e-01 0.000000000000000000e+00 -9.550228881835937100e-01 0.000000000000000000e+00
3.700000000000000178e+00 6.757510156853928640e-01 8.990319824218749867e-01 0.000000000000000000e+00 -9.557991333007812562e-01 0.000000000000000000e+00
3.710000000000000409e+00 6.758576144115225892e-01 8.979414672851562251e-01 0.000000000000000000e+00 -9.565203857421874512e-01 0.000000000000000000e+00
3.720000000000000195e+00 6.759561643553561039e-01 8.968833618164062660e-01 0.000000000000000000e+00 -9.571849365234375018e-01 0.000000000000000000e+00
3.730000000000000426e+00 6.760452230428708464e-01 8.958577270507812607e-01 0.000000000000000000e+00 -9.577904663085937687e-01 0.000000000000000000e+00
3.740000000000000213e+00 6.761232704149752193e-01 8.948605957031250391e-01 0.000000000000000000e+00 -9.583355102539062864e-01 0.000000000000000000e+00
3.750000000000000444e+00 6.761892345107002322e-01 8.938877563476562704e-01 0.000000000000000000e+00 -9.588196411132812180e-01 0.000000000000000000e+00
3.760000000000000231e+00 6.762438489376916273e-01 8.929375610351562020e-01 0.000000000000000000e+00 -9.592468261718749556e-01 0.000000000000000000e+00
3.770000000000000018e+00 6.762892150367679767e-01 8.920120849609375346e-01 0.000000000000000000e+00 -9.596240234374999734e-01 0.000000000000000000e+00
3.780000000000000249e+00 6.763270451226083280e-01 8.911155395507812660e-01 0.000000000000000000e+00 -9.599565429687499929e-01 0.000000000000000000e+00
3.790000000000000036e+00 6.763575891675384089e-01 8.902518920898437882e-01 0.000000000000000000e+00 -9.602454833984375160e-01 0.000000000000000000e+00
3.800000000000000266e+00 6.763800708930784999e-01 8.894237060546874574e-01 0.000000000000000000e+00 -9.604892578125000524e-01 0.000000000000000000e+00
3.810000000000000053e+00 6.763932731611700389e-01 8.886298828124999938e-01 0.000000000000000000e+00 -9.606856689453124876e-01 0.000000000000000000e+00
3.820000000000000284e+00 6.763561488281786271e-01 8.871276855468750444e-01 0.000000000000000000e+00 -9.608333740234374920e-01 0.000000000000000000e+00
3.830000000000000071e+00 6.763883172559327361e-01 8.871276855468750444e-01 0.000000000000000000e+00 -9.609329223632812056e-01 0.000000000000000000e+00
3.840000000000000302e+00 6.763711222773044485e-01 8.864136352539062624e-01 0.000000000000000000e+00 -9.609890747070312100e-01 0.000000000000000000e+00
3.850000000000000089e+00 6.763466596296030531e-01 8.857261962890624618e-01 0.000000000000000000e+00 -9.610086059570313033e-01 0.000000000000000000e+00
3.860000000000000320e+00 6.763164007226545316e-01 8.850693969726562971e-01 0.000000000000000000e+00 -9.609962768554687340e-01 0.000000000000000000e+00
3.870000000000000107e+00 6.762803933734258255e-01 8.844465942382812029e-01 0.000000000000000000e+00 -9.609526977539062376e-01 0.000000000000000000e+00
3.880000000000000338e+00 6.762378171320592157e-01 8.838598632812499911e-01 0.000000000000000000e+00 -9.608759765625000115e-01 0.000000000000000000e+00
3.890000000000000124e+00 6.761876171146835590e-01 8.833071289062499609e-01 0.000000000000000000e+00 -9.607637939453125275e-01 0.000000000000000000e+00
3.900000000000000355e+00 6.761290790101989190e-01 8.827834472656249654e-01 0.000000000000000000e+00 -9.606148681640624964e-01 0.000000000000000000e+00
3.910000000000000142e+00 6.760623859684091741e-01 8.822844848632812598e-01 0.000000000000000000e+00 -9.604304199218749449e-01 0.000000000000000000e+00
3.920000000000000373e+00 6.759890792260750958e-01 8.818092651367187562e-01 0.000000000000000000e+00 -9.602156982421875542e-01 0.000000000000000000e+00
3.930000000000000160e+00 6.759110505533855173e-01 8.813602294921875080e-01 0.000000000000000000e+00 -9.599770507812499520e-01 0.000000000000000000e+00
3.940000000000000391e+00 6.758293987806285319e-01 8.809411010742187464e-01 0.000000000000000000e+00 -9.597184448242187527e-01 0.000000000000000000e+00
3.950000000000000178e+00 6.757439569903709309e-01 8.805549316406250382e-01 0.000000000000000000e+00 -9.594398803710937340e-01 0.000000000000000000e+00
3.960000000000000409e+00 6.756538113716967775e-01 8.802027587890625115e-01 0.000000000000000000e+00 -9.591389160156249538e-01 0.000000000000000000e+00
3.970000000000000195e+00 6.755580763009632062e-01 8.798815917968749734e-01 0.000000000000000000e+00 -9.588130493164062074e-01 0.000000000000000000e+00
3.980000000000000426e+00 6.754563194831324502e-01 8.795860595703125506e-01 0.000000000000000000e+00 -9.584609985351562056e-01 0.000000000000000000e+00
3.990000000000000213e+00 6.753491072550026342e-01 8.793120727539062154e-01 0.000000000000000000e+00 -9.580846557617187509e-01 0.000000000000000000e+00
4.000000000000000000e+00 6.752380521531259339e-01 8.790590209960937873e-01 0.000000000000000000e+00 -9.576895751953125036e-01 0.000000000000000000e+00
4.010000000000000675e+00 6.751246591504300731e-01 8.788294677734375115e-01 0.000000000000000000e+00 -9.572812499999999725e-01 0.000000000000000000e+00
4.020000000000000462e+00 6.750097030544627286e-01 8.786270751953124680e-01 0.000000000000000000e+00 -9.568629150390625115e-01 0.000000000000000000e+00
4.030000000000000249e+00 6.748928198174004578e-01 8.784542846679687100e-01 0.000000000000000000e+00 -9.564338378906249716e-01 0.000000000000000000e+00
4.040000000000000036e+00 6.747730715209176999e-01 8.783113403320312873e-01 0.000000000000000000e+00 -9.559910278320312704e-01 0.000000000000000000e+00
4.049999999999999822e+00 6.746497119366893225e-01 8.781943969726562216e-01 0.000000000000000000e+00 -9.555316772460937802e-01 0.000000000000000000e+00
4.060000000000000497e+00 6.745226076048994601e-01 8.780978393554687012e-01 0.000000000000000000e+00 -9.550548095703125240e-01 0.000000000000000000e+00
4.070000000000000284e+00 6.743925459451604043e-01 8.780180664062500195e-01 0.000000000000000000e+00 -9.545628662109375551e-01 0.000000000000000000e+00
4.080000000000000071e+00 6.742610137993751973e-01 8.779548339843750160e-01 0.000000000000000000e+00 -9.540612792968750089e-01 0.000000000000000000e+00
4.089999999999999858e+00 6.741292228921669238e-01 8.779110107421874698e-01 0.000000000000000000e+00 -9.535549926757812544e-01 0.000000000000000000e+00
4.100000000000000533e+00 6.739976069038864370e-01 8.778900146484375222e-01 0.000000000000000000e+00 -9.530462646484374467e-01 0.000000000000000000e+00
4.110000000000000320e+00 6.738656876937343387e-01 8.778939208984375409e-01 0.000000000000000000e+00 -9.525337524414062562e-01 0.000000000000000000e+00
4.120000000000000107e+00 6.737325084377793205e-01 8.779220581054687500e-01 0.000000000000000000e+00 -9.520137939453124920e-01 0.000000000000000000e+00
4.129999999999999893e+00 6.735974961028288188e-01 8.779699096679687287e-01 0.000000000000000000e+00 -9.514835205078124858e-01 0.000000000000000000e+00
4.140000000000000568e+00 6.734606942567716859e-01 8.780320434570312305e-01 0.000000000000000000e+00 -9.509421997070311994e-01 0.000000000000000000e+00
4.150000000000000355e+00 6.733230247571261318e-01 8.781052246093750124e-01 0.000000000000000000e+00 -9.503928833007811994e-01 0.000000000000000000e+00
4.160000000000000142e+00 6.731857611896417959e-01 8.781897583007812758e-01 0.000000000000000000e+00 -9.498406982421875311e-01 0.000000000000000000e+00
4.169999999999999929e+00 6.730498261487678491e-01 8.782888183593750009e-01 0.000000000000000000e+00 -9.492899780273437171e-01 0.000000000000000000e+00
4.180000000000000604e+00 6.729153945100089240e-01 8.784057006835938042e-01 0.000000000000000000e+00 -9.487421264648437935e-01 0.000000000000000000e+00
4.190000000000000391e+00 6.727818311789482975e-01 8.785421142578124787e-01 0.000000000000000000e+00 -9.481948852539062722e-01 0.000000000000000000e+00
4.200000000000000178e+00 6.726483028973222478e-01 8.786964721679687562e-01 0.000000000000000000e+00 -9.476444702148437704e-01 0.000000000000000000e+00
4.209999999999999964e+00 6.725143040246283066e-01 8.788638305664062678e-01 0.000000000000000000e+00 -9.470877685546874591e-01 0.000000000000000000e+00
4.220000000000000639e+00 6.723800582621320965e-01 8.790391845703124929e-01 0.000000000000000000e+00 -9.465247192382812980e-01 0.000000000000000000e+00
4.230000000000000426e+00 6.722464983256237758e-01 8.792197265625000258e-01 0.000000000000000000e+00 -9.459588012695312464e-01 0.000000000000000000e+00
4.240000000000000213e+00 6.721146732722372841e-01 8.794064331054687322e-01 0.000000000000000000e+00 -9.453948364257812598e-01 0.000000000000000000e+00
4.250000000000000000e+00 6.719852464459634689e-01 8.796028442382812784e-01 0.000000000000000000e+00 -9.448365478515624583e-01 0.000000000000000000e+00
4.260000000000000675e+00 6.718581910659690015e-01 8.798121337890625338e-01 0.000000000000000000e+00 -9.442845458984374662e-01 0.000000000000000000e+00
4.270000000000000462e+00 6.717328020627655327e-01 8.800355224609375249e-01 0.000000000000000000e+00 -9.437359008789062420e-01 0.000000000000000000e+00
4.280000000000000249e+00 6.716082815248421989e-01 8.802707519531249858e-01 0.000000000000000000e+00 -9.431864624023437171e-01 0.000000000000000000e+00
4.290000000000000036e+00 6.714842777527367801e-01 8.805127563476562447e-01 0.000000000000000000e+00 -9.426335449218750107e-01 0.000000000000000000e+00
4.300000000000000711e+00 6.713610700426067002e-01 8.807568359374999822e-01 0.000000000000000000e+00 -9.420775146484374751e-01 0.000000000000000000e+00
4.310000000000000497e+00 6.712395344417240173e-01 8.810009765624999822e-01 0.000000000000000000e+00 -9.415222167968749778e-01 0.000000000000000000e+00
4.320000000000000284e+00 6.711205398542016143e-01 8.812467041015624725e-01 0.000000000000000000e+00 -9.409722900390624645e-01 0.000000000000000000e+00
4.330000000000000071e+00 6.710045339181314183e-01 8.814978027343749467e-01 0.000000000000000000e+00 -9.404308471679687642e-01 0.000000000000000000e+00
4.339999999999999858e+00 6.708913060682542007e-01 8.817575683593750213e-01 0.000000000000000000e+00 -9.398976440429687162e-01 0.000000000000000000e+00
4.350000000000000533e+00 6.707801210544471759e-01 8.820267333984375124e-01 0.000000000000000000e+00 -9.393692016601562500e-01 0.000000000000000000e+00
4.360000000000000320e+00 6.706702462009415111e-01 8.823024291992187518e-01 0.000000000000000000e+00 -9.388412475585937722e-01 0.000000000000000000e+00
4.370000000000000107e+00 6.705614155860971648e-01 8.825796508789062189e-01 0.000000000000000000e+00 -9.383114624023437544e-01 0.000000000000000000e+00
4.379999999999999893e+00 6.704539533949327446e-01 8.828543090820312189e-01 0.000000000000000000e+00 -9.377808227539062846e-01 0.000000000000000000e+00
4.390000000000000568e+00 6.703486759922501204e-01 8.831249389648437864e-01 0.000000000000000000e+00 -9.372535400390624716e-01 0.000000000000000000e+00
4.400000000000000355e+00 6.702462671897811974e-01 8.833938598632812278e-01 0.000000000000000000e+00 -9.367339477539062820e-01 0.000000000000000000e+00
4.410000000000000142e+00 6.701469767545412681e-01 8.836652221679687225e-01 0.000000000000000000e+00 -9.362244262695312846e-01 0.000000000000000000e+00
4.419999999999999929e+00 6.700505106931284871e-01 8.839419555664062012e-01 0.000000000000000000e+00 -9.357241210937500275e-01 0.000000000000000000e+00
4.430000000000000604e+00 6.699561005261013280e-01 8.842244262695312385e-01 0.000000000000000000e+00 -9.352289428710937047e-01 0.000000000000000000e+00
4.440000000000000391e+00 6.698631063604076896e-01 8.845091552734375417e-01 0.000000000000000000e+00 -9.347347412109374698e-01 0.000000000000000000e+00
4.450000000000000178e+00 6.697713388856442185e-01 8.847913818359375293e-01 0.000000000000000000e+00 -9.342396850585937829e-01 0.000000000000000000e+00
4.459999999999999964e+00 6.696811646299650755e-01 8.850674438476562322e-01 0.000000000000000000e+00 -9.337454223632812855e-01 0.000000000000000000e+00
4.470000000000000639e+00 6.695932856279185330e-01 8.853367309570312482e-01 0.000000000000000000e+00 -9.332562255859374600e-01 0.000000000000000000e+00
4.480000000000000426e+00 6.695082624772671354e-01 8.856022338867187704e-01 0.000000000000000000e+00 -9.327762451171874858e-01 0.000000000000000000e+00
4.490000000000000213e+00 6.694262181699535130e-01 8.858682250976562811e-01 0.000000000000000000e+00 -9.323072509765625293e-01 0.000000000000000000e+00
4.500000000000000000e+00 6.693467553942259451e-01 8.861374511718750346e-01 0.000000000000000000e+00 -9.318475341796874645e-01 0.000000000000000000e+00
4.510000000000000675e+00 6.692691538352690817e-01 8.864095458984374565e-01 0.000000000000000000e+00 -9.313927612304687687e-01 0.000000000000000000e+00
4.520000000000000462e+00 6.691928618449737298e-01 8.866807250976562749e-01 0.000000000000000000e+00 -9.309390258789062012e-01 0.000000000000000000e+00
4.530000000000000249e+00 6.691177435376994831e-01 8.869464721679687358e-01 0.000000000000000000e+00 -9.304849243164062811e-01 0.000000000000000000e+00
4.540000000000000036e+00 6.690441875883476053e-01 8.872036743164062322e-01 0.000000000000000000e+00 -9.300327148437500524e-01 0.000000000000000000e+00
4.550000000000000711e+00 6.689728253035567285e-01 8.874525146484375515e-01 0.000000000000000000e+00 -9.295868530273437846e-01 0.000000000000000000e+00
4.560000000000000497e+00 6.689040891425722668e-01 8.876965332031250266e-01 0.000000000000000000e+00 -9.291510620117187091e-01 0.000000000000000000e+00
4.570000000000000284e+00 6.688380073262235603e-01 8.879401245117187758e-01 0.000000000000000000e+00 -9.287265014648437012e-01 0.000000000000000000e+00
4.580000000000000071e+00 6.687741550143305735e-01 8.881856689453124787e-01 0.000000000000000000e+00 -9.283109130859374947e-01 0.000000000000000000e+00
4.589999999999999858e+00 6.687118382123894422e-01 8.884321289062500071e-01 0.000000000000000000e+00 -9.278995971679687704e-01 0.000000000000000000e+00
4.600000000000000533e+00 6.686505898158737748e-01 8.886755371093749689e-01 0.000000000000000000e+00 -9.274889526367187109e-01 0.000000000000000000e+00
4.610000000000000320e+00 6.685903748545064529e-01 8.889115600585937305e-01 0.000000000000000000e+00 -9.270783691406250249e-01 0.000000000000000000e+00
4.620000000000000107e+00 6.685315771258238948e-01 8.891376342773437136e-01 0.000000000000000000e+00 -9.266705322265624822e-01 0.000000000000000000e+00
4.629999999999999893e+00 6.684747477830694784e-01 8.893548583984375311e-01 0.000000000000000000e+00 -9.262698974609374636e-01 0.000000000000000000e+00
4.640000000000000568e+00 6.684202367354999952e-01 8.895673217773437669e-01 0.000000000000000000e+00 -9.258798828124999991e-01 0.000000000000000000e+00
4.650000000000000355e+00 6.683680135142169298e-01 8.897791137695312269e-01 0.000000000000000000e+00 -9.255010986328124911e-01 0.000000000000000000e+00
4.660000000000000142e+00 6.683175889481224319e-01 8.899922485351562385e-01 0.000000000000000000e+00 -9.251303710937499591e-01 0.000000000000000000e+00
4.669999999999999929e+00 6.682683738968122622e-01 8.902052001953124627e-01 0.000000000000000000e+00 -9.247632446289062447e-01 0.000000000000000000e+00
4.680000000000000604e+00 6.682199696145125767e-01 8.904136962890625284e-01 0.000000000000000000e+00 -9.243963623046874689e-01 0.000000000000000000e+00
4.690000000000000391e+00 6.681723963506653874e-01 8.906137084960937811e-01 0.000000000000000000e+00 -9.240296630859374805e-01 0.000000000000000000e+00
4.700000000000000178e+00 6.681260593944684523e-01 8.908033447265625293e-01 0.000000000000000000e+00 -9.236664428710937846e-01 0.000000000000000000e+00
4.709999999999999964e+00 6.680814494897007183e-01 8.909844360351562020e-01 0.000000000000000000e+00 -9.233111572265625400e-01 0.000000000000000000e+00
4.720000000000000639e+00 6.680388176538805123e-01 8.911612548828125036e-01 0.000000000000000000e+00 -9.229666137695312633e-01 0.000000000000000000e+00
4.730000000000000426e+00 6.679980768536253333e-01 8.913379516601562802e-01 0.000000000000000000e+00 -9.226328124999999547e-01 0.000000000000000000e+00
4.740000000000000213e+00 6.679587506241105865e-01 8.915159301757812349e-01 0.000000000000000000e+00 -9.223061523437500187e-01 0.000000000000000000e+00
4.750000000000000000e+00 6.679202919910343095e-01 8.916930541992187376e-01 0.000000000000000000e+00 -9.219819946289062873e-01 0.000000000000000000e+00
4.760000000000000675e+00 6.678824113213883695e-01 8.918650512695311949e-01 0.000000000000000000e+00 -9.216576538085937687e-01 0.000000000000000000e+00
4.770000000000000462e+00 6.678451784857544204e-01 8.920281982421874867e-01 0.000000000000000000e+00 -9.213336181640624512e-01 0.000000000000000000e+00
4.780000000000000249e+00 6.678089984258551715e-01 8.921811523437499503e-01 0.000000000000000000e+00 -9.210136108398437882e-01 0.000000000000000000e+00
4.790000000000000036e+00 6.677742937042786542e-01 8.923263549804687500e-01 0.000000000000000000e+00 -9.207019042968750400e-01 0.000000000000000000e+00
4.800000000000000711e+00 6.677412529821735721e-01 8.924684448242187207e-01 0.000000000000000000e+00 -9.204008789062499973e-01 0.000000000000000000e+00
4.810000000000000497e+00 6.677097405589290657e-01 8.926110839843750533e-01 0.000000000000000000e+00 -9.201098632812499956e-01 0.000000000000000000e+00
4.820000000000000284e+00 6.676792860977677213e-01 8.927552490234375027e-01 0.000000000000000000e+00 -9.198247680664062287e-01 0.000000000000000000e+00
4.830000000000000071e+00 6.676494200572469229e-01 8.928982543945312988e-01 0.000000000000000000e+00 -9.195411376953125382e-01 0.000000000000000000e+00
4.839999999999999858e+00 6.676199226055744562e-01 8.930356445312499503e-01 0.000000000000000000e+00 -9.192567138671875471e-01 0.000000000000000000e+00
4.850000000000000533e+00 6.675909313187344818e-01 8.931641845703125471e-01 0.000000000000000000e+00 -9.189727783203125444e-01 0.000000000000000000e+00
4.860000000000000320e+00 6.675628254155602237e-01 8.932832031249999805e-01 0.000000000000000000e+00 -9.186932373046875488e-01 0.000000000000000000e+00
4.870000000000000107e+00 6.675359760974158840e-01 8.933957519531250391e-01 0.000000000000000000e+00 -9.184222412109375178e-01 0.000000000000000000e+00
4.879999999999999893e+00 6.675105143769617388e-01 8.935064697265624467e-01 0.000000000000000000e+00 -9.181616821289062536e-01 0.000000000000000000e+00
4.890000000000000568e+00 6.674862515192819812e-01 8.936187744140624556e-01 0.000000000000000000e+00 -9.179100952148437909e-01 0.000000000000000000e+00
4.900000000000000355e+00 6.674627440902631825e-01 8.937329711914062669e-01 0.000000000000000000e+00 -9.176630859375000115e-01 0.000000000000000000e+00
4.910499999000000670e+00 6.674396015661595571e-01 8.938457641601562642e-01 0.000000000000000000e+00 -9.174165039062499583e-01 0.000000000000000000e+00
4.920499999000000457e+00 6.674155269681287805e-01 8.939580078125000107e-01 0.000000000000000000e+00 -9.171561279296874813e-01 0.000000000000000000e+00
4.930499999000000244e+00 6.673930279822093414e-01 8.940560302734374964e-01 0.000000000000000000e+00 -9.169090576171875506e-01 0.000000000000000000e+00
4.940499999000000031e+00 6.673713163077577004e-01 8.941456909179688051e-01 0.000000000000000000e+00 -9.166671142578125542e-01 0.000000000000000000e+00
4.950499999000000706e+00 6.673506463905840569e-01 8.942308959960937331e-01 0.000000000000000000e+00 -9.164335327148437349e-01 0.000000000000000000e+00
4.960499999000000493e+00 6.673309796868625021e-01 8.943161010742187722e-01 0.000000000000000000e+00 -9.162083129882812038e-01 0.000000000000000000e+00
4.970499999000000280e+00 6.673119926269754920e-01 8.944039916992188033e-01 0.000000000000000000e+00 -9.159880371093750417e-01 0.000000000000000000e+00
4.980499999000000066e+00 6.672932921744804124e-01 8.944937744140625258e-01 0.000000000000000000e+00 -9.157681884765624947e-01 0.000000000000000000e+00
4.990499999000000741e+00 6.672746512958518394e-01 8.945815429687500320e-01 0.000000000000000000e+00 -9.155459594726562678e-01 0.000000000000000000e+00
5.000499999000000528e+00 6.672561086181604262e-01 8.946631469726562536e-01 0.000000000000000000e+00 -9.153216552734374512e-01 0.000000000000000000e+00
5.010499999000000315e+00 6.672379829017393016e-01 8.947364501953124494e-01 0.000000000000000000e+00 -9.150991210937500231e-01 0.000000000000000000e+00
5.020499999000000102e+00 6.672206096800512576e-01 8.948027343750000195e-01 0.000000000000000000e+00 -9.148826904296875062e-01 0.000000000000000000e+00
5.030499998999999889e+00 6.672041579410681322e-01 8.948662109374999618e-01 0.000000000000000000e+00 -9.146748657226562162e-01 0.000000000000000000e+00
5.040499999000000564e+00 6.671885552709977407e-01 8.949312744140625053e-01 0.000000000000000000e+00 -9.144751586914062758e-01 0.000000000000000000e+00
5.050499999000000351e+00 6.671734666502776578e-01 8.949999389648437553e-01 0.000000000000000000e+00 -9.142795410156250302e-01 0.000000000000000000e+00
5.060499999000000138e+00 6.671585568790973086e-01 8.950706787109374840e-01 0.000000000000000000e+00 -9.140836791992187349e-01 0.000000000000000000e+00
5.070499998999999924e+00 6.671436567703721288e-01 8.951394042968749964e-01 0.000000000000000000e+00 -9.138851928710937100e-01 0.000000000000000000e+00
5.080499999000000599e+00 6.671288650488813587e-01 8.952021484375000115e-01 0.000000000000000000e+00 -9.136852416992187198e-01 0.000000000000000000e+00
5.090499999000000386e+00 6.671144792993052297e-01 8.952572021484375142e-01 0.000000000000000000e+00 -9.134878540039061967e-01 0.000000000000000000e+00
5.100499999000000173e+00 6.671007794614015607e-01 8.953066406249999831e-01 0.000000000000000000e+00 -9.132971191406249467e-01 0.000000000000000000e+00
5.110499998999999960e+00 6.670878923614739220e-01 8.953549194335937988e-01 0.000000000000000000e+00 -9.131152343749999734e-01 0.000000000000000000e+00
5.120499999000000635e+00 6.670756842772913586e-01 8.954059448242187580e-01 0.000000000000000000e+00 -9.129407348632812003e-01 0.000000000000000000e+00
5.130499999000000422e+00 6.670638445915846315e-01 8.954613647460937242e-01 0.000000000000000000e+00 -9.127694091796875187e-01 0.000000000000000000e+00
5.140499999000000209e+00 6.670520857290227479e-01 8.955189208984375426e-01 0.000000000000000000e+00 -9.125970458984374867e-01 0.000000000000000000e+00
5.150499998999999995e+00 6.670403011203418497e-01 8.955742797851562464e-01 0.000000000000000000e+00 -9.124218750000000488e-01 0.000000000000000000e+00
5.160499999000000670e+00 6.670286171919002083e-01 8.956237792968749778e-01 0.000000000000000000e+00 -9.122456054687499982e-01 0.000000000000000000e+00
5.170499999000000457e+00 6.670173151082987584e-01 8.956663818359374973e-01 0.000000000000000000e+00 -9.120725097656250391e-01 0.000000000000000000e+00
5.180499999000000244e+00 6.670066303552838471e-01 8.957046508789062722e-01 0.000000000000000000e+00 -9.119064941406249680e-01 0.000000000000000000e+00
5.190499999000000031e+00 6.669966305763538328e-01 8.957431640624999858e-01 0.000000000000000000e+00 -9.117490844726562349e-01 0.000000000000000000e+00
5.200499999000000706e+00 6.669871609115665123e-01 8.957856445312499805e-01 0.000000000000000000e+00 -9.115982666015625124e-01 0.000000000000000000e+00
5.210499999000000493e+00 6.669779315436208389e-01 8.958327636718750320e-01 0.000000000000000000e+00 -9.114495849609375311e-01 0.000000000000000000e+00
5.220499999000000280e+00 6.669687045408412285e-01 8.958817749023437749e-01 0.000000000000000000e+00 -9.112990722656250098e-01 0.000000000000000000e+00
5.230499999000000066e+00 6.669594216966007183e-01 8.959282836914062020e-01 0.000000000000000000e+00 -9.111455078125000329e-01 0.000000000000000000e+00
5.240499999000000741e+00 6.669502343153186352e-01 8.959689331054687678e-01 0.000000000000000000e+00 -9.109912109375000178e-01 0.000000000000000000e+00
5.250499999000000528e+00 6.669414001445038709e-01 8.960032348632812615e-01 0.000000000000000000e+00 -9.108405761718749716e-01 0.000000000000000000e+00
5.260499999000000315e+00 6.669331084771624729e-01 8.960344848632812997e-01 0.000000000000000000e+00 -9.106972045898437118e-01 0.000000000000000000e+00
5.270499999000000102e+00 6.669253860086142849e-01 8.960671997070313033e-01 0.000000000000000000e+00 -9.105620727539062154e-01 0.000000000000000000e+00
5.280499998999999889e+00 6.669180532103671233e-01 8.961046142578125151e-01 0.000000000000000000e+00 -9.104324340820312278e-01 0.000000000000000000e+00
5.290499999000000564e+00 6.669108504876168908e-01 8.961467895507811976e-01 0.000000000000000000e+00 -9.103037719726562171e-01 0.000000000000000000e+00
5.300499999000000351e+00 6.669035964814150619e-01 8.961903686523438051e-01 0.000000000000000000e+00 -9.101726074218750018e-01 0.000000000000000000e+00
5.310499999000000138e+00 6.668962659645946145e-01 8.962308959960937349e-01 0.000000000000000000e+00 -9.100381469726562811e-01 0.000000000000000000e+00
5.320499998999999924e+00 6.668890347643180450e-01 8.962655029296875409e-01 0.000000000000000000e+00 -9.099034423828125107e-01 0.000000000000000000e+00
5.330499999000000599e+00 6.668821319081951193e-01 8.962944335937500506e-01 0.000000000000000000e+00 -9.097728881835936976e-01 0.000000000000000000e+00
5.340499999000000386e+00 6.668757048531250842e-01 8.963213500976562331e-01 0.000000000000000000e+00 -9.096497192382811958e-01 0.000000000000000000e+00
5.350499999000000173e+00 6.668697380379989825e-01 8.963507080078124689e-01 0.000000000000000000e+00 -9.095341796875000551e-01 0.000000000000000000e+00
5.360499998999999960e+00 6.668640496952112917e-01 8.963852539062500124e-01 0.000000000000000000e+00 -9.094230957031249618e-01 0.000000000000000000e+00
5.370499999000000635e+00 6.668584042752154772e-01 8.964243774414062393e-01 0.000000000000000000e+00 -9.093118286132813033e-01 0.000000000000000000e+00
5.380499999000000422e+00 6.668526617495641462e-01 8.964642333984375044e-01 0.000000000000000000e+00 -9.091972656250000284e-01 0.000000000000000000e+00
5.390499999000000209e+00 6.668468437953384287e-01 8.965005493164062145e-01 0.000000000000000000e+00 -9.090794677734375107e-01 0.000000000000000000e+00
5.400499998999999995e+00 6.668411267373531848e-01 8.965308227539062758e-01 0.000000000000000000e+00 -9.089618530273437802e-01 0.000000000000000000e+00
5.410499999000000670e+00 6.668357172227697971e-01 8.965559692382812917e-01 0.000000000000000000e+00 -9.088488769531249956e-01 0.000000000000000000e+00
5.420499999000000457e+00 6.668307189400032309e-01 8.965800781249999574e-01 0.000000000000000000e+00 -9.087432250976562598e-01 0.000000000000000000e+00
5.430499999000000244e+00 6.668260912628980464e-01 8.966074829101562393e-01 0.000000000000000000e+00 -9.086445922851562607e-01 0.000000000000000000e+00
5.440499999000000031e+00 6.668216418445953586e-01 8.966402587890625053e-01 0.000000000000000000e+00 -9.085491333007812420e-01 0.000000000000000000e+00
5.450499999000000706e+00 6.668171702302222448e-01 8.966772460937499911e-01 0.000000000000000000e+00 -9.084523925781250453e-01 0.000000000000000000e+00
5.460499999000000493e+00 6.668125786386361886e-01 8.967142333984374769e-01 0.000000000000000000e+00 -9.083518066406249813e-01 0.000000000000000000e+00
5.470499999000000280e+00 6.668079182908872582e-01 8.967470703125000053e-01 0.000000000000000000e+00 -9.082481079101561994e-01 0.000000000000000000e+00
5.480499999000000066e+00 6.668033638609146552e-01 8.967738037109375115e-01 0.000000000000000000e+00 -9.081450805664063042e-01 0.000000000000000000e+00
5.490499999000000741e+00 6.667990937846715038e-01 8.967961425781250107e-01 0.000000000000000000e+00 -9.080470581054687074e-01 0.000000000000000000e+00
5.500499999000000528e+00 6.667951815628271328e-01 8.968182983398437225e-01 0.000000000000000000e+00 -9.079562988281250080e-01 0.000000000000000000e+00
5.510499999000000315e+00 6.667915566684968764e-01 8.968444213867187154e-01 0.000000000000000000e+00 -9.078717041015624822e-01 0.000000000000000000e+00
5.520499999000000102e+00 6.667880318758040437e-01 8.968760986328124796e-01 0.000000000000000000e+00 -9.077890625000000213e-01 0.000000000000000000e+00
5.530499999000000777e+00 6.667844399368518804e-01 8.969113769531249503e-01 0.000000000000000000e+00 -9.077041625976562944e-01 0.000000000000000000e+00
5.540499999000000564e+00 6.667807174212735388e-01 8.969458618164062313e-01 0.000000000000000000e+00 -9.076149902343749742e-01 0.000000000000000000e+00
5.550499999000000351e+00 6.667769358982031935e-01 8.969757690429687180e-01 0.000000000000000000e+00 -9.075228881835937234e-01 0.000000000000000000e+00
5.560499999000000138e+00 6.667732700873321150e-01 8.969995727539062935e-01 0.000000000000000000e+00 -9.074320678710937615e-01 0.000000000000000000e+00
5.570499998999999924e+00 6.667698667907068222e-01 8.970197143554687891e-01 0.000000000000000000e+00 -9.073465576171875213e-01 0.000000000000000000e+00
5.580499999000000599e+00 6.667667745291957493e-01 8.970405273437499494e-01 0.000000000000000000e+00 -9.072681884765625426e-01 0.000000000000000000e+00
5.590499999000000386e+00 6.667638970844304014e-01 8.970657958984374902e-01 0.000000000000000000e+00 -9.071950073242187607e-01 0.000000000000000000e+00
5.600499999000000173e+00 6.667610643817616367e-01 8.970965576171875400e-01 0.000000000000000000e+00 -9.071227416992188042e-01 0.000000000000000000e+00
5.610499998999999960e+00 6.667581347438585881e-01 8.971301879882812580e-01 0.000000000000000000e+00 -9.070473632812500187e-01 0.000000000000000000e+00
5.620499999000000635e+00 6.667550727148279233e-01 8.971622314453124858e-01 0.000000000000000000e+00 -9.069674072265625497e-01 0.000000000000000000e+00
5.630499999000000422e+00 6.667519683061631230e-01 8.971892089843750417e-01 0.000000000000000000e+00 -9.068848876953125027e-01 0.000000000000000000e+00
5.640499999000000209e+00 6.667489876597472165e-01 8.972102661132812518e-01 0.000000000000000000e+00 -9.068042602539062580e-01 0.000000000000000000e+00
5.650499998999999995e+00 6.667462488028840228e-01 8.972283935546875311e-01 0.000000000000000000e+00 -9.067291870117187846e-01 0.000000000000000000e+00
5.660499999000000670e+00 6.667437771450268613e-01 8.972481079101563006e-01 0.000000000000000000e+00 -9.066610107421875231e-01 0.000000000000000000e+00
5.670499999000000457e+00 6.667414624781160537e-01 8.972727661132812171e-01 0.000000000000000000e+00 -9.065971069335937438e-01 0.000000000000000000e+00
5.680499999000000244e+00 6.667391484057025863e-01 8.973026733398437038e-01 0.000000000000000000e+00 -9.065330810546875506e-01 0.000000000000000000e+00
