4.700000000000000289e-01 4.000000000000000000e+00 0.000000000000000000e+00 0.000000000000000000e+00
4.800000000000000377e-01 4.000000000000000000e+00 0.000000000000000000e+00 0.000000000000000000e+00
4.900000000000000466e-01 4.000000000000000000e+00 0.000000000000000000e+00 0.000000000000000000e+00
5.000000000000000000e-01 4.000000000000000000e+00 0.000000000000000000e+00 0.000000000000000000e+00
5.104999989999999821e-01 4.000000000000000000e+00 0.000000000000000000e+00 0.000000000000000000e+00
5.204999989999999910e-01 4.000000000000000000e+00 0.000000000000000000e+00 0.000000000000000000e+00
5.304999989999999999e-01 4.000000000000000000e+00 0.000000000000000000e+00 0.000000000000000000e+00
5.404999990000000087e-01 4.000000000000000000e+00 0.000000000000000000e+00 0.000000000000000000e+00
5.504999990000000176e-01 4.000000000000000000e+00 0.000000000000000000e+00 0.000000000000000000e+00
5.604999990000000265e-01 4.000000000000000000e+00 0.000000000000000000e+00 0.000000000000000000e+00
5.704999990000000354e-01 4.000000000000000000e+00 0.000000000000000000e+00 0.000000000000000000e+00
5.804999990000000443e-01 4.000000000000000000e+00 0.000000000000000000e+00 0.000000000000000000e+00
5.904999990000000532e-01 4.000000000000000000e+00 0.000000000000000000e+00 0.000000000000000000e+00
6.004999990000000620e-01 4.000000000000000000e+00 0.000000000000000000e+00 0.000000000000000000e+00
6.104999990000000709e-01 4.000000000000000000e+00 0.000000000000000000e+00 0.000000000000000000e+00
6.204999990000000798e-01 4.000000000000000000e+00 0.000000000000000000e+00 0.000000000000000000e+00
6.304999990000000887e-01 4.000000000000000000e+00 0.000000000000000000e+00 0.000000000000000000e+00
6.404999989999999865e-01 4.000000000000000000e+00 0.000000000000000000e+00 0.000000000000000000e+00
6.504999989999999954e-01 4.000000000000000000e+00 0.000000000000000000e+00 0.000000000000000000e+00
6.604999990000000043e-01 4.000000000000000000e+00 0.000000000000000000e+00 0.000000000000000000e+00
6.704999990000000132e-01 4.000000000000000000e+00 0.000000000000000000e+00 0.000000000000000000e+00
6.804999990000000221e-01 4.000000000000000000e+00 0.000000000000000000e+00 0.000000000000000000e+00
6.904999990000000309e-01 4.000000000000000000e+00 0.000000000000000000e+00 0.000000000000000000e+00
7.004999990000000398e-01 4.000000000000000000e+00 0.000000000000000000e+00 0.000000000000000000e+00
7.104999990000000487e-01 4.000000000000000000e+00 0.000000000000000000e+00 0.000000000000000000e+00
7.204999990000000576e-01 4.000000000000000000e+00 0.000000000000000000e+00 0.000000000000000000e+00
7.304999990000000665e-01 4.000000000000000000e+00 0.000000000000000000e+00 0.000000000000000000e+00
7.404999990000000754e-01 4.000000000000000000e+00 0.000000000000000000e+00 0.000000000000000000e+00
7.504999990000000842e-01 4.000000000000000000e+00 0.000000000000000000e+00 0.000000000000000000e+00
7.604999990000000931e-01 4.000000000000000000e+00 0.000000000000000000e+00 0.000000000000000000e+00
7.704999990000001020e-01 4.000000000000000000e+00 0.000000000000000000e+00 0.000000000000000000e+00
7.804999989999999999e-01 4.000000000000000000e+00 0.000000000000000000e+00 0.000000000000000000e+00
7.904999990000000087e-01 4.000000000000000000e+00 0.000000000000000000e+00 0.000000000000000000e+00
8.004999990000000176e-01 4.000000000000000000e+00 0.000000000000000000e+00 0.000000000000000000e+00
8.104999990000000265e-01 4.000000000000000000e+00 0.000000000000000000e+00 0.000000000000000000e+00
8.204999990000000354e-01 4.000000000000000000e+00 0.000000000000000000e+00 0.000000000000000000e+00
8.304999990000000443e-01 4.000000000000000000e+00 0.000000000000000000e+00 0.000000000000000000e+00
8.404999990000000532e-01 4.000000000000000000e+00 0.000000000000000000e+00 0.000000000000000000e+00
8.504999990000000620e-01 4.000000000000000000e+00 0.000000000000000000e+00 0.000000000000000000e+00
8.604999990000000709e-01 4.000000000000000000e+00 0.000000000000000000e+00 0.000000000000000000e+00
8.704999990000000798e-01 4.000000000000000000e+00 0.000000000000000000e+00 0.000000000000000000e+00
8.804999990000000887e-01 4.000000000000000000e+00 0.000000000000000000e+00 0.000000000000000000e+00
8.904999990000000976e-01 4.000000000000000000e+00 0.000000000000000000e+00 0.000000000000000000e+00
9.004999990000001064e-01 4.000000000000000000e+00 0.000000000000000000e+00 0.000000000000000000e+00
9.104999990000000043e-01 4.000000000000000000e+00 0.000000000000000000e+00 0.000000000000000000e+00
9.204999990000000132e-01 4.000000000000000000e+00 0.000000000000000000e+00 0.000000000000000000e+00
9.304999990000000221e-01 4.000000000000000000e+00 0.000000000000000000e+00 0.000000000000000000e+00
9.404999990000000309e-01 4.000000000000000000e+00 0.000000000000000000e+00 0.000000000000000000e+00
9.504999990000000398e-01 4.000000000000000000e+00 0.000000000000000000e+00 0.000000000000000000e+00
9.604999990000000487e-01 4.000000000000000000e+00 0.000000000000000000e+00 0.000000000000000000e+00
9.704999990000000576e-01 4.000000000000000000e+00 0.000000000000000000e+00 0.000000000000000000e+00
9.804999990000000665e-01 4.000000000000000000e+00 0.000000000000000000e+00 0.000000000000000000e+00
9.904999990000000754e-01 4.000000000000000000e+00 0.000000000000000000e+00 0.000000000000000000e+00
1.000499999000000084e+00 4.000000000000000000e+00 0.000000000000000000e+00 0.000000000000000000e+00
1.010499999000000093e+00 4.000000000000000000e+00 0.000000000000000000e+00 0.000000000000000000e+00
1.020499999000000102e+00 4.000000000000000000e+00 0.000000000000000000e+00 0.000000000000000000e+00
1.030499999000000111e+00 4.000000000000000000e+00 0.000000000000000000e+00 0.000000000000000000e+00
1.040499999000000120e+00 4.000000000000000000e+00 0.000000000000000000e+00 0.000000000000000000e+00
1.050499999000000129e+00 4.000000000000000000e+00 0.000000000000000000e+00 0.000000000000000000e+00
1.060499999000000138e+00 8.584073465142347814e-01 9.085816418519242952e-08 9.172980207949876489e-08
1.070499999000000146e+00 8.584073656013128106e-01 2.941886661574244662e-06 2.975149312987923592e-06
1.080499999000000155e+00 8.584076260797475211e-01 1.754578202962875312e-05 1.775637082755565795e-05
1.090499999000000164e+00 8.584088850983035979e-01 5.466319993138313017e-05 5.535705387592315777e-05
1.100499999000000173e+00 8.584125040205761170e-01 1.223415136337280382e-04 1.240769028663635232e-04
1.110499998999999960e+00 8.584202440102597365e-01 2.251997292041778450e-04 2.287939786911010647e-04
1.120499998999999969e+00 8.584342275022180946e-01 3.672971725463867283e-04 3.734681904315948734e-04
1.130499998999999978e+00 8.584568324011718765e-01 5.520677566528320226e-04 5.606373548507690005e-04
1.140499998999999987e+00 8.584908341503765250e-01 7.840651869773865041e-04 7.928929328918457066e-04
1.150499998999999995e+00 8.585394895696303319e-01 1.068924903869628842e-03 1.072897434234619139e-03
1.160499999000000004e+00 8.586065019253117381e-01 1.412411808967590316e-03 1.403132557868957487e-03
1.170499999000000013e+00 8.586959753979686027e-01 1.819564700126647923e-03 1.786248326301574782e-03
1.180499999000000022e+00 8.588122365058856733e-01 2.293460607528686416e-03 2.225157737731933445e-03
1.190499999000000031e+00 8.589592092929425604e-01 2.833150148391723813e-03 2.721695661544799947e-03
1.200499999000000040e+00 8.591407219308953014e-01 3.436757087707519552e-03 3.277688980102539014e-03
1.210499999000000049e+00 8.593603766036745917e-01 4.102372646331787533e-03 3.893734931945800736e-03
1.220499999000000058e+00 8.596221490380926422e-01 4.830549716949463293e-03 4.570275306701660108e-03
1.230499999000000066e+00 8.599302840639744261e-01 5.623743057250976153e-03 5.306811332702636962e-03
1.240499999000000075e+00 8.602892955670584652e-01 6.485347270965576179e-03 6.102545738220215010e-03
1.250499999000000084e+00 8.607037672065833700e-01 7.417874336242675712e-03 6.957196712493896908e-03
1.260499999000000093e+00 8.611784910555784212e-01 8.422336578369139792e-03 7.872306823730468306e-03
1.270499999000000102e+00 8.617173606925336848e-01 9.495838165283203292e-03 8.849499702453612893e-03
1.280499999000000111e+00 8.623230003404782629e-01 1.063281917572021437e-02 9.888959884643553841e-03
1.290499999000000120e+00 8.629975274827061948e-01 1.182857227325439381e-02 1.098945045471191352e-02
1.300499999000000129e+00 8.637422545222872561e-01 1.307987403869628924e-02 1.214682102203369120e-02
1.310499999000000138e+00 8.645595462173796264e-01 1.438739585876464867e-02 1.335751438140869198e-02
1.320499999000000146e+00 8.654522840872824752e-01 1.575260162353515556e-02 1.461918354034423898e-02
1.330499999000000155e+00 8.664243372154326606e-01 1.717682456970214683e-02 1.593254470825195349e-02
1.340499999000000164e+00 8.674789908036693031e-01 1.865831756591796939e-02 1.729961204528808472e-02
1.350499999000000173e+00 8.686186628041590030e-01 2.019328308105468664e-02 1.872226333618164096e-02
1.360499999000000182e+00 8.698432145025845053e-01 2.177574729919433752e-02 2.019856262207031170e-02
1.370499999000000191e+00 8.711515218290822871e-01 2.340131759643554812e-02 2.172371673583984447e-02
1.380499998999999978e+00 8.725429796230056434e-01 2.506871223449707101e-02 2.329218482971191426e-02
1.390499998999999987e+00 8.740179167468125065e-01 2.677812194824218811e-02 2.489989471435546942e-02
1.400499998999999995e+00 8.755785687344719292e-01 2.853045463562011580e-02 2.654667091369629014e-02
1.410499999000000004e+00 8.772260476244377880e-01 3.032304382324218714e-02 2.823355865478515553e-02
1.420499999000000013e+00 8.789597970618165945e-01 3.215071487426757885e-02 2.996095466613769506e-02
1.430499999000000022e+00 8.808695156537901250e-01 3.410037612915039346e-02 3.181497383117675576e-02
1.440499999000000031e+00 8.826719183240496758e-01 3.588685989379882674e-02 3.352202987670898499e-02
1.450499999000000040e+00 8.846430241812468509e-01 3.778950500488281045e-02 3.534371185302734308e-02
1.460499999000000049e+00 8.866888521512330534e-01 3.971539688110351657e-02 3.718735122680664335e-02
1.470499999000000058e+00 8.888097191360130322e-01 4.166436386108398476e-02 3.905284500122069985e-02
1.480499999000000066e+00 8.910048497308244997e-01 4.363304138183593528e-02 4.094144058227539018e-02
1.490499999000000075e+00 8.932703926533362981e-01 4.561526870727539151e-02 4.285211181640625339e-02
1.500499999000000084e+00 8.956003420939637749e-01 4.760484695434570590e-02 4.478081130981445557e-02
1.510499999000000093e+00 8.979883008233005004e-01 4.959823989868163835e-02 4.672090148925781006e-02
1.520499999000000102e+00 9.004303264256833250e-01 5.159526062011719066e-02 4.866703033447265792e-02
1.530499999000000111e+00 9.029251985330734032e-01 5.359704971313476729e-02 5.061716842651366871e-02
1.540499999000000120e+00 9.054721278706604481e-01 5.560263061523437744e-02 5.257213211059569985e-02
1.550499999000000129e+00 9.080683924744599178e-01 5.760786056518554799e-02 5.453297042846679682e-02
1.560499999000000138e+00 9.107078768233503041e-01 5.960663604736328447e-02 5.649777603149414018e-02
1.570499999000000146e+00 9.133828962840113697e-01 6.159398269653320462e-02 5.846162033081054449e-02
1.580499999000000155e+00 9.160868379253210847e-01 6.356822967529296431e-02 6.041831207275390886e-02
1.590499999000000164e+00 9.188167144149208543e-01 6.553074645996093128e-02 6.236416244506835793e-02
1.600499999000000173e+00 9.215716958463089359e-01 6.748268890380859641e-02 6.429881286621093317e-02
1.610499999000000182e+00 9.243507187828909899e-01 6.942252349853515747e-02 6.622420501708983775e-02
1.620499999000000191e+00 9.271496586473549906e-01 7.134579467773437267e-02 6.814095306396483753e-02
1.630499999000000200e+00 9.299610877456331304e-01 7.324698638916016247e-02 7.004639434814452503e-02
1.640499999000000209e+00 9.327775990853293120e-01 7.512328338623046331e-02 7.193547821044922463e-02
1.650499998999999995e+00 9.355938041485966083e-01 7.697486114501952970e-02 7.380308532714843772e-02
1.660499999000000004e+00 9.384087128151938906e-01 7.880430603027344105e-02 7.564755249023437378e-02
1.670499999000000013e+00 9.412227271846353993e-01 8.061269378662108687e-02 7.747043609619140569e-02
1.680499999000000022e+00 9.440343380923867933e-01 8.239775848388672386e-02 7.927405548095703414e-02
1.690499999000000031e+00 9.468390229723733231e-01 8.415535736083984419e-02 8.105874633789061923e-02
1.700499999000000040e+00 9.496291671907304277e-01 8.588119506835938111e-02 8.282120513916015059e-02
1.710499999000000049e+00 9.523986296025642728e-01 8.757447052001952892e-02 8.455663299560546575e-02
1.720499999000000058e+00 9.551450599560462607e-01 8.923748016357421764e-02 8.626188659667968772e-02
1.730499999000000066e+00 9.578691589534888973e-01 9.087303161621093639e-02 8.793698120117186823e-02
1.740499999000000075e+00 9.605728095923412591e-01 9.248198699951172552e-02 8.958516693115234353e-02
1.750499999000000084e+00 9.632542527900813667e-01 9.406166076660156528e-02 9.120872497558593639e-02
1.760499999000000093e+00 9.659084356508211844e-01 9.560812377929688022e-02 9.280723571777343972e-02
1.770499999000000102e+00 9.685292303726367180e-01 9.711914062500000278e-02 9.437737274169921697e-02
1.780499999000000111e+00 9.711121052677801346e-01 9.859543609619141058e-02 9.591478729248047175e-02
1.790499999000000120e+00 9.736581596064888267e-01 1.000409088134765617e-01 9.741850280761718550e-02
1.800499999000000129e+00 9.761700643228596874e-01 1.014583282470703091e-01 9.889035797119140325e-02
1.810499999000000138e+00 9.786498978248296954e-01 1.028476257324218712e-01 1.003342056274414001e-01
1.820499999000000146e+00 9.810961827550936931e-01 1.042062072753906221e-01 1.017522583007812453e-01
1.830499999000000155e+00 9.835032731394908190e-01 1.055304794311523464e-01 1.031429901123046833e-01
1.840499999000000164e+00 9.858668545339510647e-01 1.068201675415039048e-01 1.045030975341796897e-01
1.850499999000000173e+00 9.881853546494727691e-01 1.080777587890625058e-01 1.058295898437500021e-01
1.860499999000000182e+00 9.904619720379410630e-01 1.093074874877929675e-01 1.071229782104492212e-01
1.870499999000000191e+00 9.927013900601723284e-01 1.105118865966796815e-01 1.083869857788085922e-01
1.880499999000000200e+00 9.949049922339836538e-01 1.116898040771484441e-01 1.096252593994140601e-01
1.890499999000000209e+00 9.970707361561718107e-01 1.128384704589843746e-01 1.108392486572265662e-01
1.900499999000000217e+00 9.991936899611205680e-01 1.139555587768554673e-01 1.120268096923828088e-01
1.910499999000000226e+00 1.001270742686648951e+00 1.150420761108398443e-01 1.131844635009765648e-01
1.920499999000000013e+00 1.003303897688509361e+00 1.161021270751953077e-01 1.143111343383789030e-01
1.930499999000000022e+00 1.005297745409809984e+00 1.171395950317382778e-01 1.154086608886718684e-01
1.940499999000000031e+00 1.007257377976064738e+00 1.181560058593749962e-01 1.164816665649414107e-01
1.950499999000000040e+00 1.009183585842571729e+00 1.191495437622070303e-01 1.175334396362304745e-01
1.960499999000000049e+00 1.011072863234273145e+00 1.201171188354492186e-01 1.185639572143554754e-01
1.970499999000000058e+00 1.012921647509976930e+00 1.210580825805664118e-01 1.195707092285156203e-01
1.980499999000000066e+00 1.014728513451122138e+00 1.219746017456054682e-01 1.205506286621093742e-01
1.990499999000000075e+00 1.016497856218029128e+00 1.228714141845703156e-01 1.215041503906249959e-01
2.000499999000000084e+00 1.018235576909800155e+00 1.237518310546874972e-01 1.224346237182617203e-01
2.010499999000000315e+00 1.019945549219431813e+00 1.246158370971679752e-01 1.233465270996093738e-01
2.020499999000000102e+00 1.021627434352029073e+00 1.254610519409179725e-01 1.242422790527343696e-01
2.030499999000000333e+00 1.023276957856913638e+00 1.262847671508789127e-01 1.251205520629882773e-01
2.040499999000000120e+00 1.024891362505487180e+00 1.270875930786132812e-01 1.259782867431640530e-01
2.050499998999999907e+00 1.026471966177179507e+00 1.278730239868164087e-01 1.268137283325195264e-01
2.060499999000000138e+00 1.028024140440643830e+00 1.286454467773437416e-01 1.276283416748046906e-01
2.070499998999999924e+00 1.029554117292387660e+00 1.294070739746093768e-01 1.284265747070312547e-01
2.080499999000000155e+00 1.031064139736298069e+00 1.301566009521484268e-01 1.292122650146484419e-01
2.090499998999999942e+00 1.032551890400124073e+00 1.308909912109375018e-01 1.299863281249999947e-01
2.100499999000000173e+00 1.034013350490926353e+00 1.316086730957031214e-01 1.307465057373046746e-01
2.110499998999999960e+00 1.035446654827077761e+00 1.323112335205078038e-01 1.314895782470703045e-01
2.120499999000000191e+00 1.036855424501689882e+00 1.330029296874999933e-01 1.322151794433593652e-01
2.130499998999999978e+00 1.038245679197819182e+00 1.336874084472656210e-01 1.329259185791015763e-01
2.140499999000000209e+00 1.039622505542371345e+00 1.343653411865234348e-01 1.336263885498046866e-01
2.150499998999999995e+00 1.040986270222650445e+00 1.350343780517578030e-01 1.343194427490234377e-01
2.160499999000000226e+00 1.042332981673650405e+00 1.356913452148437449e-01 1.350044097900390538e-01
2.170499999000000013e+00 1.043659052074724647e+00 1.363358459472656381e-01 1.356782684326171828e-01
2.180499999000000244e+00 1.044964302578837323e+00 1.369704742431640532e-01 1.363384094238281330e-01
2.190499999000000031e+00 1.046253632883607398e+00 1.375995483398437524e-01 1.369855194091796902e-01
2.200499999000000262e+00 1.047533190436299222e+00 1.382255859375000062e-01 1.376232757568359444e-01
2.210499999000000049e+00 1.048806152104498901e+00 1.388477172851562413e-01 1.382557678222656183e-01
2.220499999000000280e+00 1.050070723223041513e+00 1.394627990722656363e-01 1.388844451904296950e-01
2.230499999000000066e+00 1.051322158820244823e+00 1.400682220458984439e-01 1.395073394775390718e-01
2.240499999000000297e+00 1.052557459557876385e+00 1.406646270751953087e-01 1.401209716796875115e-01
2.250499999000000084e+00 1.053778511202193124e+00 1.412554779052734300e-01 1.407238311767578243e-01
2.260499999000000315e+00 1.054990830389104906e+00 1.418445587158203014e-01 1.413176116943359317e-01
2.270499999000000102e+00 1.056199785848329187e+00 1.424329833984374905e-01 1.419064941406250058e-01
2.280499999000000333e+00 1.057406418274291493e+00 1.430186004638671904e-01 1.424936828613281303e-01
2.290499999000000120e+00 1.058606882470178645e+00 1.435978393554687427e-01 1.430790557861328083e-01
2.300499999000000351e+00 1.059796457735682207e+00 1.441691436767578161e-01 1.436596527099609499e-01
2.310499999000000138e+00 1.060973236995528701e+00 1.447341156005859386e-01 1.442321014404296942e-01
2.320499998999999924e+00 1.062140824892032542e+00 1.452966613769531290e-01 1.447960510253906152e-01
2.330499999000000155e+00 1.063304959293566165e+00 1.458596343994140732e-01 1.453542327880859297e-01
2.340499998999999942e+00 1.064469478071135899e+00 1.464226684570312520e-01 1.459107360839843881e-01
2.350499999000000173e+00 1.065633153625586971e+00 1.469826507568359475e-01 1.464675140380859442e-01
2.360499998999999960e+00 1.066790862931597861e+00 1.475362091064453263e-01 1.470230560302734357e-01
2.370499999000000191e+00 1.067938250756275131e+00 1.480829162597656345e-01 1.475736694335937627e-01
2.380499998999999978e+00 1.069075301509140985e+00 1.486253662109374984e-01 1.481168060302734402e-01
2.390499999000000209e+00 1.070206661655342284e+00 1.491673431396484395e-01 1.486531677246093752e-01
2.400499998999999995e+00 1.071337760003717055e+00 1.497105102539062482e-01 1.491862945556640674e-01
2.410499999000000226e+00 1.072470490205947424e+00 1.502531585693359373e-01 1.497197113037109506e-01
2.420499999000000013e+00 1.073601429532196727e+00 1.507915802001953132e-01 1.502538909912109477e-01
2.430499999000000244e+00 1.074725023892419307e+00 1.513231964111328154e-01 1.507861785888671979e-01
2.440499999000000031e+00 1.075837884676128287e+00 1.518487091064453232e-01 1.513127136230468794e-01
2.450499999000000262e+00 1.076942055284030308e+00 1.523714904785156143e-01 1.518321075439452994e-01
2.460499999000000049e+00 1.078042847429196538e+00 1.528947753906249873e-01 1.523461761474609322e-01
2.470499999000000280e+00 1.079144644832191968e+00 1.534188232421875020e-01 1.528588104248046753e-01
2.480499999000000066e+00 1.080247126968339577e+00 1.539408721923828105e-01 1.533724822998046855e-01
2.490499999000000297e+00 1.081345235870200927e+00 1.544570770263671844e-01 1.538863067626953240e-01
2.500000000000000000e+00 1.082433724587152923e+00 1.549661254882812589e-01 1.543967132568359324e-01
2.510000000000000231e+00 1.083457206936780493e+00 1.554446258544921744e-01 1.548753814697265696e-01
2.520000000000000018e+00 1.084522232006886355e+00 1.559437408447265638e-01 1.553708496093750002e-01
2.530000000000000249e+00 1.085569135379781835e+00 1.564349670410156157e-01 1.558558654785156261e-01
2.540000000000000036e+00 1.086594250803877726e+00 1.569144592285156292e-01 1.563309478759765669e-01
2.550000000000000266e+00 1.087598836451389772e+00 1.573804626464843648e-01 1.567991180419921748e-01
2.560000000000000053e+00 1.088588355056312906e+00 1.578341674804687456e-01 1.572643432617187587e-01
2.570000000000000284e+00 1.089568815795884715e+00 1.582794342041015656e-01 1.577283935546875127e-01
2.580000000000000071e+00 1.090542306835892372e+00 1.587198486328124936e-01 1.581896514892578154e-01
2.590000000000000302e+00 1.091505809864120602e+00 1.591563720703124962e-01 1.586443939208984355e-01
2.600000000000000089e+00 1.092454222033880651e+00 1.595868377685547013e-01 1.590901184082031128e-01
2.610000000000000320e+00 1.093384646651875070e+00 1.600078277587890507e-01 1.595276336669921857e-01
2.620000000000000107e+00 1.094299708282960859e+00 1.604182128906249949e-01 1.599605560302734264e-01
2.630000000000000338e+00 1.095205283205238578e+00 1.608199005126953185e-01 1.603924407958984277e-01
2.640000000000000124e+00 1.096106533027007446e+00 1.612170410156250067e-01 1.608239135742187409e-01
2.650000000000000355e+00 1.097003706653818522e+00 1.616125030517578109e-01 1.612523498535156363e-01
2.660000000000000142e+00 1.097892241754461207e+00 1.620058593750000053e-01 1.616740112304687615e-01
2.670000000000000373e+00 1.098767319320184122e+00 1.623940887451171822e-01 1.620875396728515550e-01
2.680000000000000160e+00 1.099627585067305846e+00 1.627741088867187547e-01 1.624948272705078189e-01
2.689999999999999947e+00 1.100477326000400602e+00 1.631459197998046950e-01 1.628998413085937513e-01
2.700000000000000178e+00 1.101322556334192182e+00 1.635124511718749896e-01 1.633051757812500060e-01
2.709999999999999964e+00 1.102166757187625468e+00 1.638776702880859470e-01 1.637100524902343757e-01
2.720000000000000195e+00 1.103007911581308731e+00 1.642431945800781334e-01 1.641110229492187544e-01
2.729999999999999982e+00 1.103840571024970130e+00 1.646073303222656270e-01 1.645048370361328061e-01
2.740000000000000213e+00 1.104660623707559575e+00 1.649664764404296935e-01 1.648913879394531268e-01
2.750000000000000000e+00 1.105468900000100785e+00 1.653184967041015641e-01 1.652736053466796751e-01
2.760000000000000231e+00 1.106270727222782746e+00 1.656644439697265714e-01 1.656553039550781314e-01
2.770000000000000018e+00 1.107071623412912098e+00 1.660080108642578156e-01 1.660378112792968708e-01
2.780000000000000249e+00 1.107872947610457626e+00 1.663524627685546986e-01 1.664190979003906112e-01
2.790000000000000036e+00 1.108670613346490086e+00 1.666980133056640556e-01 1.667952575683593619e-01
2.800000000000000266e+00 1.109459116556616776e+00 1.670419006347656221e-01 1.671640930175781192e-01
2.810000000000000053e+00 1.110235655108585906e+00 1.673805541992187396e-01 1.675266723632812538e-01
2.820000000000000284e+00 1.111041414164762653e+00 1.677294464111327987e-01 1.679046936035156201e-01
2.830000000000000071e+00 1.111767496312438208e+00 1.680412902832031374e-01 1.682472686767578218e-01
2.840000000000000302e+00 1.112532924795191391e+00 1.683694458007812533e-01 1.686083679199218699e-01
2.850000000000000089e+00 1.113298504207523187e+00 1.686996002197265754e-01 1.689669647216796855e-01
2.860000000000000320e+00 1.114058778425515150e+00 1.690306243896484428e-01 1.693192901611328127e-01
2.870000000000000107e+00 1.114808766605392965e+00 1.693590393066406186e-01 1.696643676757812469e-01
2.880000000000000338e+00 1.115547589587659871e+00 1.696818389892578161e-01 1.700044403076171884e-01
2.890000000000000124e+00 1.116279831941087597e+00 1.699992370605468706e-01 1.703434295654296937e-01
2.900000000000000355e+00 1.117011217591414196e+00 1.703143005371093865e-01 1.706834106445312416e-01
2.910000000000000142e+00 1.117744246961920096e+00 1.706306152343750049e-01 1.710230407714843637e-01
2.920000000000000373e+00 1.118475760233794913e+00 1.709490661621093643e-01 1.713586120605468666e-01
2.930000000000000160e+00 1.119199837466339220e+00 1.712673797607421888e-01 1.716871185302734359e-01
2.940000000000000391e+00 1.119912525806601611e+00 1.715817565917968635e-01 1.720088500976562629e-01
2.950000000000000178e+00 1.120615269551586080e+00 1.718902893066406312e-01 1.723270263671874969e-01
2.959999999999999964e+00 1.121313559663997594e+00 1.721942901611328014e-01 1.726452484130859277e-01
2.970000000000000195e+00 1.122012421986472441e+00 1.724974517822265574e-01 1.729643096923828005e-01
2.979999999999999982e+00 1.122712195431926130e+00 1.728025360107421915e-01 1.732817535400390518e-01
2.990000000000000213e+00 1.123408000356748149e+00 1.731091461181640534e-01 1.735936431884765596e-01
3.000000000000000000e+00 1.124094206001652552e+00 1.734140624999999936e-01 1.738982086181640740e-01
3.010000000000000231e+00 1.124768486267995637e+00 1.737137756347656159e-01 1.741969146728515605e-01
3.020000000000000018e+00 1.125434394940313387e+00 1.740076141357422002e-01 1.744936065673828030e-01
3.030000000000000249e+00 1.126097802604858478e+00 1.742980041503906230e-01 1.747910766601562527e-01
3.040000000000000036e+00 1.126762336241555307e+00 1.745887145996093681e-01 1.750887756347656310e-01
3.050000000000000266e+00 1.127426078033309853e+00 1.748813781738281226e-01 1.753833770751953014e-01
3.060000000000000053e+00 1.128083152850182458e+00 1.751743469238281337e-01 1.756713409423828198e-01
3.070000000000000284e+00 1.128728777824994589e+00 1.754638671875000111e-01 1.759522094726562458e-01
3.080000000000000071e+00 1.129362895403630995e+00 1.757472839355468663e-01 1.762286071777343643e-01
3.090000000000000302e+00 1.129990551199164139e+00 1.760251617431640714e-01 1.765044403076171942e-01
3.100000000000000089e+00 1.130617269518958912e+00 1.763007965087890760e-01 1.767812957763671977e-01
3.110000000000000320e+00 1.131244793482423239e+00 1.765774841308593857e-01 1.770574188232421908e-01
3.120000000000000107e+00 1.131869219160848594e+00 1.768556060791015572e-01 1.773289947509765763e-01
3.130000000000000338e+00 1.132484587407209586e+00 1.771324920654296919e-01 1.775934600830078036e-01
3.140000000000000124e+00 1.133087374051819918e+00 1.774043579101562407e-01 1.778515167236328076e-01
3.150000000000000355e+00 1.133679883831601343e+00 1.776697082519531345e-01 1.781067047119140601e-01
3.160000000000000142e+00 1.134267850784346887e+00 1.779302062988281363e-01 1.783624114990234322e-01
3.170000000000000373e+00 1.134855925093008810e+00 1.781895599365234395e-01 1.786190185546875087e-01
3.180000000000000160e+00 1.135443876310372691e+00 1.784502716064453043e-01 1.788738250732421764e-01
3.190000000000000391e+00 1.136026405746810575e+00 1.787115478515625133e-01 1.791229858398437624e-01
3.200000000000000178e+00 1.136597995171872988e+00 1.789700012207031121e-01 1.793650665283203216e-01
3.210000000000000409e+00 1.137156986471489883e+00 1.792223358154296786e-01 1.796019287109374973e-01
3.220000000000000195e+00 1.137707388987357682e+00 1.794682006835937593e-01 1.798374481201171771e-01
3.229999999999999982e+00 1.138255193001783017e+00 1.797102661132812529e-01 1.800742034912109490e-01
3.240000000000000213e+00 1.138803657885925302e+00 1.799522399902343806e-01 1.803113403320312502e-01
3.250000000000000000e+00 1.139350421241976052e+00 1.801955108642578074e-01 1.805454101562500024e-01
3.260000000000000231e+00 1.139889530771097004e+00 1.804382324218750111e-01 1.807730712890625036e-01
3.270000000000000018e+00 1.140416405661075494e+00 1.806766662597656115e-01 1.809940795898437593e-01
3.280000000000000249e+00 1.140931481922783819e+00 1.809083404541015627e-01 1.812113037109374936e-01
3.290000000000000036e+00 1.141440067080343734e+00 1.811340942382812513e-01 1.814285430908203212e-01
3.300000000000000266e+00 1.141947741542717720e+00 1.813573760986328109e-01 1.816472167968750107e-01
3.310000000000000053e+00 1.142455939424803946e+00 1.815813598632812498e-01 1.818654022216796839e-01
3.320000000000000284e+00 1.142960534649516857e+00 1.818063049316406277e-01 1.820792541503906126e-01
3.330000000000000071e+00 1.143455585379351103e+00 1.820294647216796902e-01 1.822863616943359300e-01
3.340000000000000302e+00 1.143937827175628197e+00 1.822471008300781126e-01 1.824876403808593783e-01
3.350000000000000089e+00 1.144409948328597659e+00 1.824579620361328203e-01 1.826866912841796919e-01
3.360000000000000320e+00 1.144877913016444815e+00 1.826639251708984391e-01 1.828868255615234417e-01
3.370000000000000107e+00 1.145346323492537621e+00 1.828688049316406217e-01 1.830882263183593872e-01
3.380000000000000338e+00 1.145814614903371664e+00 1.830749511718750000e-01 1.832880554199218803e-01
3.390000000000000124e+00 1.146277307811119694e+00 1.832814178466797006e-01 1.834825134277343617e-01
3.400000000000000355e+00 1.146729072312644204e+00 1.834847717285156277e-01 1.836704254150390569e-01
3.410000000000000142e+00 1.147168624270559212e+00 1.836818695068359319e-01 1.838538360595703136e-01
3.420000000000000373e+00 1.147600427246392440e+00 1.838726348876953132e-01 1.840366973876953194e-01
3.430000000000000160e+00 1.148030540375789332e+00 1.840599517822265607e-01 1.842213745117187440e-01
3.440000000000000391e+00 1.148462049400981178e+00 1.842475280761718681e-01 1.844068298339843759e-01
3.450000000000000178e+00 1.148892234706542448e+00 1.844365539550781308e-01 1.845895233154296877e-01
3.460000000000000409e+00 1.149315085932178349e+00 1.846250152587890492e-01 1.847662811279296990e-01
3.470000000000000195e+00 1.149726298020422366e+00 1.848091735839843819e-01 1.849371337890625133e-01
3.480000000000000426e+00 1.150126899950833170e+00 1.849868621826172010e-01 1.851051483154296795e-01
3.490000000000000213e+00 1.150522469300715889e+00 1.851591491699218772e-01 1.852740783691406157e-01
3.500000000000000000e+00 1.150918539214903946e+00 1.853296508789062380e-01 1.854450836181640583e-01
3.510000000000000231e+00 1.151316224749208139e+00 1.855014343261718879e-01 1.856160583496093697e-01
3.520000000000000018e+00 1.151710921099288409e+00 1.856744689941406123e-01 1.857830657958984277e-01
3.530000000000000249e+00 1.152096829378862708e+00 1.858458557128906119e-01 1.859440155029296882e-01
3.540000000000000036e+00 1.152471173768281565e+00 1.860119934082031246e-01 1.861001281738281221e-01
3.550000000000000266e+00 1.152837133451157570e+00 1.861719207763671835e-01 1.862551116943359508e-01
3.560000000000000053e+00 1.153200855227676458e+00 1.863278350830078200e-01 1.864120635986327990e-01
3.570000000000000284e+00 1.153566648886111157e+00 1.864835815429687627e-01 1.865708465576171871e-01
3.580000000000000071e+00 1.153933308519725642e+00 1.866412353515624900e-01 1.867283477783203138e-01
3.590000000000000302e+00 1.154295150594290220e+00 1.867995605468749931e-01 1.868809204101562482e-01
3.600000000000000089e+00 1.154646999120544137e+00 1.869550018310546791e-01 1.870276794433593792e-01
3.610000000000000320e+00 1.154988221456832775e+00 1.871046752929687584e-01 1.871709747314453109e-01
3.620000000000000107e+00 1.155659394006325336e+00 1.873906250000000051e-01 1.874609832763671768e-01
3.630000000000000338e+00 1.155659394006325336e+00 1.873906250000000051e-01 1.874609832763671768e-01
3.640000000000000124e+00 1.155997911979607995e+00 1.875336456298828114e-01 1.876083068847656243e-01
3.650000000000000355e+00 1.156335834949204555e+00 1.876787109374999929e-01 1.877529754638671833e-01
3.660000000000000142e+00 1.156667072471774693e+00 1.878235168457031146e-01 1.878920745849609331e-01
3.670000000000000373e+00 1.156987699487978638e+00 1.879643096923828138e-01 1.880260009765624962e-01
3.680000000000000160e+00 1.157299434117238457e+00 1.880992736816406163e-01 1.881580505371093781e-01
3.690000000000000391e+00 1.157608167210099959e+00 1.882298889160156363e-01 1.882917938232421817e-01
3.700000000000000178e+00 1.157919101499861103e+00 1.883598632812500118e-01 1.884279785156250109e-01
3.710000000000000409e+00 1.158232612984980703e+00 1.884920043945312595e-01 1.885641174316406155e-01
3.720000000000000195e+00 1.158543637073757182e+00 1.886258850097656259e-01 1.886963043212890601e-01
3.730000000000000426e+00 1.158846425222626042e+00 1.887583312988281303e-01 1.888227996826171984e-01
3.740000000000000213e+00 1.159138810278447007e+00 1.888859252929687427e-01 1.889451751708984273e-01
3.750000000000000444e+00 1.159424675757538159e+00 1.890081176757812398e-01 1.890673065185546897e-01
3.760000000000000231e+00 1.159710195774179553e+00 1.891274261474609475e-01 1.891919555664062502e-01
3.770000000000000018e+00 1.159999175082009115e+00 1.892476654052734353e-01 1.893185577392578200e-01
3.780000000000000249e+00 1.160289650241054016e+00 1.893705291748046804e-01 1.894437408447265658e-01
3.790000000000000036e+00 1.160575669327670756e+00 1.894943847656249958e-01 1.895640563964843817e-01
3.800000000000000266e+00 1.160852382829102414e+00 1.896155548095703192e-01 1.896790466308593825e-01
3.810000000000000053e+00 1.161119926438722416e+00 1.897314605712890623e-01 1.897914123535156261e-01
3.820000000000000284e+00 1.161383678092935856e+00 1.898428039550781321e-01 1.899050445556640654e-01
3.830000000000000071e+00 1.161649397024893782e+00 1.899529571533203065e-01 1.900214843749999938e-01
3.840000000000000302e+00 1.161918945965248362e+00 1.900652618408203154e-01 1.901389770507812549e-01
3.850000000000000089e+00 1.162188244989375452e+00 1.901801147460937536e-01 1.902536468505859335e-01
3.860000000000000320e+00 1.162451222227625980e+00 1.902948303222656290e-01 1.903630065917968628e-01
3.870000000000000107e+00 1.162704469266599094e+00 1.904057006835937482e-01 1.904678649902343812e-01
3.880000000000000338e+00 1.162950559404530182e+00 1.905113677978515496e-01 1.905717773437499984e-01
3.890000000000000124e+00 1.163195581400241929e+00 1.906136627197265732e-01 1.906781005859375100e-01
3.900000000000000355e+00 1.163444320918717745e+00 1.907164306640624918e-01 1.907870635986328167e-01
3.910000000000000142e+00 1.163696242189762753e+00 1.908220520019531241e-01 1.908958282470703260e-01
3.920000000000000373e+00 1.163945840527504938e+00 1.909296417236328036e-01 1.910005950927734508e-01
3.930000000000000160e+00 1.164187570499182645e+00 1.910357360839843865e-01 1.911001129150390609e-01
3.940000000000000391e+00 1.164420080949853276e+00 1.911371765136718748e-01 1.911963958740234282e-01
3.950000000000000178e+00 1.164647924889953945e+00 1.912338867187499958e-01 1.912933959960937402e-01
3.960000000000000409e+00 1.164877185322350295e+00 1.913287200927734355e-01 1.913934326171874978e-01
3.970000000000000195e+00 1.165110969491110815e+00 1.914253692626953218e-01 1.914954528808593681e-01
3.980000000000000426e+00 1.165346459972423254e+00 1.915250244140624947e-01 1.915958709716796826e-01
3.990000000000000213e+00 1.165577513356597983e+00 1.916256256103515687e-01 1.916915283203124987e-01
4.000000000000000000e+00 1.165799688339150819e+00 1.917233734130859291e-01 1.917824554443359475e-01
4.010000000000000675e+00 1.166014021925570576e+00 1.918161163330078245e-01 1.918716888427734468e-01
4.020000000000000462e+00 1.166226298028188335e+00 1.919049987792968703e-01 1.919629974365234248e-01
4.030000000000000249e+00 1.166441981505055514e+00 1.919935760498046873e-01 1.920574645996093732e-01
4.040000000000000036e+00 1.166662045276579462e+00 1.920848846435546931e-01 1.921528778076171950e-01
4.049999999999999822e+00 1.166881742578661063e+00 1.921788177490234284e-01 1.922453155517578061e-01
4.060000000000000497e+00 1.167095099517234447e+00 1.922723846435547002e-01 1.923327026367187553e-01
4.070000000000000284e+00 1.167299323024405755e+00 1.923619537353515596e-01 1.924163055419921831e-01
4.080000000000000071e+00 1.167497791897848858e+00 1.924466705322265547e-01 1.924998474121093761e-01
4.089999999999999858e+00 1.167696660031518396e+00 1.925287170410156234e-01 1.925863647460937522e-01
4.100000000000000533e+00 1.167900141067923947e+00 1.926119232177734286e-01 1.926755981445312516e-01
4.110000000000000320e+00 1.168106850446366529e+00 1.926982727050781385e-01 1.927643890380859315e-01
4.120000000000000107e+00 1.168310881054845041e+00 1.927864074707031361e-01 1.928490905761718888e-01
4.129999999999999893e+00 1.168506988272102198e+00 1.928726959228515558e-01 1.929288940429687571e-01
4.140000000000000568e+00 1.168694663330778205e+00 1.929542846679687396e-01 1.930062255859374964e-01
4.150000000000000355e+00 1.168878912593103170e+00 1.930315246582031130e-01 1.930849761962890598e-01
4.160000000000000142e+00 1.169065737386734360e+00 1.931076049804687500e-01 1.931670379638671942e-01
4.169999999999999929e+00 1.169257464782373024e+00 1.931860046386718877e-01 1.932509002685546817e-01
4.180000000000000604e+00 1.169450454065406042e+00 1.932674255371093774e-01 1.933327789306640565e-01
4.190000000000000391e+00 1.169638482745095409e+00 1.933494110107421837e-01 1.934098663330078016e-01
4.200000000000000178e+00 1.169817651572271355e+00 1.934281616210937471e-01 1.934826660156249989e-01
4.209999999999999964e+00 1.169989941099786712e+00 1.935020141601562493e-01 1.935545196533203227e-01
4.220000000000000639e+00 1.170161339614000928e+00 1.935725097656250115e-01 1.936289520263671793e-01
4.230000000000000426e+00 1.170336936634448488e+00 1.936434020996093686e-01 1.937065124511718750e-01
4.240000000000000213e+00 1.170516733865027970e+00 1.937173309326171988e-01 1.937845611572265592e-01
4.250000000000000000e+00 1.170695388374553003e+00 1.937936706542968679e-01 1.938592071533203065e-01
4.260000000000000675e+00 1.170867174799916199e+00 1.938691558837890572e-01 1.939288787841796924e-01
4.270000000000000462e+00 1.171030121326903650e+00 1.939403839111328021e-01 1.939953155517578076e-01
4.280000000000000249e+00 1.171188342893418666e+00 1.940069885253906112e-01 1.940623626708984362e-01
4.290000000000000036e+00 1.171348070776441874e+00 1.940716094970703076e-01 1.941326446533203076e-01
4.300000000000000711e+00 1.171512774967275794e+00 1.941379852294921882e-01 1.942053527832031112e-01
4.310000000000000497e+00 1.171680161981683899e+00 1.942076110839843772e-01 1.942770538330078067e-01
4.320000000000000284e+00 1.171844032576967454e+00 1.942786712646484282e-01 1.943443298339843639e-01
4.330000000000000071e+00 1.171999666665463291e+00 1.943474273681640718e-01 1.944069366455078163e-01
4.339999999999999858e+00 1.172147512999392571e+00 1.944114379882812549e-01 1.944676971435546908e-01
4.350000000000000533e+00 1.172293084207185032e+00 1.944715576171875127e-01 1.945304107666015747e-01
4.360000000000000320e+00 1.172442112827563943e+00 1.945312347412109510e-01 1.945964660644531330e-01
4.370000000000000107e+00 1.172596083300144976e+00 1.945936889648437473e-01 1.946638946533203185e-01
4.379999999999999893e+00 1.172750600870263726e+00 1.946591186523437544e-01 1.947287902832031126e-01
4.390000000000000568e+00 1.172899531516049976e+00 1.947247161865234277e-01 1.947887878417968732e-01
4.400000000000000355e+00 1.173039651888974522e+00 1.947867889404296948e-01 1.948448638916015496e-01
4.410000000000000142e+00 1.173173818564820392e+00 1.948441314697265669e-01 1.949006347656249971e-01
4.419999999999999929e+00 1.173308238387227753e+00 1.948987426757812502e-01 1.949593353271484308e-01
4.430000000000000604e+00 1.173447491692878986e+00 1.949544372558593697e-01 1.950210113525390754e-01
4.440000000000000391e+00 1.173590692698051940e+00 1.950134429931640601e-01 1.950826873779296922e-01
4.450000000000000178e+00 1.173732138150463511e+00 1.950747070312499887e-01 1.951406097412109464e-01
4.459999999999999964e+00 1.173866375834095699e+00 1.951347198486328149e-01 1.951936950683593741e-01
4.470000000000000639e+00 1.173992280316865200e+00 1.951904144287109344e-01 1.952440643310546786e-01
4.480000000000000426e+00 1.174114649646028852e+00 1.952418518066406372e-01 1.952957000732421788e-01
4.490000000000000213e+00 1.174239588453711569e+00 1.952920379638671822e-01 1.953507385253906159e-01
4.500000000000000000e+00 1.174369960414710423e+00 1.953445892333984246e-01 1.954079742431640565e-01
4.510000000000000675e+00 1.174502595582499476e+00 1.954004974365234348e-01 1.954637451171875040e-01
4.520000000000000462e+00 1.174631241455682762e+00 1.954575653076171815e-01 1.955149841308593817e-01
4.530000000000000249e+00 1.174751691349169125e+00 1.955120086669921986e-01 1.955619354248046837e-01
4.540000000000000036e+00 1.174865338735725295e+00 1.955618438720703178e-01 1.956077575683593806e-01
4.550000000000000711e+00 1.174978056053683328e+00 1.956083526611328005e-01 1.956561126708984411e-01
4.560000000000000497e+00 9.177347498376149382e-01 1.956551971435546988e-01 1.957078857421875040e-01
4.570000000000000284e+00 1.757190151238789966e+00 1.957052764892578123e-01 1.957606964111328063e-01
4.580000000000000071e+00 2.692224723777965067e+00 1.957582702636718741e-01 1.958106384277343848e-01
4.589999999999999858e+00 2.939931212365934243e+00 1.958110351562500073e-01 1.958558349609375027e-01
4.600000000000000533e+00 2.939828008009323312e+00 1.958600769042968814e-01 1.958977661132812464e-01
4.610000000000000320e+00 2.820431457434788403e+00 1.959046936035156172e-01 1.959402465820312411e-01
4.620000000000000107e+00 2.330656728929827892e+00 1.959472961425781368e-01 1.959861145019531348e-01
4.629999999999999893e+00 2.306113927234377581e+00 1.959917144775390752e-01 1.960349121093749869e-01
4.640000000000000568e+00 2.305987759687877947e+00 1.960396728515625131e-01 1.960833282470703098e-01
4.650000000000000355e+00 2.305864574469143502e+00 1.960896606445312607e-01 1.961278533935546797e-01
4.660000000000000142e+00 2.305749690720274359e+00 1.961379547119140587e-01 1.961679229736328078e-01
4.669999999999999929e+00 2.305642699470785928e+00 1.961818847656250087e-01 1.962061462402343859e-01
4.680000000000000604e+00 2.305537464087733746e+00 1.962220306396484371e-01 1.962463989257812458e-01
4.690000000000000391e+00 2.305427602566894496e+00 1.962616882324218770e-01 1.962903747558593648e-01
4.700000000000000178e+00 2.305311411603895078e+00 1.963042449951171997e-01 1.963363494873046899e-01
4.709999999999999964e+00 2.305193702123992772e+00 1.963501586914062624e-01 1.963804931640625029e-01
4.720000000000000639e+00 2.305081286084276648e+00 1.963968353271484391e-01 1.964201965332031119e-01
4.730000000000000426e+00 2.304977742467630097e+00 1.964405059814453014e-01 1.964561767578124896e-01
4.740000000000000213e+00 2.304879995427603578e+00 1.964796905517578185e-01 1.964919128417968730e-01
4.750000000000000000e+00 2.304781138559386378e+00 1.965161285400390534e-01 1.965308227539062369e-01
4.760000000000000675e+00 2.304676120065977774e+00 1.965536041259765554e-01 1.965732269287109313e-01
4.770000000000000462e+00 2.304565801631961453e+00 1.965945739746093879e-01 1.966163787841796740e-01
4.780000000000000249e+00 2.304456538206911986e+00 1.966382446289062502e-01 1.966564331054687365e-01
4.790000000000000036e+00 2.304354436594906907e+00 1.966812133789062611e-01 1.966919860839843881e-01
4.800000000000000711e+00 2.304260733889821999e+00 1.967202301025390565e-01 1.967249755859374893e-01
4.810000000000000497e+00 2.304170214269061656e+00 1.967550811767578012e-01 1.967593078613281143e-01
4.820000000000000284e+00 2.304076098686379304e+00 1.967885437011718808e-01 1.967974090576171953e-01
4.830000000000000071e+00 2.303975203002493810e+00 1.968243255615234333e-01 1.968383331298828032e-01
4.839999999999999858e+00 2.303870994806796357e+00 1.968637084960937478e-01 1.968784942626953249e-01
4.850000000000000533e+00 2.303770422053263101e+00 1.969047088623046837e-01 1.969146575927734344e-01
4.860000000000000320e+00 2.303678176645501452e+00 1.969435577392578129e-01 1.969467468261718868e-01
4.870000000000000107e+00 2.303592895831873655e+00 1.969779815673828038e-01 1.969777069091796784e-01
4.879999999999999893e+00 2.303508033522251974e+00 1.970090179443359513e-01 1.970113067626953207e-01
4.890000000000000568e+00 2.303417694518850034e+00 1.970401763916015681e-01 1.970487060546874947e-01
4.900000000000000355e+00 2.303321084143671982e+00 1.970745544433593621e-01 1.970877838134765525e-01
4.910499999000000670e+00 2.303223761755099908e+00 1.971121368408203234e-01 1.971245880126953065e-01
4.920499999000000457e+00 2.303127999595869113e+00 1.971517944335937633e-01 1.971584777832031121e-01
4.930499999000000244e+00 2.303045511230063624e+00 1.971859741210937600e-01 1.971876525878906161e-01
4.940499999000000031e+00 2.302967165795975824e+00 1.972156219482421868e-01 1.972178039550781248e-01
4.950499999000000706e+00 2.302886047964042060e+00 1.972431335449218726e-01 1.972517852783203240e-01
4.960499999000000493e+00 2.302798403951396899e+00 1.972722625732421797e-01 1.972890167236328041e-01
4.970499999000000280e+00 2.302707122576803656e+00 1.973046264648437575e-01 1.973260345458984488e-01
4.980499999000000066e+00 2.302619121329440688e+00 1.973385314941406288e-01 1.973593750000000036e-01
4.990499999000000741e+00 2.302539422326204566e+00 1.973702545166015621e-01 1.973886871337890703e-01
5.000499999000000528e+00 2.302467166238589602e+00 1.973973541259765596e-01 1.974167022705078101e-01
5.010499999000000315e+00 2.302395961527187396e+00 1.974206695556640634e-01 1.974472503662109413e-01
5.020499999000000102e+00 2.302319708093778949e+00 1.974436492919921793e-01 1.974816894531249978e-01
5.030499998999999889e+00 2.302237131623859234e+00 1.974695739746093748e-01 1.975180816650390636e-01
5.040499999000000564e+00 2.302153434026880774e+00 1.974986877441406163e-01 1.975525054931640545e-01
5.050499999000000351e+00 2.302075399476168904e+00 1.975282287597656117e-01 1.975825195312500004e-01
5.060499999000000138e+00 2.302006173251302634e+00 1.975545043945312607e-01 1.976090850830078127e-01
5.070499998999999924e+00 2.301942199427802205e+00 1.975763397216796780e-01 1.976357574462890565e-01
5.080499999000000599e+00 2.301876565059312707e+00 1.975956878662109284e-01 1.976657714843750024e-01
5.090499999000000386e+00 2.301804468425940442e+00 1.976164245605468717e-01 1.976991882324218852e-01
5.100499999000000173e+00 2.301727392629954849e+00 1.976407775878906148e-01 1.977330169677734284e-01
5.110499998999999960e+00 2.301651808599213034e+00 1.976677551269531152e-01 1.977635040283203249e-01
5.120499999000000635e+00 2.301583616303877200e+00 1.976938629150390703e-01 1.977894744873046895e-01
5.130499999000000422e+00 2.301523528080466008e+00 1.977160186767578098e-01 1.978130950927734499e-01
5.140499999000000209e+00 2.301465954365655264e+00 1.977343139648437553e-01 1.978382720947265694e-01
5.150499998999999995e+00 2.301404256907094936e+00 1.977517242431640621e-01 1.978671569824218823e-01
5.160499999000000670e+00 2.301335648213920226e+00 1.977719116210937544e-01 1.978985595703124933e-01
5.170499999000000457e+00 2.301264081335279599e+00 1.977958831787109406e-01 1.979287872314453023e-01
5.180499999000000244e+00 2.301196513155922219e+00 1.978214569091796826e-01 1.979547729492187602e-01
5.190499999000000031e+00 2.301137292389546118e+00 1.978448486328124867e-01 1.979766998291015712e-01
5.200499999000000706e+00 2.301084400557720677e+00 1.978640594482421744e-01 1.979977416992187433e-01
5.210499999000000493e+00 2.301031104478341138e+00 1.978804016113281383e-01 1.980215606689453012e-01
5.220499999000000280e+00 2.300971748756417412e+00 1.978975372314453196e-01 1.980490112304687522e-01
5.230499999000000066e+00 2.300906180533359269e+00 1.979183349609374976e-01 1.980777130126953056e-01
5.240499999000000741e+00 2.300840191294661885e+00 1.979425201416015745e-01 1.981037750244140638e-01
5.250499999000000528e+00 2.300780281980185915e+00 1.979669494628906179e-01 1.981252899169921866e-01
5.260499999000000315e+00 2.300728669638641755e+00 1.979881134033203149e-01 1.981437225341796948e-01
5.270499999000000102e+00 2.300680858176058941e+00 1.980053100585937587e-01 1.981628875732421857e-01
5.280499998999999889e+00 2.300629956706387258e+00 1.980209655761718812e-01 1.981855926513671762e-01
5.290499999000000564e+00 2.300571955762801046e+00 1.980388488769531385e-01 1.982114257812500058e-01
5.300499999000000351e+00 2.300509347994054377e+00 1.980607452392578183e-01 1.982370605468750102e-01
5.310499999000000138e+00 2.300448934601376116e+00 1.980851287841796926e-01 1.982589721679687556e-01
5.320499998999999924e+00 2.300396079311682662e+00 1.981082611083984368e-01 1.982765808105468874e-01
5.330499999000000599e+00 2.300350375397019143e+00 1.981274871826171902e-01 1.982924804687500042e-01
5.340499999000000386e+00 2.300305653623374802e+00 1.981433563232421757e-01 1.983105926513671902e-01
5.350499999000000173e+00 2.300255630616137914e+00 1.981591491699218888e-01 1.983325500488281323e-01
5.360499998999999960e+00 2.300198537451222158e+00 1.981782531738281172e-01 1.983566741943359468e-01
5.370499999000000635e+00 2.300139130618948258e+00 1.982011566162109328e-01 1.983791503906250087e-01
5.380499999000000422e+00 2.300084347675134033e+00 1.982252197265625127e-01 1.983973236083984293e-01
5.390499999000000209e+00 2.300037733322142230e+00 1.982467041015625042e-01 1.984119110107421813e-01
5.400499998999999995e+00 2.299996264795744594e+00 1.982640838623046797e-01 1.984263916015625018e-01
5.410499999000000670e+00 2.299953030022858780e+00 1.982790985107421855e-01 1.984441833496093655e-01
5.420499999000000457e+00 2.299902986035631258e+00 1.982954864501953185e-01 1.984656372070312536e-01
5.430499999000000244e+00 2.299846979457581320e+00 1.983157348632812456e-01 1.984879913330078183e-01
5.440499999000000031e+00 2.299791330223536878e+00 1.983390655517578149e-01 1.985074157714843690e-01
5.450499999000000706e+00 2.299742189815162874e+00 1.983620605468749964e-01 1.985224914550781372e-01
5.460499999000000493e+00 2.299700857607119620e+00 1.983814544677734437e-01 1.985351257324218799e-01
5.470499999000000280e+00 2.299662150910668945e+00 1.983970031738281348e-01 1.985492248535156157e-01
5.480499999000000066e+00 2.299619282714491675e+00 1.984114685058593619e-01 1.985672302246093701e-01
5.490499999000000741e+00 2.299569023663079026e+00 1.984285583496093741e-01 1.985882263183593732e-01
5.500499999000000528e+00 2.299514859608241757e+00 1.984495239257812460e-01 1.986086425781249942e-01
5.510499999000000315e+00 2.299463714863100527e+00 1.984724578857421928e-01 1.986251983642578212e-01
5.520499999000000102e+00 2.299420337566135508e+00 1.984935302734374962e-01 1.986378326416015638e-01
5.530499999000000777e+00 2.299383446754098337e+00 1.985104522705078145e-01 1.986494445800781328e-01
5.540499999000000564e+00 2.299346464628409858e+00 1.985242309570312558e-01 1.986638488769531252e-01
5.550499999000000351e+00 2.299303491855459125e+00 1.985383758544921884e-01 1.986822052001953054e-01
5.560499999000000138e+00 2.299253711775732345e+00 1.985559844970703203e-01 1.987024078369140634e-01
5.570499998999999924e+00 2.299202666089930069e+00 1.985770416259765581e-01 1.987205200195312493e-01
5.580499999000000599e+00 2.299157001332945427e+00 1.985986022949218777e-01 1.987343597412109253e-01
5.590499999000000386e+00 2.299119527418675091e+00 1.986170043945312547e-01 1.987451019287109488e-01
5.600499999000000173e+00 2.299086332383307507e+00 1.986312408447265532e-01 1.987564086914062611e-01
5.610499998999999960e+00 2.299050493870566925e+00 1.986434631347656354e-01 1.987713470458984388e-01
5.620499999000000635e+00 2.299007557676379321e+00 1.986574707031250053e-01 1.987897949218750127e-01
5.630499999000000422e+00 2.298959484711310619e+00 1.986752929687500002e-01 1.988085937500000122e-01
5.640499999000000209e+00 2.298912917794713184e+00 1.986956939697265556e-01 1.988240814208984408e-01
5.650499998999999995e+00 2.298873562783669833e+00 1.987150421142578061e-01 1.988353424072265563e-01
5.660499999000000670e+00 2.298841689415265677e+00 1.987304077148437376e-01 1.988447265624999905e-01
5.670499999000000457e+00 2.298811501028225734e+00 1.987420501708984377e-01 1.988561401367187620e-01
5.680499999000000244e+00 2.298776448954547025e+00 1.987530975341796902e-01 1.988715362548828247e-01
5.690499999000000031e+00 2.298734235882371912e+00 1.987670898437499944e-01 1.988894805908203167e-01
5.700499999000000706e+00 2.298689239737243817e+00 1.987847747802734266e-01 1.989062042236328098e-01
5.710499999000000493e+00 2.298648386498071350e+00 1.988037872314453169e-01 1.989188232421874869e-01
5.720499999000000280e+00 2.298615745300966129e+00 1.988203277587890505e-01 1.989277343749999982e-01
5.730499999000000066e+00 2.298588843627348943e+00 1.988326110839843675e-01 1.989362487792968870e-01
5.740499999000000741e+00 2.298560930773438038e+00 1.988421020507812609e-01 1.989479064941406250e-01
5.750499999000000528e+00 2.298526571806671193e+00 1.988525085449218688e-01 1.989633636474609502e-01
5.760499999000000315e+00 2.298486035531537741e+00 1.988665466308593699e-01 1.989800720214843777e-01
5.770499999000000102e+00 2.298445397602381313e+00 1.988837280273437480e-01 1.989941253662109444e-01
5.780499999000000777e+00 2.298411013163058847e+00 1.989008026123046946e-01 1.990038146972656352e-01
5.790499999000000564e+00 2.298384774085696858e+00 1.989143524169921795e-01 1.990107574462890716e-01
5.800499999000000351e+00 2.298361873480698314e+00 1.989238586425781385e-01 1.990188293457031132e-01
5.810499999000000138e+00 2.298335461822319736e+00 1.989318695068359455e-01 1.990307006835937420e-01
5.820499998999999924e+00 2.298301812537006494e+00 1.989421844482421875e-01 1.990457305908203134e-01
5.830499999000000599e+00 2.298263845453275334e+00 1.989563446044921857e-01 1.990605010986328249e-01
5.840499999000000386e+00 2.298228424671171943e+00 1.989726867675781219e-01 1.990715637207031152e-01
5.850499999000000173e+00 2.298200680033497978e+00 1.989874725341796990e-01 1.990785064697265516e-01
5.860499998999999960e+00 2.298179859914081025e+00 1.989981536865234324e-01 1.990840759277343885e-01
5.870499999000000635e+00 2.298159658026751373e+00 1.990054779052734257e-01 1.990921173095702990e-01
5.880499999000000422e+00 2.298133873008933570e+00 1.990128326416015503e-01 1.991041107177734248e-01
5.890499999000000209e+00 2.298101101449409711e+00 1.990234985351562458e-01 1.991182098388671884e-01
5.900499998999999995e+00 2.298066370566839822e+00 1.990377960205078067e-01 1.991305541992187400e-01
5.910499999000000670e+00 2.298036554798713382e+00 1.990529632568359408e-01 1.991386413574218750e-01
5.920499999000000457e+00 2.298014868272008293e+00 1.990653228759765581e-01 1.991433715820312422e-01
5.930499999000000244e+00 2.297997975207170196e+00 1.990735168457031246e-01 1.991483001708984346e-01
5.940499999000000031e+00 2.297978888009866161e+00 1.990794677734374907e-01 1.991567382812499953e-01
5.950499999000000706e+00 2.297952827906542872e+00 1.990869598388671780e-01 1.991688079833984493e-01
5.960499999000000493e+00 2.297920980889412323e+00 1.990983428955078183e-01 1.991816253662109237e-01
5.970499999000000280e+00 2.297889886514480118e+00 1.991126251220703136e-01 1.991913909912109426e-01
5.980499999000000066e+00 2.297865429662522274e+00 1.991263275146484268e-01 1.991969299316406206e-01
5.990499999000000741e+00 2.297848525337167658e+00 1.991363067626953087e-01 1.992003173828124918e-01
6.000499999000000528e+00 2.297833688702545452e+00 1.991425476074218659e-01 1.992054748535156128e-01
6.010499999000000315e+00 2.297814201920008070e+00 1.991479644775390745e-01 1.992146606445312496e-01
6.020499999000000102e+00 2.297787193544397866e+00 1.991562347412109413e-01 1.992267303466796757e-01
6.030499999000000777e+00 2.297756539562244349e+00 1.991683959960937611e-01 1.992380218505859502e-01
6.040499999000000564e+00 2.297729110996369783e+00 1.991823577880859342e-01 1.992454528808593750e-01
6.050499999000000351e+00 2.297709439945710752e+00 1.991942749023437598e-01 1.992491302490234373e-01
6.060499999000000138e+00 2.297695623190680436e+00 1.992020874023437416e-01 1.992521972656249862e-01
6.070499999000000813e+00 2.297681034844397452e+00 1.992070159912109339e-01 1.992583160400390740e-01
6.080499999000000599e+00 2.297659901128133342e+00 1.992126770019531368e-01 1.992684631347656221e-01
6.090499999000000386e+00 2.297631888464242600e+00 1.992220001220703085e-01 1.992803344726562509e-01
6.100499999000000173e+00 2.297602779129076289e+00 1.992347564697265760e-01 1.992900085449218761e-01
6.110499998999999960e+00 2.297579072979568870e+00 1.992478942871093728e-01 1.992955017089843850e-01
6.120499999000000635e+00 2.297563206014533677e+00 1.992578124999999922e-01 1.992982025146484426e-01
6.130499999000000422e+00 2.297550817599811168e+00 1.992637481689453205e-01 1.993018798828125049e-01
6.140499999000000209e+00 2.297535011900271762e+00 1.992680053710937371e-01 1.993094482421874925e-01
6.150499998999999995e+00 2.297511655224370841e+00 1.992743835449218848e-01 1.993205566406250073e-01
6.160499999000000670e+00 2.297483060919751630e+00 1.992847290039062580e-01 1.993319549560546855e-01
6.170499999000000457e+00 2.297455989523779163e+00 1.992976226806640605e-01 1.993400573730468861e-01
6.180499999000000244e+00 2.297435941058036057e+00 1.993093566894531266e-01 1.993441619873046744e-01
6.190499999000000031e+00 2.297422747677961397e+00 1.993171844482421740e-01 1.993467712402343661e-01
6.200499999000000706e+00 2.297410369479221615e+00 1.993215637207031155e-01 1.993517913818359244e-01
6.210499999000000493e+00 2.297392377662376362e+00 1.993256988525390627e-01 1.993610229492187580e-01
6.220499999000000280e+00 2.297366861905787871e+00 1.993330230712890561e-01 1.993728485107421899e-01
6.230499999000000066e+00 2.297338472990816172e+00 1.993441314697265709e-01 1.993834381103515574e-01
6.240499999000000741e+00 2.297314091521696966e+00 1.993565216064453194e-01 1.993900604248046993e-01
6.250499999000000528e+00 2.297297527292290198e+00 1.993663787841796764e-01 1.993933105468750078e-01
6.260499999000000315e+00 2.297285976735582214e+00 1.993721008300781139e-01 1.993965759277343819e-01
6.270499999000000102e+00 2.297272550233146138e+00 1.993753356933593845e-01 1.994033355712890587e-01
6.280499999000000777e+00 2.297252114642222232e+00 1.993798065185546919e-01 1.994140167236328198e-01
6.290499999000000564e+00 2.297225277821056899e+00 1.993880920410156243e-01 1.994259490966796833e-01
6.300499999000000351e+00 2.297198339915953014e+00 1.993995208740234337e-01 1.994352264404296859e-01
6.310499999000000138e+00 2.297177521773427156e+00 1.994106903076171833e-01 1.994403686523437413e-01
6.320499999000000813e+00 2.297164312408771281e+00 1.994183197021484333e-01 1.994431610107421926e-01
6.330499999000000599e+00 2.297153677815466200e+00 1.994220581054687580e-01 1.994474945068359373e-01
6.340499999000000386e+00 2.297138819739124038e+00 1.994246215820312529e-01 1.994558563232421977e-01
6.350499999000000173e+00 2.297116361125701278e+00 1.994297332763671771e-01 1.994674224853515698e-01
6.360499998999999960e+00 2.297089644125478003e+00 1.994387817382812511e-01 1.994786071777343850e-01
6.370499999000000635e+00 2.297065595969506102e+00 1.994498596191406348e-01 1.994861297607421757e-01
6.380499999000000422e+00 2.297049081699729101e+00 1.994591827392578065e-01 1.994898071289062380e-01
6.390499999000000209e+00 2.297038939115227052e+00 1.994644165039062556e-01 1.994924926757812578e-01
6.400499998999999995e+00 2.297028680421558278e+00 1.994664916992187620e-01 1.994980010986328045e-01
6.410499999000000670e+00 2.297012315868559362e+00 1.994689025878906286e-01 1.995075683593749982e-01
6.420499999000000457e+00 2.296988909184555894e+00 1.994747924804687600e-01 1.995191345214843703e-01
6.430499999000000244e+00 2.296963893126413581e+00 1.994842376708984288e-01 1.995287628173827987e-01
6.440499999000000031e+00 2.296943967881533766e+00 1.994943389892578078e-01 1.995341949462890729e-01
6.450499999000000706e+00 2.296932072273615510e+00 1.995014343261718726e-01 1.995365142822265736e-01
6.460499999000000493e+00 2.296924403857917962e+00 1.995044250488281212e-01 1.995393829345703252e-01
6.470499999000000280e+00 2.296914069223303656e+00 1.995054016113281259e-01 1.995458984375000078e-01
6.480499999000000066e+00 2.296896490237315902e+00 1.995081939697265494e-01 1.995559997558593868e-01
6.490499999000000741e+00 2.296851542410699221e+00 1.995243682861328194e-01 1.995739898681640756e-01
6.500499999000000528e+00 2.296851542410699221e+00 1.995243682861328194e-01 1.995739898681640756e-01
6.510499999000000315e+00 2.296836589055386124e+00 1.995329895019531119e-01 1.995771636962890561e-01
6.520499999000000102e+00 2.296829043940224135e+00 1.995377960205078072e-01 1.995783691406249893e-01
6.530499999000000777e+00 2.296823115356165790e+00 1.995389709472656370e-01 1.995815734863281288e-01
6.540499999000000564e+00 2.296812284118760594e+00 1.995395812988281226e-01 1.995887603759765594e-01
6.550499999000000351e+00 2.296794041324272229e+00 1.995431823730468845e-01 1.995986328125000098e-01
6.560499999000000138e+00 2.296772620899687478e+00 1.995506591796875062e-01 1.996074066162109306e-01
6.570499999000000813e+00 2.296754959531085216e+00 1.995596923828124869e-01 1.996121520996093635e-01
6.580499999000000599e+00 2.296745261397536986e+00 1.995665130615234262e-01 1.996131439208984337e-01
6.590499999000000386e+00 2.296741265664072440e+00 1.995692138671875115e-01 1.996136474609374878e-01
6.600499999000000173e+00 2.296736229473599789e+00 1.995691986083984459e-01 1.996172485351562498e-01
6.610499999000000848e+00 2.296724582348945276e+00 1.995701446533203194e-01 1.996247253417968714e-01
6.620499999000000635e+00 2.296706415039517779e+00 1.995748443603515554e-01 1.996335906982421859e-01
6.630499999000000422e+00 2.296687650916396706e+00 1.995829010009765592e-01 1.996399688720703058e-01
6.640499999000000209e+00 2.296674765251173422e+00 1.995911254882812569e-01 1.996420135498046811e-01
6.650499998999999995e+00 2.296669767203086909e+00 1.995960388183593837e-01 1.996413116455078018e-01
6.660499999000000670e+00 2.296668048179395516e+00 1.995970458984374918e-01 1.996416625976562553e-01
6.670499999000000457e+00 2.296662678298574178e+00 1.995966186523437380e-01 1.996458587646484373e-01
6.680499999000000244e+00 2.296649804627607150e+00 1.995985717773437473e-01 1.996533355712890589e-01
6.690499999000000031e+00 2.296632150994789789e+00 1.996045379638671791e-01 1.996607360839843803e-01
6.700499999000000706e+00 2.296616554805288146e+00 1.996129302978515707e-01 1.996645660400390709e-01
6.710499999000000493e+00 2.296608232679646200e+00 1.996200103759765698e-01 1.996643524169921802e-01
6.720499999000000280e+00 2.296606613825195709e+00 1.996231689453125124e-01 1.996627655029296899e-01
6.730499999000000066e+00 2.296605440170426338e+00 1.996230773925781188e-01 1.996636810302734322e-01
6.740499999000000741e+00 2.296598457551289663e+00 1.996230773925781188e-01 1.996686553955078214e-01
6.750499999000000528e+00 2.296584102558056895e+00 1.996265106201171868e-01 1.996759033203124867e-01
6.760499999000000315e+00 2.296567366785041919e+00 1.996337280273437487e-01 1.996815643310546895e-01
6.770499999000000102e+00 2.296555076264083173e+00 1.996420440673828123e-01 1.996831054687500107e-01
6.780499999000000777e+00 2.296550627010324419e+00 1.996477203369140530e-01 1.996813507080077987e-01
6.790499999000000564e+00 2.296550762107152810e+00 1.996493682861328056e-01 1.996798248291015709e-01
6.800499999000000351e+00 2.296548542273557203e+00 1.996488342285156203e-01 1.996818695068359462e-01
6.810499999000000138e+00 2.296539037916384807e+00 1.996499023437499909e-01 1.996877136230468808e-01
6.820499999000000813e+00 2.296523355644658704e+00 1.996549530029296804e-01 1.996945037841796888e-01
6.830499999000000599e+00 2.296507965202185364e+00 1.996630706787109466e-01 1.996984252929687453e-01
6.840499999000000386e+00 2.296498862586133782e+00 1.996707916259765625e-01 1.996982116699218823e-01
6.850499999000000173e+00 2.296497082673242929e+00 1.996749267578125098e-01 1.996958923339843817e-01
6.860499999000000848e+00 2.296497213485231281e+00 1.996753997802734326e-01 1.996953887939452998e-01
6.870499999000000635e+00 2.296492564398574299e+00 1.996750488281250069e-01 1.996990051269531274e-01
6.880499999000000422e+00 2.296480113706504067e+00 1.996775512695312393e-01 1.997057037353515696e-01
6.890499999000000209e+00 2.296463568440939351e+00 1.996840667724609497e-01 1.997118377685546953e-01
6.900499998999999995e+00 2.296449868232188329e+00 1.996925201416015760e-01 1.997142639160156274e-01
6.910499999000000670e+00 2.296443637243926528e+00 1.996990966796874933e-01 1.997129974365234317e-01
6.920499999000000457e+00 2.296443168721118866e+00 1.997016448974609504e-01 1.997111206054687504e-01
6.930499999000000244e+00 2.296441885341112599e+00 1.997013092041015625e-01 1.997123260498046837e-01
6.940499999000000031e+00 2.296433933854991061e+00 1.997016296386718848e-01 1.997177124023437611e-01
6.950499999000000706e+00 2.296418786587882899e+00 1.997056427001953072e-01 1.997250213623046888e-01
6.960499999000000493e+00 2.296402131422866866e+00 1.997131805419921913e-01 1.997303466796875038e-01
6.970499999000000280e+00 2.296390526457506631e+00 1.997212677001953263e-01 1.997315979003906339e-01
6.980499999000000066e+00 2.296386634996778753e+00 1.997262573242187533e-01 1.997300415039062471e-01
6.990499999000000741e+00 2.296386246815399268e+00 1.997272796630859271e-01 1.997294311523437615e-01
7.000499999000000528e+00 2.296382471961945893e+00 1.997265625000000100e-01 1.997327423095703047e-01
7.010499999000000315e+00 2.296371044825213481e+00 1.997278900146484404e-01 1.997397308349609379e-01
7.020499999000000102e+00 2.296354066532055427e+00 1.997332305908203209e-01 1.997471923828124940e-01
7.030499999000000777e+00 2.296338350326122324e+00 1.997412109374999967e-01 1.997514648437500040e-01
7.040499999000000564e+00 2.296329429853330772e+00 1.997481842041015643e-01 1.997517700195312607e-01
7.050499999000000351e+00 2.296327352739599981e+00 1.997512969970703101e-01 1.997505493164062618e-01
7.060499999000000138e+00 2.296326253590823985e+00 1.997509155273437531e-01 1.997516632080078014e-01
7.070499999000000813e+00 2.296319629760412262e+00 1.997501983642578083e-01 1.997570037841796819e-01
7.080499999000000599e+00 2.296305373651792436e+00 1.997526702880859373e-01 1.997650146484374889e-01
7.090499999000000386e+00 2.296288054208079021e+00 1.997589416503906257e-01 1.997719116210937562e-01
7.100499999000000173e+00 2.296274570247307523e+00 1.997666015625000069e-01 1.997748718261718737e-01
7.110499999000000848e+00 2.296268854866016618e+00 1.997718048095703247e-01 1.997744293212890543e-01
7.120499999000000635e+00 2.296268245245408401e+00 1.997729034423827987e-01 1.997739105224609346e-01
7.130499999000000422e+00 2.296265916362259407e+00 1.997714385986328056e-01 1.997768402099609486e-01
7.140499999000000209e+00 2.296256592934555307e+00 1.997711791992187458e-01 1.997837066650390569e-01
7.150499999000000884e+00 2.296240781702723055e+00 1.997747344970703109e-01 1.997918853759765578e-01
7.160499999000000670e+00 2.296224728201297971e+00 1.997814788818359499e-01 1.997974700927734326e-01
7.170499999000000457e+00 2.296214671219435566e+00 1.997881011962890641e-01 1.997988891601562567e-01
7.180499999000000244e+00 2.296212272737879090e+00 1.997912139892578098e-01 1.997978973388671864e-01
7.190499999000000031e+00 2.296212562075274910e+00 1.997904663085937615e-01 1.997983398437500058e-01
7.200499999000000706e+00 2.296208765750761494e+00 1.997884826660156210e-01 1.998027648925781163e-01
7.210499999000000493e+00 2.296197343503954436e+00 1.997890319824218719e-01 1.998104248046874976e-01
7.220499999000000280e+00 2.296181496727704996e+00 1.997935485839843761e-01 1.998177947998046877e-01
7.230499999000000066e+00 2.296168170753472904e+00 1.998002166748046871e-01 1.998215026855468812e-01
7.240499999000000741e+00 2.296162319740069790e+00 1.998052673339843766e-01 1.998212890624999905e-01
7.250499999000000528e+00 2.296162916904343820e+00 1.998062896728515503e-01 1.998199768066406257e-01
7.260499999000000315e+00 2.296163544919020083e+00 1.998041381835937436e-01 1.998213958740234497e-01
7.270499999000000102e+00 2.296158143313227207e+00 1.998022766113281279e-01 1.998268585205077996e-01
7.280499999000000777e+00 2.296145612994603180e+00 1.998038940429687493e-01 1.998343811035156181e-01
7.290499999000000564e+00 2.296131233256264004e+00 1.998091583251953018e-01 1.998400573730468865e-01
7.300499999000000351e+00 2.296121722207053573e+00 1.998152618408203240e-01 1.998415374755859453e-01
7.310499999000000138e+00 2.296120243203326083e+00 1.998184814453125013e-01 1.998397979736327990e-01
7.320499999000000813e+00 2.296123131742169754e+00 1.998176574707031250e-01 1.998384552001953030e-01
7.330499999000000599e+00 2.296123433597120567e+00 1.998147888183593734e-01 1.998407287597656345e-01
7.340499999000000386e+00 2.296116500214329115e+00 1.998136749267578061e-01 1.998466339111328038e-01
7.350499999000000173e+00 2.296103859805297187e+00 1.998165435791015576e-01 1.998531494140624865e-01
7.360499999000000848e+00 2.296092117052630499e+00 1.998222808837890607e-01 1.998565368652343854e-01
7.370499999000000635e+00 2.296087069858021135e+00 1.998273925781250127e-01 1.998556976318359435e-01
7.380499999000000422e+00 2.296089430241164742e+00 1.998287963867187433e-01 1.998527984619140607e-01
7.390499999000000209e+00 2.296093557169911037e+00 1.998265686035156363e-01 1.998517913818359248e-01
7.400499999000000884e+00 2.296092793659448184e+00 1.998237304687499882e-01 1.998547973632812391e-01
7.410499999000000670e+00 2.296084470640147757e+00 1.998238983154296822e-01 1.998605804443359391e-01
7.420499999000000457e+00 2.296072641244519374e+00 1.998280181884765638e-01 1.998654327392578034e-01
7.430499999000000244e+00 2.296064201419319772e+00 1.998338928222656297e-01 1.998663482666015734e-01
7.440499999000000031e+00 2.296063515713788306e+00 1.998376922607421891e-01 1.998635406494140565e-01
7.450499999000000706e+00 2.296068509986698203e+00 1.998374786376953260e-01 1.998601684570312509e-01
7.460499999000000493e+00 2.296072439271162224e+00 1.998345336914062464e-01 1.998599243164062567e-01
7.470499999000000280e+00 2.296069705470685562e+00 1.998325042724609368e-01 1.998636322021484502e-01
7.480499999000000066e+00 2.296049638220159395e+00 1.998395538330078047e-01 1.998718109130859510e-01
7.490499999000000741e+00 2.296049638220159395e+00 1.998395538330078047e-01 1.998718109130859510e-01
7.500499999000000528e+00 2.296044676147712682e+00 1.998451232910156139e-01 1.998705139160156241e-01
7.510499999000000315e+00 2.296047413840049511e+00 1.998475189208984426e-01 1.998664855957031361e-01
7.520499999000000102e+00 2.296053390743249434e+00 1.998460235595703183e-01 1.998635253906249909e-01
7.530499999000000777e+00 2.296055649158705414e+00 1.998430786132812387e-01 1.998644714355468643e-01
7.540499999000000564e+00 2.296050207388772524e+00 1.998424987792968843e-01 1.998688507080078058e-01
7.550499999000000351e+00 2.296039693953578542e+00 1.998459777832031214e-01 1.998733215332031132e-01
7.560499999000000138e+00 2.296030872659172495e+00 1.998519897460937500e-01 1.998743896484375115e-01
7.570499999000000813e+00 2.296029110464945067e+00 1.998567962646484453e-01 1.998714752197265632e-01
7.580499999000000599e+00 2.296033934929978315e+00 1.998577423095703187e-01 1.998672180175781188e-01
7.590499999000000386e+00 2.296039158771615796e+00 1.998554229736328181e-01 1.998655090332031314e-01
7.600499999000000173e+00 2.296038478784133474e+00 1.998531494140624865e-01 1.998679656982421948e-01
7.610499999000000848e+00 2.296030205905802646e+00 1.998542785644531194e-01 1.998728790283203216e-01
7.620499999000000635e+00 2.296019199412991707e+00 1.998592529296875087e-01 1.998764038085937556e-01
7.630499999000000422e+00 2.296012337300522788e+00 1.998654327392578034e-01 1.998759307861328050e-01
7.640499999000000209e+00 2.296013144255993232e+00 1.998690795898437622e-01 1.998721923828125080e-01
7.650499999000000884e+00 2.296018514409925881e+00 1.998686981201171775e-01 1.998686981201171775e-01
7.660499999000000670e+00 2.296021560736130951e+00 1.998660736083984479e-01 1.998688049316406368e-01
7.670499999000000457e+00 2.296017237714232273e+00 1.998649444580078149e-01 1.998728637695312560e-01
7.680499999000000244e+00 2.296006497884127029e+00 1.998677825927734353e-01 1.998780517578125082e-01
7.690499999000000919e+00 2.295995700128127037e+00 1.998737640380859326e-01 1.998805541992187407e-01
7.700499999000000706e+00 2.295990975074806428e+00 1.998794555664062389e-01 1.998789825439453161e-01
7.710499999000000493e+00 2.295993501795761560e+00 1.998816375732421768e-01 1.998752899169921882e-01
7.720499999000000280e+00 2.295998056415587740e+00 1.998800964355468834e-01 1.998733825683593757e-01
7.730499999000000066e+00 2.295997896426589691e+00 1.998776245117187544e-01 1.998756408691406139e-01
7.740499999000000741e+00 2.295989232965306215e+00 1.998780364990234426e-01 1.998814544677734450e-01
7.750499999000000528e+00 2.295977390466104495e+00 1.998822021484374933e-01 1.998862762451171782e-01
7.760499999000000315e+00 2.295967496263479291e+00 1.998885498046875098e-01 1.998878173828124993e-01
7.770499999000000102e+00 2.295968263020764066e+00 1.998937072753906308e-01 1.998827972412109411e-01
7.780499999000000777e+00 2.295968263020764066e+00 1.998937072753906308e-01 1.998827972412109411e-01
7.790499999000000564e+00 2.295970982080242528e+00 1.998912811279296986e-01 1.998829650878906350e-01
7.800499999000000351e+00 2.295967141110745402e+00 1.998894042968749896e-01 1.998873291015625109e-01
7.810499999000000138e+00 2.295956025407480006e+00 1.998911437988281359e-01 1.998937377929687620e-01
7.820499999000000813e+00 2.295943220378656058e+00 1.998964691162109508e-01 1.998982391357422006e-01
7.830499999000000599e+00 2.295935330263770169e+00 1.999024200439453169e-01 1.998986968994140578e-01
7.840499999000000386e+00 2.295935168414924732e+00 1.999053497314453032e-01 1.998962707519531257e-01
7.850499999000000173e+00 2.295938737142958264e+00 1.999042663574218670e-01 1.998946685791015698e-01
7.860499999000000848e+00 2.295939134633041778e+00 1.999013366699218808e-01 1.998969268798828081e-01
7.870499999000000635e+00 2.295931972190982773e+00 1.999003753662109417e-01 1.999028625488281363e-01
7.880499999000000422e+00 2.295919231167312446e+00 1.999033966064453216e-01 1.999093170166015565e-01
7.890499999000000209e+00 2.295907616655496142e+00 1.999091339111328247e-01 1.999126129150390618e-01
7.900499999000000884e+00 2.295902806915581795e+00 1.999139099121093888e-01 1.999118957519531170e-01
7.910499999000000670e+00 2.295904978034937649e+00 1.999148712158203001e-01 1.999095153808593817e-01
7.920499999000000457e+00 2.295908311407341973e+00 1.999122924804687396e-01 1.999093780517578189e-01
7.930499999000000244e+00 2.295906301126691584e+00 1.999093170166015565e-01 1.999133911132812413e-01
7.940499999000000919e+00 2.295896689564048465e+00 1.999094696044921848e-01 1.999201049804687491e-01
7.950499999000000706e+00 2.295883958775321698e+00 1.999134674072265694e-01 1.999257049560546895e-01
7.960499999000000493e+00 2.295874992285567906e+00 1.999189300537109470e-01 1.999273529052734422e-01
7.970499999000000280e+00 2.295873833352206184e+00 1.999220275878906272e-01 1.999254913330077987e-01
7.980499999000000066e+00 2.295877973285518348e+00 1.999210205078124913e-01 1.999234161376953200e-01
7.990499999000000741e+00 2.295880602356934030e+00 1.999174194335937571e-01 1.999246673583984502e-01
8.000499999000000528e+00 2.295876332192150038e+00 1.999149627685546937e-01 1.999298400878906368e-01
8.010499999000000315e+00 2.295865552428082879e+00 1.999163208007812553e-01 1.999363403320312538e-01
8.020499999000000102e+00 2.295854416087194760e+00 1.999209442138671911e-01 1.999402618408203103e-01
8.030499998999999889e+00 2.295849210843393884e+00 1.999255523681640612e-01 1.999399719238281192e-01
8.040499998999999676e+00 2.295851751537290042e+00 1.999267730712890601e-01 1.999371032714843677e-01
8.050499999000001239e+00 2.295857170150749749e+00 1.999241180419921993e-01 1.999355468750000087e-01
8.060499999000001026e+00 2.295858665705546642e+00 1.999201812744140494e-01 1.999378967285156128e-01
8.070499999000000813e+00 2.295852569233064688e+00 1.999187316894531219e-01 1.999434967041015532e-01
8.080499999000000599e+00 2.295841925157433572e+00 1.999212799072265512e-01 1.999488677978515649e-01
