6.000000000000000472e-02 2.644267872489725058e+00
7.000000000000000666e-02 2.644267872489725058e+00
8.000000000000000167e-02 2.644267872489725058e+00
9.000000000000001055e-02 2.644267872489725058e+00
1.000000000000000056e-01 2.644267872489725058e+00
1.100000000000000006e-01 2.644267872489725058e+00
1.200000000000000094e-01 2.644267872489725058e+00
1.300000000000000044e-01 2.644267872489725058e+00
1.400000000000000133e-01 2.644267872489725058e+00
1.500000000000000222e-01 2.644267872489725058e+00
1.600000000000000033e-01 2.644267872489725058e+00
1.700000000000000122e-01 2.644267872489725058e+00
1.800000000000000211e-01 2.644267872489725058e+00
1.900000000000000022e-01 2.644267872489725058e+00
2.000000000000000111e-01 2.644267872489725058e+00
2.100000000000000200e-01 2.644267872489725058e+00
2.200000000000000011e-01 2.644267872489725058e+00
2.300000000000000100e-01 2.644267872489725058e+00
2.400000000000000189e-01 2.644267872489725058e+00
2.500000000000000000e-01 2.644267872489725058e+00
2.600000000000000089e-01 2.644267872489725058e+00
2.700000000000000178e-01 2.644267872489725058e+00
2.800000000000000266e-01 2.644267872489725058e+00
2.900000000000000355e-01 2.644267872489725058e+00
3.000000000000000444e-01 2.644267872489725058e+00
3.099999999999999978e-01 2.644267872489725058e+00
3.200000000000000067e-01 2.644267872489725058e+00
3.300000000000000155e-01 2.644267872489725058e+00
3.400000000000000244e-01 2.644267872489725058e+00
3.500000000000000333e-01 2.644267872489725058e+00
3.600000000000000422e-01 2.644267872489725058e+00
3.699999999999999956e-01 2.644267872489725058e+00
3.800000000000000044e-01 2.644267872489725058e+00
3.900000000000000133e-01 2.644267872489725058e+00
4.000000000000000222e-01 2.644267872489725058e+00
4.100000000000000311e-01 2.644267872489725058e+00
4.200000000000000400e-01 2.644267872489725058e+00
4.300000000000000488e-01 2.644267872489725058e+00
4.400000000000000022e-01 2.644267872489725058e+00
4.500000000000000111e-01 2.644267872489725058e+00
4.600000000000000200e-01 2.644267872489725058e+00
4.700000000000000289e-01 2.644267872489725058e+00
4.800000000000000377e-01 2.644267872489725058e+00
4.900000000000000466e-01 2.644267872489725058e+00
5.000000000000000000e-01 2.644267872489725058e+00
5.104999989999999821e-01 2.644267872489725058e+00
5.204999989999999910e-01 2.644267872489725058e+00
5.304999989999999999e-01 2.644267872489725058e+00
5.404999990000000087e-01 2.644267872489725058e+00
5.504999990000000176e-01 2.644267872489725058e+00
5.604999990000000265e-01 2.644267872489725058e+00
5.704999990000000354e-01 2.644267872489725058e+00
5.804999990000000443e-01 2.644267872489725058e+00
5.904999990000000532e-01 2.644267872489725058e+00
6.004999990000000620e-01 2.644267872489725058e+00
6.104999990000000709e-01 2.644267872489725058e+00
6.204999990000000798e-01 2.644267872489725058e+00
6.304999990000000887e-01 2.644267872489725058e+00
6.404999989999999865e-01 2.644267872489725058e+00
6.504999989999999954e-01 2.644267872489725058e+00
6.604999990000000043e-01 2.644267872489725058e+00
6.704999990000000132e-01 2.644267872489725058e+00
6.804999990000000221e-01 2.644267872489725058e+00
6.904999990000000309e-01 2.644267872489725058e+00
7.004999990000000398e-01 2.644267872489725058e+00
7.104999990000000487e-01 2.644267872489725058e+00
7.204999990000000576e-01 2.644267872489725058e+00
7.304999990000000665e-01 2.644267872489725058e+00
7.404999990000000754e-01 2.644267872489725058e+00
7.504999990000000842e-01 2.644267872489725058e+00
7.604999990000000931e-01 2.644267872489725058e+00
7.704999990000001020e-01 2.644267872489725058e+00
7.804999989999999999e-01 2.644267872489725058e+00
7.904999990000000087e-01 2.644267872489725058e+00
8.004999990000000176e-01 2.644267872489725058e+00
8.104999990000000265e-01 2.644267872489725058e+00
8.204999990000000354e-01 2.644267872489725058e+00
8.304999990000000443e-01 2.644267872489725058e+00
8.404999990000000532e-01 2.644267872489725058e+00
8.504999990000000620e-01 2.644267872489725058e+00
8.604999990000000709e-01 2.644267872489725058e+00
8.704999990000000798e-01 2.644267872489725058e+00
8.804999990000000887e-01 2.644267872489725058e+00
8.904999990000000976e-01 2.644267872489725058e+00
9.004999990000001064e-01 2.644267872489725058e+00
9.104999990000000043e-01 2.644267872489725058e+00
9.204999990000000132e-01 2.644267872489725058e+00
9.304999990000000221e-01 2.644267872489725058e+00
9.404999990000000309e-01 2.644267872489725058e+00
9.504999990000000398e-01 2.644267872489725058e+00
9.604999990000000487e-01 2.644267872489725058e+00
9.704999990000000576e-01 2.644267872489725058e+00
9.804999990000000665e-01 2.644267872489725058e+00
9.904999990000000754e-01 2.644267872489725058e+00
1.000499999000000084e+00 2.644267872489725058e+00
1.010499999000000093e+00 2.644267872489725058e+00
1.020499999000000102e+00 2.644267872489725058e+00
1.030499999000000111e+00 2.644267626737569099e+00
1.040499999000000120e+00 2.644259188935316640e+00
1.050499999000000129e+00 2.644216033529658283e+00
1.060499999000000138e+00 2.644106059445034518e+00
1.070499999000000146e+00 2.643903720810116376e+00
1.080499999000000155e+00 2.643590688390581089e+00
1.090499999000000164e+00 2.643148491197476080e+00
1.100499999000000173e+00 2.642562142075768339e+00
1.110499998999999960e+00 2.641819711643035973e+00
1.120499998999999969e+00 2.640908769311667292e+00
1.130499998999999978e+00 2.639819961118439196e+00
1.140499998999999987e+00 2.638545584147711232e+00
1.150499998999999995e+00 2.637074635605644701e+00
1.160499999000000004e+00 2.635400606291330217e+00
1.170499999000000013e+00 2.633517429665235721e+00
1.180499999000000022e+00 2.631417300452135954e+00
1.190499999000000031e+00 2.629091050340089719e+00
1.200499999000000040e+00 2.626536082790646986e+00
1.210499999000000049e+00 2.623752751232283575e+00
1.220499999000000058e+00 2.620736461258754701e+00
1.230499999000000066e+00 2.617487435098974302e+00
1.240499999000000075e+00 2.614004710534543197e+00
1.250499999000000084e+00 2.610285513374534627e+00
1.260499999000000093e+00 2.606323491827546412e+00
1.270499999000000102e+00 2.602114648521034468e+00
1.280499999000000111e+00 2.597656596568702181e+00
1.290499999000000120e+00 2.592953287477687052e+00
1.300499999000000129e+00 2.588004574573262051e+00
1.310499999000000138e+00 2.582814551362395239e+00
1.320499999000000146e+00 2.577382522545723198e+00
1.330499999000000155e+00 2.571706413791746915e+00
1.340499999000000164e+00 2.565782795997785914e+00
1.350499999000000173e+00 2.559609682134536435e+00
1.360499999000000182e+00 2.553193279599500265e+00
1.370499999000000191e+00 2.546537677982788850e+00
1.380499998999999978e+00 2.539649872821160059e+00
1.390499998999999987e+00 2.532531479796481744e+00
1.400499998999999995e+00 2.525180377490479522e+00
1.410499999000000004e+00 2.517597489491068430e+00
1.420499999000000013e+00 2.509782514344857329e+00
1.430499999000000022e+00 2.501743175980184919e+00
1.440499999000000031e+00 2.493488886604436239e+00
1.450499999000000040e+00 2.485024575960869342e+00
1.460499999000000049e+00 2.476353409643603953e+00
1.470499999000000058e+00 2.467473493987212052e+00
1.480499999000000066e+00 2.458386313364216758e+00
1.490499999000000075e+00 2.449096965939611792e+00
1.500499999000000084e+00 2.439613324900363533e+00
1.510499999000000093e+00 2.429946255597101867e+00
1.520499999000000102e+00 2.420099494447279120e+00
1.530499999000000111e+00 2.410073391795261255e+00
1.540499999000000120e+00 2.399868410919060668e+00
1.550499999000000129e+00 2.389485537078761546e+00
1.560499999000000138e+00 2.378933271133282457e+00
1.570499999000000146e+00 2.368221605188057133e+00
1.580499999000000155e+00 2.357357231424751287e+00
1.590499999000000164e+00 2.346342814715733027e+00
1.600499999000000173e+00 2.335176327817860553e+00
1.610499999000000182e+00 2.323858227409049793e+00
1.620499999000000191e+00 2.312394025025850564e+00
1.630499999000000200e+00 2.300792051787105663e+00
1.640499999000000209e+00 2.289061579777744271e+00
1.650499998999999995e+00 2.277205911998199550e+00
1.660499999000000004e+00 2.265223503595659604e+00
1.670499999000000013e+00 2.253112998887959240e+00
1.680499999000000022e+00 2.240875196836662919e+00
1.690499999000000031e+00 2.228517404108193656e+00
1.700499999000000040e+00 2.216048487012957313e+00
1.710499999000000049e+00 2.203473723916799631e+00
1.720499999000000058e+00 2.190793407008763793e+00
1.730499999000000066e+00 2.178003817320736779e+00
1.740499999000000075e+00 2.165103337790294624e+00
1.750499999000000084e+00 2.152095936347530269e+00
1.760499999000000093e+00 2.138988871670430836e+00
1.770499999000000102e+00 2.125789357471183028e+00
1.780499999000000111e+00 2.112499030617986939e+00
1.790499999000000120e+00 2.099114300690088974e+00
1.800499999000000129e+00 2.085631353332740634e+00
1.810499999000000138e+00 2.072049338434053034e+00
1.820499999000000146e+00 2.058373746002654769e+00
1.830499999000000155e+00 2.044611825730613841e+00
1.840499999000000164e+00 2.030767634272171218e+00
1.850499999000000173e+00 2.016839633858139358e+00
1.860499999000000182e+00 2.002822199776589152e+00
1.870499999000000191e+00 1.988711622165007853e+00
1.880499999000000200e+00 1.974509780653005198e+00
1.890499999000000209e+00 1.960222718060533609e+00
1.900499999000000217e+00 1.945856521385717297e+00
1.910499999000000226e+00 1.931411930102170604e+00
1.920499999000000013e+00 1.916884128565516932e+00
1.930499999000000022e+00 1.902267403346435071e+00
1.940499999000000031e+00 1.887559047040077154e+00
1.950499999000000040e+00 1.872763100680321369e+00
1.960499999000000049e+00 1.857885893074980199e+00
1.970499999000000058e+00 1.842931335128997095e+00
1.980499999000000066e+00 1.827897597242076788e+00
1.990499999000000075e+00 1.812777965981172912e+00
2.000499999000000084e+00 1.797567170420922178e+00
2.010499999000000315e+00 1.782264868238468303e+00
2.020499999000000102e+00 1.766876253523825824e+00
2.030499999000000333e+00 1.751407595043097842e+00
2.040499999000000120e+00 1.735860243434330874e+00
2.050499998999999907e+00 1.720229728462681074e+00
2.060499999000000138e+00 1.704509193554701652e+00
2.070499998999999924e+00 1.688694550354758794e+00
2.080499999000000155e+00 1.672788636896278547e+00
2.090499998999999942e+00 1.656797461544315730e+00
2.100499999000000173e+00 1.640726060465373948e+00
2.110499998999999960e+00 1.624573553116485547e+00
2.120499999000000191e+00 1.608333448404337895e+00
2.130499998999999978e+00 1.591999851467437832e+00
2.140499999000000209e+00 1.575570792404101139e+00
2.150499998999999995e+00 1.559051285167222467e+00
2.160499999000000226e+00 1.542448192007879637e+00
2.170499999000000013e+00 1.525764394677678659e+00
2.180499999000000244e+00 1.508996953739966562e+00
2.190499999000000031e+00 1.492138743468371054e+00
2.200499999000000262e+00 1.475185102718437280e+00
2.210499999000000049e+00 1.458137849641365280e+00
2.220499999000000280e+00 1.441003257550208971e+00
2.230499999000000066e+00 1.423787926024807193e+00
2.240499999000000297e+00 1.406492478348213337e+00
2.250499999000000084e+00 1.389111665844343868e+00
2.260499999000000315e+00 1.371639475710155098e+00
2.270499999000000102e+00 1.354073242108109199e+00
2.280499999000000333e+00 1.336418034178790570e+00
2.290499999000000120e+00 1.318681411425336902e+00
2.300499999000000351e+00 1.300868301756584078e+00
2.310499999000000138e+00 1.282977586144925075e+00
2.320499998999999924e+00 1.265002742048036533e+00
2.330499999000000155e+00 1.246939133558172985e+00
2.340499998999999942e+00 1.228787492182064067e+00
2.350499999000000173e+00 1.210554687590244649e+00
2.360499998999999960e+00 1.192248949033227312e+00
2.370499999000000191e+00 1.173873113590437889e+00
2.380499998999999978e+00 1.155423889192446207e+00
2.390499999000000209e+00 1.136895308900173873e+00
2.400499998999999995e+00 1.118284550382971920e+00
2.410499999000000226e+00 1.099596318541551154e+00
2.420499999000000013e+00 1.080838841841930575e+00
2.430499999000000244e+00 1.062019443752552528e+00
2.440499999000000031e+00 1.043139077249660041e+00
2.450499999000000262e+00 1.024192748785527129e+00
2.460499999000000049e+00 1.005176013701779558e+00
2.470499999000000280e+00 9.860887468475934003e-01
2.480499999000000066e+00 9.669383433989355847e-01
2.490499999000000297e+00 9.477342007560616288e-01
2.500000000000000000e+00 9.294455478796521675e-01
2.510000000000000231e+00 9.101517719644476312e-01
2.520000000000000018e+00 8.908220225481848775e-01
2.530000000000000249e+00 8.714607421630908846e-01
2.540000000000000036e+00 8.520669859305376459e-01
2.550000000000000266e+00 8.326354095021230028e-01
2.560000000000000053e+00 8.131618150296051617e-01
2.570000000000000284e+00 7.936477379842873381e-01
2.580000000000000071e+00 7.741010674429329441e-01
2.590000000000000302e+00 7.545312662592196240e-01
2.600000000000000089e+00 7.349436042804320390e-01
2.610000000000000320e+00 7.153368698840153472e-01
2.620000000000000107e+00 6.957061557048389577e-01
2.630000000000000338e+00 6.760489719350141202e-01
2.640000000000000124e+00 6.564110436215170319e-01
2.650000000000000355e+00 6.369443778804786405e-01
2.660000000000000142e+00 6.176758056643909534e-01
2.670000000000000373e+00 5.986237953603988915e-01
2.680000000000000160e+00 5.798082711767686970e-01
2.689999999999999947e+00 5.612482258538227242e-01
2.700000000000000178e+00 5.429593545862316795e-01
2.709999999999999964e+00 5.249523530302799834e-01
2.720000000000000195e+00 5.072335122604425539e-01
2.729999999999999982e+00 4.898079319917284513e-01
2.740000000000000213e+00 4.726860748548695201e-01
2.750000000000000000e+00 4.558824554846174215e-01
2.760000000000000231e+00 4.394148771966842615e-01
2.770000000000000018e+00 4.233992674810196366e-01
2.780000000000000249e+00 4.099913325596906133e-01
2.790000000000000036e+00 3.984400138472264929e-01
2.800000000000000266e+00 3.882739136636094157e-01
2.810000000000000053e+00 3.793159405026049757e-01
2.820000000000000284e+00 3.714441068550590752e-01
2.830000000000000071e+00 3.645551777675988814e-01
2.840000000000000302e+00 3.585683114500086144e-01
2.850000000000000089e+00 3.534067202072057601e-01
2.860000000000000320e+00 3.489997719432528789e-01
2.870000000000000107e+00 3.452820191482215417e-01
2.880000000000000338e+00 3.421904619727401675e-01
2.890000000000000124e+00 3.396653354888700127e-01
2.900000000000000355e+00 3.376492348050278980e-01
2.910000000000000142e+00 3.360869457823858486e-01
2.920000000000000373e+00 3.349257692035698120e-01
2.930000000000000160e+00 3.341152486666041921e-01
2.940000000000000391e+00 3.336073713309737898e-01
2.950000000000000178e+00 3.333567881587446990e-01
2.959999999999999964e+00 3.333208175548981744e-01
2.970000000000000195e+00 3.334595845840243600e-01
2.979999999999999982e+00 3.337361137634962116e-01
2.990000000000000213e+00 3.341163867295117718e-01
3.000000000000000000e+00 3.345694972526967459e-01
3.010000000000000231e+00 3.350676875769438845e-01
3.020000000000000018e+00 3.355862473094688436e-01
3.030000000000000249e+00 3.361035393086773126e-01
3.040000000000000036e+00 3.366011511697826197e-01
3.050000000000000266e+00 3.370638861318189794e-01
3.060000000000000053e+00 3.374795038658157664e-01
3.070000000000000284e+00 3.378382863320742446e-01
3.080000000000000071e+00 3.381330844878842612e-01
3.090000000000000302e+00 3.383595184423612290e-01
3.100000000000000089e+00 3.385154250886782124e-01
3.110000000000000320e+00 3.385997685382876043e-01
3.120000000000000107e+00 3.386139390332518762e-01
3.130000000000000338e+00 3.385605321509134735e-01
3.140000000000000124e+00 3.384438782328212936e-01
3.150000000000000355e+00 3.382691436738553548e-01
3.160000000000000142e+00 3.380432839271507728e-01
3.170000000000000373e+00 3.377726699551801270e-01
3.180000000000000160e+00 3.374651556743553660e-01
3.190000000000000391e+00 3.371288981182772315e-01
3.200000000000000178e+00 3.367728042721792048e-01
3.210000000000000409e+00 3.364043824059288479e-01
3.220000000000000195e+00 3.360313399646975840e-01
3.229999999999999982e+00 3.356608370979504707e-01
3.240000000000000213e+00 3.353000496457618218e-01
3.250000000000000000e+00 3.349551500202345711e-01
3.260000000000000231e+00 3.346326313433616861e-01
3.270000000000000018e+00 3.343381842133683057e-01
3.280000000000000249e+00 3.340765074818838332e-01
3.290000000000000036e+00 3.338507420052618802e-01
3.300000000000000266e+00 3.336629680699195744e-01
3.310000000000000053e+00 3.335146373052365609e-01
3.320000000000000284e+00 3.334066881047549891e-01
3.330000000000000071e+00 3.333393696192066824e-01
3.340000000000000302e+00 3.333119332725693607e-01
3.350000000000000089e+00 3.333226860996597596e-01
3.360000000000000320e+00 3.333693005848784585e-01
3.370000000000000107e+00 3.334491274027521213e-01
3.380000000000000338e+00 3.335591397140741932e-01
3.390000000000000124e+00 3.336958001456003520e-01
3.400000000000000355e+00 3.338548594604587860e-01
3.410000000000000142e+00 3.340318294622163786e-01
3.420000000000000373e+00 3.342224120258542319e-01
3.430000000000000160e+00 3.344224776683228373e-01
3.440000000000000391e+00 3.346282605850320890e-01
3.450000000000000178e+00 3.348356533673878532e-01
3.460000000000000409e+00 3.350402672835356976e-01
3.470000000000000195e+00 3.352377867236190356e-01
3.480000000000000426e+00 3.354243666691311132e-01
3.490000000000000213e+00 3.355973763816098021e-01
3.500000000000000000e+00 3.357546358529214237e-01
3.510000000000000231e+00 3.358941793335789017e-01
3.520000000000000018e+00 3.360141484798571110e-01
3.530000000000000249e+00 3.361121249401674005e-01
3.540000000000000036e+00 3.361866340175606593e-01
3.550000000000000266e+00 3.362370625848660755e-01
3.560000000000000053e+00 3.362637543358925618e-01
3.570000000000000284e+00 3.362678696778197418e-01
3.580000000000000071e+00 3.362500334575535543e-01
3.590000000000000302e+00 3.362109449232367209e-01
3.600000000000000089e+00 3.361509408484233408e-01
3.610000000000000320e+00 3.360710902010488610e-01
3.620000000000000107e+00 3.359734870886175173e-01
3.630000000000000338e+00 3.358606200678615483e-01
3.640000000000000124e+00 3.357353594735023039e-01
3.650000000000000355e+00 3.355997790262157943e-01
3.660000000000000142e+00 3.354554758432538586e-01
3.670000000000000373e+00 3.353041610384773774e-01
3.680000000000000160e+00 3.351477141123175296e-01
3.690000000000000391e+00 3.349888132357696224e-01
3.700000000000000178e+00 3.348301357870662187e-01
3.710000000000000409e+00 3.346739554727444776e-01
3.720000000000000195e+00 3.345218674244569979e-01
3.730000000000000426e+00 3.343749271426436631e-01
3.740000000000000213e+00 3.342342605935526012e-01
3.750000000000000444e+00 3.341011696888646076e-01
3.760000000000000231e+00 3.339771231387737016e-01
3.770000000000000018e+00 3.338633332792170227e-01
3.780000000000000249e+00 3.337604760716452179e-01
3.790000000000000036e+00 3.336687075837235783e-01
3.800000000000000266e+00 3.335879634780253844e-01
3.810000000000000053e+00 3.335182063915025918e-01
3.820000000000000284e+00 3.334594495686474813e-01
3.830000000000000071e+00 3.334116056542565376e-01
3.840000000000000302e+00 3.333743030540464725e-01
3.850000000000000089e+00 3.333468863665058901e-01
3.860000000000000320e+00 3.333285634114861451e-01
3.870000000000000107e+00 3.333185166623985896e-01
3.880000000000000338e+00 3.333159466097674883e-01
3.890000000000000124e+00 3.333199885994956313e-01
3.900000000000000355e+00 3.333296807089180525e-01
3.910000000000000142e+00 3.333440104610567167e-01
3.920000000000000373e+00 3.333620462045046029e-01
3.930000000000000160e+00 3.333829457596863555e-01
3.940000000000000391e+00 3.334059111888691973e-01
3.950000000000000178e+00 3.334301050616662598e-01
3.960000000000000409e+00 3.334545757070241923e-01
3.970000000000000195e+00 3.334784683853810883e-01
3.980000000000000426e+00 3.335010960999281182e-01
3.990000000000000213e+00 3.335220392491073937e-01
4.000000000000000000e+00 3.335410433597603141e-01
4.010000000000000675e+00 3.335577708607714298e-01
4.020000000000000462e+00 3.335718153075539760e-01
4.030000000000000249e+00 3.335826987293439849e-01
4.040000000000000036e+00 3.335901329065965593e-01
4.049999999999999822e+00 3.335941612498331543e-01
4.060000000000000497e+00 3.335950082228839042e-01
4.070000000000000284e+00 3.335929937457837724e-01
4.080000000000000071e+00 3.335882535236060487e-01
4.089999999999999858e+00 3.335807654932654298e-01
4.100000000000000533e+00 3.335705788872010968e-01
4.110000000000000320e+00 3.335578875811341382e-01
4.120000000000000107e+00 3.335431940757707103e-01
4.129999999999999893e+00 3.335270641894652055e-01
4.140000000000000568e+00 3.335099648471064882e-01
4.150000000000000355e+00 3.334921759474696601e-01
4.160000000000000142e+00 3.334738340595412853e-01
4.169999999999999929e+00 3.334551609383582527e-01
4.180000000000000604e+00 3.334365122537092940e-01
4.190000000000000391e+00 3.334183613323266071e-01
4.200000000000000178e+00 3.334011449463959442e-01
4.209999999999999964e+00 3.333851346010781036e-01
4.220000000000000639e+00 3.333704512224136551e-01
4.230000000000000426e+00 3.333571679677946875e-01
4.240000000000000213e+00 3.333453994347463922e-01
4.250000000000000000e+00 3.333353226314736961e-01
4.260000000000000675e+00 3.333270954179471945e-01
4.270000000000000462e+00 3.333207929817513238e-01
4.280000000000000249e+00 3.333163939476168069e-01
4.290000000000000036e+00 3.333138307701852820e-01
4.300000000000000711e+00 3.333130349207933385e-01
4.310000000000000497e+00 3.333139367058333136e-01
4.320000000000000284e+00 3.333164292707483933e-01
4.330000000000000071e+00 3.333203528948462946e-01
4.339999999999999858e+00 3.333255213967495911e-01
4.350000000000000533e+00 3.333317794202177997e-01
4.360000000000000320e+00 3.333390051296526435e-01
4.370000000000000107e+00 3.333470721820647187e-01
4.379999999999999893e+00 3.333557890511311128e-01
4.390000000000000568e+00 3.333648763123383540e-01
4.400000000000000355e+00 3.333740597420320473e-01
4.410000000000000142e+00 3.333831342622593508e-01
4.419999999999999929e+00 3.333920219132239793e-01
4.430000000000000604e+00 3.334006964810624085e-01
4.440000000000000391e+00 3.334090645629411709e-01
4.450000000000000178e+00 3.334169258476812892e-01
4.459999999999999964e+00 3.334240098853737955e-01
4.470000000000000639e+00 3.334301188334065080e-01
4.480000000000000426e+00 3.334352254867038456e-01
4.490000000000000213e+00 3.334394180921844142e-01
4.500000000000000000e+00 3.334428050249447772e-01
4.510000000000000675e+00 3.334453644977974918e-01
4.520000000000000462e+00 3.334469424894173084e-01
4.530000000000000249e+00 3.334473954570311705e-01
4.540000000000000036e+00 3.334466811221546423e-01
4.550000000000000711e+00 3.334449602622110431e-01
4.560000000000000497e+00 3.334424555543177293e-01
4.570000000000000284e+00 3.334393265580075649e-01
4.580000000000000071e+00 3.334355876899176008e-01
4.589999999999999858e+00 3.334311444962695381e-01
4.600000000000000533e+00 3.334259609345304187e-01
4.610000000000000320e+00 3.334201328557764854e-01
4.620000000000000107e+00 3.334138893515536939e-01
4.629999999999999893e+00 3.334074667374533063e-01
4.640000000000000568e+00 3.334009857676319410e-01
4.650000000000000355e+00 3.333944341202397799e-01
4.660000000000000142e+00 3.333877582933699180e-01
4.669999999999999929e+00 3.333809677993413989e-01
4.680000000000000604e+00 3.333741963149123855e-01
4.690000000000000391e+00 3.333676284564160985e-01
4.700000000000000178e+00 3.333614080444697869e-01
4.709999999999999964e+00 3.333555693067079551e-01
4.720000000000000639e+00 3.333500610458863811e-01
4.730000000000000426e+00 3.333448352034349971e-01
4.740000000000000213e+00 3.333399044355993546e-01
4.750000000000000000e+00 3.333353513622895337e-01
4.760000000000000675e+00 3.333312605334639578e-01
4.770000000000000462e+00 3.333276675953049661e-01
4.780000000000000249e+00 3.333245365075918620e-01
4.790000000000000036e+00 3.333218032868143776e-01
4.800000000000000711e+00 3.333194194296654755e-01
4.810000000000000497e+00 3.333173756068941729e-01
4.820000000000000284e+00 3.333156843009038584e-01
4.830000000000000071e+00 3.333143458771754553e-01
4.839999999999999858e+00 3.333133346667241370e-01
4.850000000000000533e+00 3.333126030752879831e-01
4.860000000000000320e+00 3.333121030225618120e-01
4.870000000000000107e+00 3.333117964479142548e-01
4.879999999999999893e+00 3.333116537715895555e-01
4.890000000000000568e+00 3.333116452953508446e-01
4.900000000000000355e+00 3.333117411820799569e-01
4.910499999000000670e+00 3.333119263470049609e-01
4.920499999000000457e+00 3.333121648494759559e-01
4.930499999000000244e+00 3.333124481019249519e-01
4.940499999000000031e+00 3.333127523502115164e-01
4.950499999000000706e+00 3.333130430144825573e-01
4.960499999000000493e+00 3.333132906159697595e-01
4.970499999000000280e+00 3.333134817147785922e-01
4.980499999000000066e+00 3.333136257764671151e-01
4.990499999000000741e+00 3.333137376451725808e-01
5.000499999000000528e+00 3.333138198972294131e-01
5.010499999000000315e+00 3.333138558202639046e-01
5.020499999000000102e+00 3.333138209744806457e-01
5.030499998999999889e+00 3.333137048882849895e-01
5.040499999000000564e+00 3.333135218486722451e-01
5.050499999000000351e+00 3.333133016470558596e-01
5.060499999000000138e+00 3.333130698728588581e-01
5.070499998999999924e+00 3.333128332410548178e-01
5.080499999000000599e+00 3.333125823889844797e-01
5.090499999000000386e+00 3.333123105028716338e-01
5.100499999000000173e+00 3.333120243945223438e-01
5.110499998999999960e+00 3.333117470181716779e-01
5.120499999000000635e+00 3.333115018901156579e-01
5.130499999000000422e+00 3.333113030495429285e-01
5.140499999000000209e+00 3.333111531848571563e-01
5.150499998999999995e+00 3.333110525169863392e-01
5.160499999000000670e+00 3.333110061530306645e-01
5.170499999000000457e+00 3.333110228190916402e-01
5.180499999000000244e+00 3.333111077603273520e-01
5.190499999000000031e+00 3.333112597300379454e-01
5.200499999000000706e+00 3.333114759048546594e-01
5.210499999000000493e+00 3.333117606568597457e-01
5.220499999000000280e+00 3.333121252707651472e-01
5.230499999000000066e+00 3.333125778674338457e-01
5.240499999000000741e+00 3.333131106669053323e-01
5.250499999000000528e+00 3.333136992408553545e-01
5.260499999000000315e+00 3.333143191113359660e-01
5.270499999000000102e+00 3.333149637676193766e-01
5.280499998999999889e+00 3.333156508443402832e-01
5.290499999000000564e+00 3.333164019317473303e-01
5.300499999000000351e+00 3.333172183867156302e-01
5.310499999000000138e+00 3.333180671924558802e-01
5.320499998999999924e+00 3.333189012957899489e-01
5.330499999000000599e+00 3.333196896647226404e-01
5.340499999000000386e+00 3.333204427834875472e-01
5.350499999000000173e+00 3.333211967852495183e-01
5.360499998999999960e+00 3.333219786943897867e-01
5.370499999000000635e+00 3.333227749478033797e-01
5.380499999000000422e+00 3.333235316484370880e-01
5.390499999000000209e+00 3.333241967596124455e-01
5.400499998999999995e+00 3.333247541211469822e-01
5.410499999000000670e+00 3.333252406279378355e-01
5.420499999000000457e+00 3.333257071124650084e-01
5.430499999000000244e+00 3.333261759413760905e-01
5.440499999000000031e+00 3.333266154881835419e-01
5.450499999000000706e+00 3.333269647089710519e-01
5.460499999000000493e+00 3.333271819456627982e-01
5.470499999000000280e+00 3.333272802144730540e-01
5.480499999000000066e+00 3.333273162527108924e-01
5.490499999000000741e+00 3.333273438080386342e-01
5.500499999000000528e+00 3.333273707619393011e-01
5.510499999000000315e+00 3.333273511027399771e-01
5.520499999000000102e+00 3.333272301052365716e-01
5.530499999000000777e+00 3.333269862607678991e-01
5.540499999000000564e+00 3.333266584340938699e-01
5.550499999000000351e+00 3.333263098546810910e-01
5.560499999000000138e+00 3.333259832224813035e-01
5.570499998999999924e+00 3.333256671787392378e-01
5.580499999000000599e+00 3.333253108139785925e-01
5.590499999000000386e+00 3.333248718904224805e-01
5.600499999000000173e+00 3.333243521842881862e-01
5.610499998999999960e+00 3.333238019968102206e-01
5.620499999000000635e+00 3.333232774125319819e-01
5.630499999000000422e+00 3.333228016244082492e-01
5.640499999000000209e+00 3.333223468149328905e-01
5.650499998999999995e+00 3.333218660934946787e-01
5.660499999000000670e+00 3.333213322456615169e-01
5.670499999000000457e+00 3.333207646723467255e-01
5.680499999000000244e+00 3.333202121484343805e-01
5.690499999000000031e+00 3.333197150614836124e-01
5.700499999000000706e+00 3.333192755133193574e-01
5.710499999000000493e+00 3.333188581279920570e-01
5.720499999000000280e+00 3.333184246799049122e-01
5.730499999000000066e+00 3.333179637230092029e-01
5.740499999000000741e+00 3.333175028366151538e-01
5.750499999000000528e+00 3.333170817667009955e-01
5.760499999000000315e+00 3.333167234032571868e-01
5.770499999000000102e+00 3.333164138487553219e-01
5.780499999000000777e+00 3.333161185285362649e-01
5.790499999000000564e+00 3.333158100842747995e-01
5.800499999000000351e+00 3.333154905929863743e-01
5.810499999000000138e+00 3.333151886522388585e-01
5.820499998999999924e+00 3.333149331223080880e-01
5.830499999000000599e+00 3.333147314894259750e-01
5.840499999000000386e+00 3.333145619626839418e-01
5.850499999000000173e+00 3.333143948525595368e-01
5.860499998999999960e+00 3.333142143957223968e-01
5.870499999000000635e+00 3.333140323068543021e-01
5.880499999000000422e+00 3.333138749756785479e-01
5.890499999000000209e+00 3.333137617166344047e-01
5.900499998999999995e+00 3.333136880053826356e-01
5.910499999000000670e+00 3.333136297539148751e-01
5.920499999000000457e+00 3.333135634344263076e-01
5.930499999000000244e+00 3.333134842218116178e-01
5.940499999000000031e+00 3.333134103998059428e-01
5.950499999000000706e+00 3.333133654602297158e-01
5.960499999000000493e+00 3.333133602384229510e-01
5.970499999000000280e+00 3.333133812605909574e-01
5.980499999000000066e+00 3.333134038988599945e-01
5.990499999000000741e+00 3.333134111519895360e-01
6.000499999000000528e+00 3.333134084217516668e-01
6.010499999000000315e+00 3.333134186077817418e-01
6.020499999000000102e+00 3.333134621311727996e-01
6.030499999000000777e+00 3.333135405333277346e-01
6.040499999000000564e+00 3.333136330207448483e-01
6.050499999000000351e+00 3.333137151338240733e-01
6.060499999000000138e+00 3.333137772990923398e-01
6.070499999000000813e+00 3.333138349952755597e-01
6.080499999000000599e+00 3.333139140016180835e-01
6.090499999000000386e+00 3.333140301277404682e-01
6.100499999000000173e+00 3.333141738524632025e-01
6.110499998999999960e+00 3.333143180284808271e-01
6.120499999000000635e+00 3.333144399635610267e-01
6.130499999000000422e+00 3.333145399687343358e-01
6.140499999000000209e+00 3.333146426826811837e-01
6.150499998999999995e+00 3.333147745394917649e-01
6.160499999000000670e+00 3.333149432659829881e-01
6.170499999000000457e+00 3.333151274906573369e-01
6.180499999000000244e+00 3.333152959716351726e-01
6.190499999000000031e+00 3.333154310767029727e-01
6.200499999000000706e+00 3.333155457005438915e-01
6.210499999000000493e+00 3.333156711895985946e-01
6.220499999000000280e+00 3.333158314521534882e-01
6.230499999000000066e+00 3.333160221092867914e-01
6.240499999000000741e+00 3.333162116678721754e-01
6.250499999000000528e+00 3.333163686377721979e-01
6.260499999000000315e+00 3.333164851928038797e-01
6.270499999000000102e+00 3.333165868478439875e-01
6.280499999000000777e+00 3.333167080473483646e-01
6.290499999000000564e+00 3.333168657215237474e-01
6.300499999000000351e+00 3.333170415114710128e-01
6.310499999000000138e+00 3.333171979008021091e-01
6.320499999000000813e+00 3.333173078242481768e-01
6.330499999000000599e+00 3.333173777378985458e-01
6.340499999000000386e+00 3.333174426151489511e-01
6.350499999000000173e+00 3.333175356770270992e-01
6.360499998999999960e+00 3.333176621193769673e-01
6.370499999000000635e+00 3.333177913575675611e-01
6.380499999000000422e+00 3.333178851542145105e-01
6.390499999000000209e+00 3.333179259582069731e-01
6.400499998999999995e+00 3.333179352345974067e-01
6.410499999000000670e+00 3.333179526185869879e-01
6.420499999000000457e+00 3.333180051144567502e-01
6.430499999000000244e+00 3.333180831264164756e-01
6.440499999000000031e+00 3.333181485097917451e-01
6.450499999000000706e+00 3.333181672368875637e-01
6.460499999000000493e+00 3.333181360869638121e-01
6.470499999000000280e+00 3.333180880885016628e-01
6.480499999000000066e+00 3.333180622501737966e-01
6.490499999000000741e+00 3.333180742816378439e-01
6.500499999000000528e+00 3.333181003827074274e-01
6.510499999000000315e+00 3.333181006311043415e-01
6.520499999000000102e+00 3.333180499379200246e-01
6.530499999000000777e+00 3.333179612438310624e-01
6.540499999000000564e+00 3.333178736029839273e-01
6.550499999000000351e+00 3.333178201984903222e-01
6.560499999000000138e+00 3.333178016644870456e-01
6.570499999000000813e+00 3.333177845353351709e-01
6.580499999000000599e+00 3.333177322637880247e-01
6.590499999000000386e+00 3.333176329098979651e-01
6.600499999000000173e+00 3.333175127158325979e-01
6.610499999000000848e+00 3.333174109259680606e-01
6.620499999000000635e+00 3.333173502881391359e-01
6.630499999000000422e+00 3.333173161624210512e-01
6.640499999000000209e+00 3.333172713175997504e-01
6.650499998999999995e+00 3.333171866611407963e-01
6.660499999000000670e+00 3.333170655080070488e-01
6.670499999000000457e+00 3.333169417545958080e-01
6.680499999000000244e+00 3.333168499448501132e-01
6.690499999000000031e+00 3.333167991996394131e-01
6.700499999000000706e+00 3.333167633161259746e-01
6.710499999000000493e+00 3.333167064071326791e-01
6.720499999000000280e+00 3.333166101141039062e-01
6.730499999000000066e+00 3.333164915158189356e-01
6.740499999000000741e+00 3.333163865961078498e-01
6.750499999000000528e+00 3.333163216491093483e-01
6.760499999000000315e+00 3.333162911725925381e-01
6.770499999000000102e+00 3.333162627679143175e-01
6.780499999000000777e+00 3.333162056201976475e-01
6.790499999000000564e+00 3.333161143219129929e-01
6.800499999000000351e+00 3.333160156719107148e-01
6.810499999000000138e+00 3.333159433387163917e-01
6.820499999000000813e+00 3.333159128310749786e-01
6.830499999000000599e+00 3.333159060102357518e-01
6.840499999000000386e+00 3.333158890373950078e-01
6.850499999000000173e+00 3.333158390205314126e-01
6.860499999000000848e+00 3.333157640361473772e-01
6.870499999000000635e+00 3.333156959152180354e-01
6.880499999000000422e+00 3.333156629687994421e-01
6.890499999000000209e+00 3.333156679427204394e-01
6.900499998999999995e+00 3.333156838055694737e-01
6.910499999000000670e+00 3.333156788445142960e-01
6.920499999000000457e+00 3.333156405495468211e-01
6.930499999000000244e+00 3.333155887029952691e-01
6.940499999000000031e+00 3.333155560518739624e-01
6.950499999000000706e+00 3.333155630954092175e-01
6.960499999000000493e+00 3.333155994168257585e-01
6.970499999000000280e+00 3.333156332161731905e-01
6.980499999000000066e+00 3.333156377143193794e-01
6.990499999000000741e+00 3.333156127698255755e-01
7.000499999000000528e+00 3.333155863571523048e-01
7.010499999000000315e+00 3.333155890343841299e-01
7.020499999000000102e+00 3.333156310075993112e-01
7.030499999000000777e+00 3.333156905300215800e-01
7.040499999000000564e+00 3.333157346447006564e-01
7.050499999000000351e+00 3.333157441948582100e-01
7.060499999000000138e+00 3.333157317967427868e-01
7.070499999000000813e+00 3.333157298700941129e-01
7.080499999000000599e+00 3.333157641443404984e-01
7.090499999000000386e+00 3.333158323111229948e-01
7.100499999000000173e+00 3.333159045684425670e-01
7.110499999000000848e+00 3.333159499113186874e-01
7.120499999000000635e+00 3.333159597127378082e-01
7.130499999000000422e+00 3.333159576791874246e-01
7.140499999000000209e+00 3.333159772117209596e-01
7.150499999000000884e+00 3.333160362002365318e-01
7.160499999000000670e+00 3.333161192989056998e-01
7.170499999000000457e+00 3.333161922670428989e-01
7.180499999000000244e+00 3.333162292006141003e-01
7.190499999000000031e+00 3.333162345280135663e-01
7.200499999000000706e+00 3.333162397992012194e-01
7.210499999000000493e+00 3.333162760843403905e-01
7.220499999000000280e+00 3.333163497844722212e-01
7.230499999000000066e+00 3.333164342268722380e-01
7.240499999000000741e+00 3.333164945926102574e-01
7.250499999000000528e+00 3.333165139017876255e-01
7.260499999000000315e+00 3.333165101562574617e-01
7.270499999000000102e+00 3.333165188662011724e-01
7.280499999000000777e+00 3.333165649923482965e-01
7.290499999000000564e+00 3.333166407218683402e-01
7.300499999000000351e+00 3.333167118901673720e-01
7.310499999000000138e+00 3.333167471343336796e-01
7.320499999000000813e+00 3.333167424701872217e-01
7.330499999000000599e+00 3.333167270153060135e-01
7.340499999000000386e+00 3.333167359274240016e-01
7.350499999000000173e+00 3.333167837401063704e-01
7.360499999000000848e+00 3.333168488629590365e-01
7.370499999000000635e+00 3.333168944411105672e-01
7.380499999000000422e+00 3.333168968287538170e-01
7.390499999000000209e+00 3.333168670811788581e-01
7.400499999000000884e+00 3.333168408363489932e-01
7.410499999000000670e+00 3.333168485031670070e-01
7.420499999000000457e+00 3.333168905931364057e-01
7.430499999000000244e+00 3.333169355435156023e-01
7.440499999000000031e+00 3.333169486114873625e-01
7.450499999000000706e+00 3.333169180118067398e-01
7.460499999000000493e+00 3.333168680833629716e-01
7.470499999000000280e+00 3.333168358273332910e-01
7.480499999000000066e+00 3.333168426696746511e-01
7.490499999000000741e+00 3.333168744404250150e-01
7.500499999000000528e+00 3.333168948254925934e-01
7.510499999000000315e+00 3.333168753374277093e-01
7.520499999000000102e+00 3.333168186820623657e-01
7.530499999000000777e+00 3.333167577612677901e-01
7.540499999000000564e+00 3.333167263163794303e-01
7.550499999000000351e+00 3.333167333819922473e-01
7.560499999000000138e+00 3.333167529813840790e-01
7.570499999000000813e+00 3.333167491350758627e-01
7.580499999000000599e+00 3.333167031344708708e-01
7.590499999000000386e+00 3.333166317325527150e-01
7.600499999000000173e+00 3.333165711190269609e-01
7.610499999000000848e+00 3.333165479870963677e-01
7.620499999000000635e+00 3.333165572358808282e-01
7.630499999000000422e+00 3.333165659232066869e-01
7.640499999000000209e+00 3.333165424170068669e-01
7.650499999000000884e+00 3.333164807487498660e-01
7.660499999000000670e+00 3.333164083142575174e-01
7.670499999000000457e+00 3.333163599268454957e-01
7.680499999000000244e+00 3.333163519754660520e-01
7.690499999000000919e+00 3.333163661640512476e-01
7.700499999000000706e+00 3.333163673768398394e-01
7.710499999000000493e+00 3.333163315248800496e-01
7.720499999000000280e+00 3.333162665841388761e-01
7.730499999000000066e+00 3.333162056858048339e-01
7.740499999000000741e+00 3.333161787745826388e-01
7.750499999000000528e+00 3.333161894290752048e-01
7.760499999000000315e+00 3.333162097973978444e-01
7.770499999000000102e+00 3.333162065882906977e-01
7.780499999000000777e+00 3.333161660903695700e-01
7.790499999000000564e+00 3.333161084959944676e-01
7.800499999000000351e+00 3.333160682568141464e-01
7.810499999000000138e+00 3.333160676244698584e-01
7.820499999000000813e+00 3.333160967105227579e-01
7.830499999000000599e+00 3.333161225410922190e-01
7.840499999000000386e+00 3.333161166420877120e-01
7.850499999000000173e+00 3.333160778739048258e-01
7.860499999000000848e+00 3.333160349719057614e-01
7.870499999000000635e+00 3.333160203069762684e-01
7.880499999000000422e+00 3.333160457179628611e-01
7.890499999000000209e+00 3.333160895881765451e-01
7.900499999000000884e+00 3.333161176782280521e-01
7.910499999000000670e+00 3.333161091907027584e-01
7.920499999000000457e+00 3.333160760689639068e-01
7.930499999000000244e+00 3.333160516982003330e-01
7.940499999000000919e+00 3.333160635399152749e-01
7.950499999000000706e+00 3.333161106901556536e-01
7.960499999000000493e+00 3.333161632047046408e-01
7.970499999000000280e+00 3.333161888388266325e-01
7.980499999000000066e+00 3.333161774717675607e-01
7.990499999000000741e+00 3.333161524038233958e-01
8.000499999000000528e+00 3.333161479767627333e-01
8.010499999000000315e+00 3.333161835185801669e-01
8.020499999000000102e+00 3.333162445375170146e-01
8.030499998999999889e+00 3.333162965288545276e-01
8.040499998999999676e+00 3.333163126392251763e-01
8.050499999000001239e+00 3.333162962664045215e-01
8.060499999000001026e+00 3.333162788787180641e-01
8.070499999000000813e+00 3.333162922404316886e-01
8.080499999000000599e+00 3.333163437188341183e-01
8.090499999000000386e+00 3.333164071350394053e-01
8.100499999000000173e+00 3.333164475810118654e-01
8.110499998999999960e+00 3.333164475835828089e-01
8.120499998999999747e+00 3.333164245640893864e-01
8.130499999000001310e+00 3.333164139285363925e-01
8.140499999000001097e+00 3.333164409096728287e-01
8.150499999000000884e+00 3.333164983516608282e-01
8.160499999000000670e+00 3.333165526050841376e-01
8.170499999000000457e+00 3.333165724914636807e-01
8.180499999000000244e+00 3.333165536662790474e-01
8.190499999000000031e+00 3.333165246757383016e-01
8.200499998999999818e+00 3.333165202784356129e-01
8.210499999000001381e+00 3.333165551542038862e-01
8.220499999000001168e+00 3.333166084746034818e-01
8.230499999000000955e+00 3.333166440303679812e-01
8.240499999000000741e+00 3.333166384127176918e-01
8.250499999000000528e+00 3.333166019939380886e-01
8.260499999000000315e+00 3.333165696172971093e-01
8.270499999000000102e+00 3.333165712055189966e-01
8.280499998999999889e+00 3.333166077816666628e-01
8.290499998999999676e+00 3.333166487200656669e-01
8.300499999000001239e+00 3.333166599071753500e-01
8.310499999000001026e+00 3.333166293154367632e-01
8.320499999000000813e+00 3.333165802340324335e-01
8.330499999000000599e+00 3.333165487912490010e-01
8.340499999000000386e+00 3.333165563165794154e-01
8.350499999000000173e+00 3.333165896785629800e-01
8.360499998999999960e+00 3.333166135310140499e-01
8.370499998999999747e+00 3.333165997114224122e-01
8.380499999000001310e+00 3.333165501284137688e-01
8.390499999000001097e+00 3.333164965928936962e-01
8.400499999000000884e+00 3.333164721738690606e-01
8.410499999000000670e+00 3.333164863526059118e-01
8.420499999000000457e+00 3.333165142627220745e-01
8.430499999000000244e+00 3.333165205999845671e-01
8.440499999000000031e+00 3.333164864885416745e-01
8.450499998999999818e+00 3.333164276775951729e-01
8.460499999000001381e+00 3.333163794830817372e-01
8.470499999000001168e+00 3.333163684086789535e-01
8.480499999000000955e+00 3.333163901609930702e-01
8.490499999000000741e+00 3.333164126141982542e-01
8.500499999000000528e+00 3.333164042745277444e-01
8.510499999000000315e+00 3.333163584441740102e-01
8.520499999000000102e+00 3.333163015513221361e-01
8.530499998999999889e+00 3.333162680438973013e-01
8.540499998999999676e+00 3.333162747719004559e-01
8.550499999000001239e+00 3.333163043117109425e-01
8.560499999000001026e+00 3.333163218449591847e-01
8.570499999000000813e+00 3.333163027837196535e-01
8.580499999000000599e+00 3.333162540562367715e-01
8.590499999000000386e+00 3.333162082726251474e-01
8.600499999000000173e+00 3.333161957125175823e-01
8.610499998999999960e+00 3.333162209301350210e-01
8.620499998999999747e+00 3.333162566198898946e-01
8.630499999000001310e+00 3.333162691011116729e-01
8.640499999000001097e+00 3.333162435513004063e-01
8.650499999000000884e+00 3.333161992565157883e-01
8.660499999000000670e+00 3.333161708716776972e-01
8.670499999000000457e+00 3.333161816454254245e-01
8.680499999000000244e+00 3.333162227559846036e-01
8.690499999000000031e+00 3.333162611511539808e-01
8.700499998999999818e+00 3.333162673453760050e-01
8.710499999000001381e+00 3.333162388860980707e-01
8.720499999000001168e+00 3.333162042453299279e-01
8.730499999000000955e+00 3.333161966605138748e-01
8.740499999000000741e+00 3.333162292535331583e-01
8.750499999000000528e+00 3.333162808969296065e-01
8.760499999000000315e+00 3.333163166396920785e-01
8.770499999000000102e+00 3.333163144028538083e-01
8.780499998999999889e+00 3.333162852526550535e-01
8.790499998999999676e+00 3.333162630184072772e-01
8.800499999000001239e+00 3.333162762719604766e-01
8.810499999000001026e+00 3.333163249161567587e-01
8.820499999000000813e+00 3.333163786890764313e-01
8.830499999000000599e+00 3.333164044489820843e-01
8.840499999000000386e+00 3.333163912064200929e-01
8.850499999000000173e+00 3.333163623167209044e-01
8.860499998999999960e+00 3.333163529644574408e-01
8.870499998999999747e+00 3.333163833067422921e-01
8.880499999000001310e+00 3.333164390296659008e-01
8.890499999000001097e+00 3.333164850174514249e-01
8.900499999000000884e+00 3.333164937652094983e-01
8.910499999000000670e+00 3.333164684019193080e-01
8.920499999000000457e+00 3.333164408928448452e-01
8.930499999000000244e+00 3.333164436927510965e-01
8.940499999000000031e+00 3.333164846372329571e-01
8.950499998999999818e+00 3.333165374523396340e-01
8.960499999000001381e+00 3.333165667636507346e-01
8.970499999000001168e+00 3.333165547137248996e-01
8.980499999000000955e+00 3.333165186745370989e-01
8.990499999000000741e+00 3.333164944534527940e-01
9.000499999000000528e+00 3.333165077262393305e-01
9.010499999000000315e+00 3.333165517666181743e-01
9.020499999000000102e+00 3.333165928937557032e-01
9.030499998999999889e+00 3.333165997304540218e-01
9.040499998999999676e+00 3.333165675184387444e-01
9.050499999000001239e+00 3.333165246546380689e-01
9.060499999000001026e+00 3.333165060532983781e-01
9.070499999000000813e+00 3.333165268876858156e-01
9.080499999000000599e+00 3.333165669520990471e-01
9.090499999000000386e+00 3.333165901897997552e-01
9.100499999000000173e+00 3.333165729677614042e-01
9.110499998999999960e+00 3.333165249468912350e-01
9.120499998999999747e+00 3.333164806014714543e-01
9.130499999000001310e+00 3.333164699701703926e-01
9.140499999000001097e+00 3.333164949688339207e-01
9.150499999000000884e+00 3.333165258223527716e-01
9.160499999000000670e+00 3.333165286467532074e-01
9.170499999000000457e+00 3.333164909086613337e-01
9.180499999000000244e+00 3.333164350277244004e-01
9.190499999000000031e+00 3.333163966561237812e-01
9.200499998999999818e+00 3.333163974343316127e-01
9.210499999000001381e+00 3.333164253386361464e-01
9.220499999000001168e+00 3.333164458190643886e-01
9.230499999000000955e+00 3.333164306872494764e-01
9.240499999000000741e+00 3.333163809527339150e-01
9.250499999000000528e+00 3.333163274723014990e-01
9.260499999000000315e+00 3.333163029982065262e-01
9.270499999000000102e+00 3.333163177011412293e-01
9.280499998999999889e+00 3.333163477956161413e-01
9.290499999000001452e+00 3.333163584488070819e-01
9.300499999000001239e+00 3.333163303080252660e-01
9.310499999000001026e+00 3.333162779170739110e-01
9.320499999000000813e+00 3.333162358305485906e-01
9.330499999000000599e+00 3.333162307199066809e-01
9.340499999000000386e+00 3.333162593559134135e-01
9.350499999000000173e+00 3.333162904607780419e-01
9.360499998999999960e+00 3.333162924399464266e-01
9.370499998999999747e+00 3.333162575142426531e-01
9.380499999000001310e+00 3.333162109393499328e-01
9.390499999000001097e+00 3.333161869679112099e-01
9.400499999000000884e+00 3.333162032976036970e-01
9.410000000000000142e+00 3.333162419695521184e-01
9.419999999999999929e+00 3.333162781705496513e-01
9.429999999999999716e+00 3.333162921264663514e-01
9.440000000000001279e+00 3.333162907887291526e-01
9.450000000000001066e+00 3.333163040403099298e-01
9.460000000000000853e+00 3.333163627597864886e-01
9.470000000000000639e+00 3.333164790940135735e-01
9.480000000000000426e+00 3.333166315375404309e-01
9.490000000000000213e+00 3.333167832615103188e-01
9.500000000000000000e+00 3.333169080022848618e-01
9.509999999999999787e+00 3.333170123452935951e-01
9.520000000000001350e+00 3.333171297764392915e-01
9.530000000000001137e+00 3.333172916929887930e-01
9.540000000000000924e+00 3.333175015870078473e-01
9.550000000000000711e+00 3.333177277987950937e-01
9.560000000000000497e+00 3.333179309828668835e-01
9.570000000000000284e+00 3.333180928528414744e-01
9.580000000000000071e+00 3.333182346215889935e-01
9.589999999999999858e+00 3.333183956076551935e-01
9.600000000000001421e+00 3.333186019578789350e-01
9.610000000000001208e+00 3.333188410886472886e-01
9.620000000000000995e+00 3.333190711183738886e-01
9.630000000000000782e+00 3.333192547513447734e-01
9.640000000000000568e+00 3.333193888509205505e-01
9.650000000000000355e+00 3.333195088239387371e-01
9.660000000000000142e+00 3.333196556740746219e-01
9.669999999999999929e+00 3.333198436193905434e-01
9.679999999999999716e+00 3.333200430462771591e-01
9.690000000000001279e+00 3.333202075549121512e-01
9.700000000000001066e+00 3.333203089597167601e-01
9.710000000000000853e+00 3.333203637300665712e-01
9.720000000000000639e+00 3.333204166690425518e-01
9.730000000000000426e+00 3.333205040982995526e-01
9.740000000000000213e+00 3.333206229382114083e-01
9.750000000000000000e+00 3.333207310662599232e-01
9.759999999999999787e+00 3.333207850214004453e-01
9.770000000000001350e+00 3.333207728005372905e-01
9.780000000000001137e+00 3.333207283045774294e-01
9.790000000000000924e+00 3.333206987105658547e-01
9.800000000000000711e+00 3.333207087722369621e-01
9.810000000000000497e+00 3.333207371873976865e-01
9.820000000000000284e+00 3.333207369801604036e-01
9.830000000000000071e+00 3.333206741074072332e-01
9.839999999999999858e+00 3.333205564975160184e-01
9.850000000000001421e+00 3.333204282300770149e-01
9.860000000000001208e+00 3.333203314427763964e-01
9.870000000000000995e+00 3.333202740617128290e-01
9.880000000000000782e+00 3.333202207991136645e-01
9.890000000000000568e+00 3.333201275040549305e-01
9.900000000000000355e+00 3.333199747240043753e-01
9.910000000000000142e+00 3.333197881323204936e-01
9.919999999999999929e+00 3.333196139179420148e-01
9.930000000000001492e+00 3.333194829387196023e-01
9.940000000000001279e+00 3.333193846509413527e-01
9.950000000000001066e+00 3.333192774446051554e-01
9.960000000000000853e+00 3.333191255134495545e-01
9.970000000000000639e+00 3.333189270287432171e-01
9.980000000000000426e+00 3.333187185092846283e-01
9.990000000000000213e+00 3.333185412060030717e-01
