1.715004078400790691e+09 4.321963609292031050e-01 1.899999999999999953e-02 -1.409999999999999865e-01 0.000000000000000000e+00 0.000000000000000000e+00 1.299999999999999940e-02 -3.400000000000000244e-02 -1.577174694641703123e-01 1.302181246985226526e+00 1.499999999999999944e-02 -3.400000000000000244e-02
1.715004078411045551e+09 4.318976805291483978e-01 1.700000000000000122e-02 -1.409999999999999865e-01 0.000000000000000000e+00 0.000000000000000000e+00 3.000000000000000062e-03 -3.099999999999999978e-02 -1.409715678265520689e-01 1.302181246985226526e+00 6.000000000000000125e-03 -2.800000000000000058e-02
1.715004078420766354e+09 4.307418199853178531e-01 1.799999999999999864e-02 -1.400000000000000133e-01 0.000000000000000000e+00 0.000000000000000000e+00 7.000000000000000146e-03 -2.699999999999999969e-02 -1.493380408202481524e-01 1.299846144741753751e+00 1.000000000000000021e-03 -2.000000000000000042e-02
1.715004078431052923e+09 4.318976805291483978e-01 1.700000000000000122e-02 -1.409999999999999865e-01 0.000000000000000000e+00 0.000000000000000000e+00 3.000000000000000062e-03 -2.800000000000000058e-02 -1.409715678265520689e-01 1.302181246985226526e+00 3.000000000000000062e-03 -1.000000000000000021e-02
1.715004078440489054e+09 4.308953466278698796e-01 1.899999999999999953e-02 -1.400000000000000133e-01 0.000000000000000000e+00 0.000000000000000000e+00 1.200000000000000025e-02 -2.299999999999999961e-02 -1.577174694641702013e-01 1.299846144741753751e+00 1.600000000000000033e-02 -1.499999999999999944e-02
1.715004078450635433e+09 4.308953466278698796e-01 1.899999999999999953e-02 -1.400000000000000133e-01 0.000000000000000000e+00 0.000000000000000000e+00 1.099999999999999936e-02 -2.299999999999999961e-02 -1.577174694641702013e-01 1.299846144741753751e+00 2.599999999999999881e-02 -8.000000000000000167e-03
1.715004078460513830e+09 4.334997067064592091e-01 1.899999999999999953e-02 -1.419999999999999873e-01 0.000000000000000000e+00 0.000000000000000000e+00 1.099999999999999936e-02 -2.900000000000000147e-02 -1.577174694641704233e-01 1.304509103072876375e+00 2.000000000000000042e-02 -1.799999999999999864e-02
1.715004078473484993e+09 4.334997067064592091e-01 1.899999999999999953e-02 -1.419999999999999873e-01 0.000000000000000000e+00 0.000000000000000000e+00 1.099999999999999936e-02 -2.900000000000000147e-02 -1.577174694641704233e-01 1.304509103072876375e+00 2.000000000000000042e-02 -1.799999999999999864e-02
1.715004078483076096e+09 4.320428342866515226e-01 1.799999999999999864e-02 -1.409999999999999865e-01 0.000000000000000000e+00 0.000000000000000000e+00 7.000000000000000146e-03 -2.699999999999999969e-02 -1.493380408202481524e-01 1.302181246985226526e+00 1.000000000000000021e-03 -1.200000000000000025e-02
1.715004078493579149e+09 4.333461800639075712e-01 1.799999999999999864e-02 -1.419999999999999873e-01 0.000000000000000000e+00 0.000000000000000000e+00 7.000000000000000146e-03 -2.800000000000000058e-02 -1.493380408202481524e-01 1.304509103072876375e+00 -5.000000000000000104e-03 -7.000000000000000146e-03
1.715004078502266407e+09 4.321962616738575513e-01 1.899999999999999953e-02 -1.409999999999999865e-01 -2.384185793236071049e-08 -2.384185793236071049e-08 1.000000000000000021e-02 -1.899999999999999953e-02 -1.577174471080380336e-01 1.302181302571864929e+00 1.000000000000000021e-03 -1.000000000000000021e-02
1.715004078512179136e+09 4.388980744924404487e-01 2.000000000000000042e-02 -1.459999999999999909e-01 -2.384185793236071049e-08 -2.384185793236071049e-08 1.700000000000000122e-02 -4.499999999999999833e-02 -1.661106256835993555e-01 1.313748889177107859e+00 1.000000000000000021e-02 -2.500000000000000139e-02
1.715004078521966696e+09 4.375854746409892360e-01 2.000000000000000042e-02 -1.449999999999999900e-01 -2.384185793236071049e-08 -2.384185793236071049e-08 1.499999999999999944e-02 -3.799999999999999906e-02 -1.661106256835992445e-01 1.311449634566581146e+00 1.299999999999999940e-02 -3.099999999999999978e-02
1.715004078531198502e+09 4.375854746409892360e-01 2.000000000000000042e-02 -1.449999999999999900e-01 -2.384185793236071049e-08 -2.384185793236071049e-08 1.499999999999999944e-02 -3.799999999999999906e-02 -1.661106256835992445e-01 1.311449634566581146e+00 1.299999999999999940e-02 -3.099999999999999978e-02
1.715004078542338848e+09 4.402129700672059442e-01 2.000000000000000042e-02 -1.469999999999999918e-01 -2.384185793236071049e-08 -2.384185793236071049e-08 1.499999999999999944e-02 -4.599999999999999922e-02 -1.661106256835990225e-01 1.316041087361389916e+00 1.400000000000000029e-02 -3.599999999999999728e-02
1.715004078552235126e+09 4.387361616354598093e-01 1.899999999999999953e-02 -1.459999999999999909e-01 -2.384185793236071049e-08 -2.384185793236071049e-08 8.999999999999999320e-03 -4.100000000000000172e-02 -1.577174471080379226e-01 1.313748889177107859e+00 -6.000000000000000125e-03 -2.699999999999999969e-02
1.715004078563530445e+09 4.400510572102252493e-01 1.899999999999999953e-02 -1.469999999999999918e-01 -2.384185793236071049e-08 -2.384185793236071049e-08 8.000000000000000167e-03 -4.100000000000000172e-02 -1.577174471080380336e-01 1.316041087361389916e+00 -2.000000000000000042e-03 -2.999999999999999889e-02
1.715004078572721720e+09 4.400510572102252493e-01 1.899999999999999953e-02 -1.469999999999999918e-01 -2.384185793236071049e-08 -2.384185793236071049e-08 8.000000000000000167e-03 -4.100000000000000172e-02 -1.577174471080380336e-01 1.316041087361389916e+00 -2.000000000000000042e-03 -2.999999999999999889e-02
1.715004078582181931e+09 4.388980744924404487e-01 2.000000000000000042e-02 -1.459999999999999909e-01 -2.384185793236071049e-08 -2.384185793236071049e-08 1.200000000000000025e-02 -3.200000000000000067e-02 -1.661106256835993555e-01 1.313748889177107859e+00 5.000000000000000104e-03 -6.000000000000000125e-03
1.715004078591723919e+09 4.383006878615049451e-01 1.600000000000000033e-02 -1.459999999999999909e-01 -2.384185793236071049e-08 -2.384185793236071049e-08 -8.000000000000000167e-03 -3.300000000000000155e-02 -1.326172484861263268e-01 1.313748889177107859e+00 0.000000000000000000e+00 -1.899999999999999953e-02
1.715004078601899862e+09 4.396155834362705517e-01 1.600000000000000033e-02 -1.469999999999999918e-01 -2.384185793236071049e-08 -2.384185793236071049e-08 -8.000000000000000167e-03 -3.300000000000000155e-02 -1.326172484861264378e-01 1.316041087361389916e+00 1.000000000000000021e-03 -1.700000000000000122e-02
1.715004078614194393e+09 4.396155834362705517e-01 1.600000000000000033e-02 -1.469999999999999918e-01 -2.384185793236071049e-08 -2.384185793236071049e-08 -8.000000000000000167e-03 -3.300000000000000155e-02 -1.326172484861264378e-01 1.316041087361389916e+00 1.000000000000000021e-03 -1.700000000000000122e-02
1.715004078621304512e+09 4.394871385554358634e-01 1.499999999999999944e-02 -1.469999999999999918e-01 -2.384185793236071049e-08 -2.384185793236071049e-08 -1.299999999999999940e-02 -3.400000000000000244e-02 -1.242743495006104482e-01 1.316041087361389916e+00 -2.999999999999999889e-02 -6.000000000000000125e-03
1.715004078631741047e+09 4.408043228155236748e-01 1.499999999999999944e-02 -1.479999999999999927e-01 -2.384185793236071049e-08 -2.384185793236071049e-08 -1.000000000000000021e-02 -3.500000000000000333e-02 -1.242743495006105592e-01 1.318326265926843766e+00 -3.300000000000000155e-02 -7.000000000000000146e-03
1.715004078642064810e+09 4.396155834362705517e-01 1.600000000000000033e-02 -1.469999999999999918e-01 -2.384185793236071049e-08 -2.384185793236071049e-08 -1.000000000000000021e-02 -2.900000000000000147e-02 -1.326172484861264378e-01 1.316041087361389916e+00 -1.799999999999999864e-02 0.000000000000000000e+00
1.715004078651981831e+09 4.435739743032905968e-01 1.600000000000000033e-02 -1.499999999999999944e-01 -2.384185793236071049e-08 -2.384185793236071049e-08 -8.999999999999999320e-03 -4.200000000000000261e-02 -1.326172484861263268e-01 1.322875709600544791e+00 -1.499999999999999944e-02 -8.000000000000000167e-03
1.715004078662933826e+09 4.434455294224553534e-01 1.499999999999999944e-02 -1.499999999999999944e-01 -2.384185793236071049e-08 -2.384185793236071049e-08 -1.299999999999999940e-02 -3.699999999999999817e-02 -1.242743495006103371e-01 1.322875709600544791e+00 -1.700000000000000122e-02 -2.199999999999999872e-02
1.715004078671824455e+09 4.434455294224553534e-01 1.499999999999999944e-02 -1.499999999999999944e-01 -2.384185793236071049e-08 -2.384185793236071049e-08 -1.299999999999999940e-02 -3.699999999999999817e-02 -1.242743495006103371e-01 1.322875709600544791e+00 -1.700000000000000122e-02 -2.199999999999999872e-02
1.715004078683701754e+09 4.433254220580362115e-01 1.400000000000000029e-02 -1.499999999999999944e-01 -2.384185793236071049e-08 -2.384185793236071049e-08 -1.299999999999999940e-02 -3.699999999999999817e-02 -1.159420896003366952e-01 1.322875709600544791e+00 -4.299999999999999656e-02 -1.400000000000000029e-02
1.715004078691751242e+09 4.502165571148245560e-01 1.600000000000000033e-02 -1.549999999999999989e-01 -2.384185793236071049e-08 -2.384185793236071049e-08 -7.000000000000000146e-03 -6.199999999999999956e-02 -1.326172484861264378e-01 1.334128982556586074e+00 -2.500000000000000139e-02 -5.199999999999999761e-02
1.715004078701594114e+09 4.502165571148245560e-01 1.600000000000000033e-02 -1.549999999999999989e-01 -2.384185793236071049e-08 -2.384185793236071049e-08 -7.000000000000000146e-03 -5.700000000000000205e-02 -1.326172484861264378e-01 1.334128982556586074e+00 -7.000000000000000146e-03 -7.900000000000000078e-02
1.715004078711636305e+09 4.438559214564370969e-01 1.799999999999999864e-02 -1.499999999999999944e-01 -2.384185793236071049e-08 -2.384185793236071049e-08 3.000000000000000062e-03 -3.099999999999999978e-02 -1.493380196883153932e-01 1.322875709600544791e+00 4.000000000000000083e-03 -4.200000000000000261e-02
1.715004078721851349e+09 4.450347761719802842e-01 1.700000000000000122e-02 -1.509999999999999953e-01 -2.384185793236071049e-08 -2.384185793236071049e-08 0.000000000000000000e+00 -3.500000000000000333e-02 -1.409715479108594183e-01 1.325140046508447522e+00 6.000000000000000125e-03 5.000000000000000104e-03
1.715004078734266996e+09 4.385826350146518338e-01 1.799999999999999864e-02 -1.459999999999999909e-01 -2.384185793236071049e-08 -2.384185793236071049e-08 3.000000000000000062e-03 -8.999999999999999320e-03 -1.493380196883153932e-01 1.313748889177107859e+00 -2.299999999999999961e-02 2.299999999999999961e-02
1.715004078743023396e+09 4.397523768524366772e-01 1.700000000000000122e-02 -1.469999999999999918e-01 -2.384185793236071049e-08 -2.384185793236071049e-08 1.000000000000000021e-03 -1.299999999999999940e-02 -1.409715479108594183e-01 1.316041087361389916e+00 -1.000000000000000021e-03 1.000000000000000021e-03
1.715004078751872540e+09 4.397523768524366772e-01 1.700000000000000122e-02 -1.469999999999999918e-01 -2.384185793236071049e-08 -2.384185793236071049e-08 1.000000000000000021e-03 -1.299999999999999940e-02 -1.409715479108594183e-01 1.316041087361389916e+00 -1.000000000000000021e-03 1.000000000000000021e-03
1.715004078761899710e+09 4.400510572102252493e-01 1.899999999999999953e-02 -1.469999999999999918e-01 -2.384185793236071049e-08 -2.384185793236071049e-08 7.000000000000000146e-03 -8.999999999999999320e-03 -1.577174471080380336e-01 1.316041087361389916e+00 1.200000000000000025e-02 1.600000000000000033e-02
1.715004078773191452e+09 4.362751775878382920e-01 2.000000000000000042e-02 -1.439999999999999891e-01 -2.384185793236071049e-08 -2.384185793236071049e-08 1.200000000000000025e-02 3.000000000000000062e-03 -1.661106256835989115e-01 1.309143286350105573e+00 5.000000000000000104e-03 2.900000000000000147e-02
1.715004078782842875e+09 4.362751775878382920e-01 2.000000000000000042e-02 -1.439999999999999891e-01 -2.384185793236071049e-08 -2.384185793236071049e-08 1.200000000000000025e-02 3.000000000000000062e-03 -1.661106256835989115e-01 1.309143286350105573e+00 5.000000000000000104e-03 2.900000000000000147e-02
1.715004078792274237e+09 4.398975305894166632e-01 1.799999999999999864e-02 -1.469999999999999918e-01 -2.384185793236071049e-08 -2.384185793236071049e-08 1.000000000000000021e-03 -1.000000000000000021e-02 -1.493380196883156152e-01 1.316041087361389916e+00 -3.000000000000000062e-03 1.499999999999999944e-02
1.715004078802039385e+09 4.398975305894166632e-01 1.799999999999999864e-02 -1.469999999999999918e-01 -2.384185793236071049e-08 -2.384185793236071049e-08 3.000000000000000062e-03 -8.999999999999999320e-03 -1.493380196883156152e-01 1.316041087361389916e+00 1.000000000000000021e-03 2.199999999999999872e-02
1.715004078812537909e+09 4.376548872265939027e-01 1.000000000000000021e-02 -1.459999999999999909e-01 -2.384185793236071049e-08 -2.384185793236071049e-08 -3.500000000000000333e-02 -4.000000000000000083e-03 -8.270453996581728084e-02 1.313748889177107859e+00 -5.500000000000000028e-02 1.499999999999999944e-02
1.715004078822579622e+09 4.416932855016962867e-01 1.099999999999999936e-02 -1.489999999999999936e-01 -2.384185793236071049e-08 -2.384185793236071049e-08 -2.900000000000000147e-02 -1.899999999999999953e-02 -9.100167290528071717e-02 1.320604461313787947e+00 -4.299999999999999656e-02 7.000000000000000146e-03
1.715004078832274437e+09 4.416932855016962867e-01 1.099999999999999936e-02 -1.489999999999999936e-01 -2.384185793236071049e-08 -2.384185793236071049e-08 -2.900000000000000147e-02 -1.899999999999999953e-02 -9.100167290528071717e-02 1.320604461313787947e+00 -4.299999999999999656e-02 7.000000000000000146e-03
1.715004078842006922e+09 4.417884389125226186e-01 1.200000000000000025e-02 -1.489999999999999936e-01 -2.384185793236071049e-08 -2.384185793236071049e-08 -2.199999999999999872e-02 -1.799999999999999864e-02 -9.930648973759470532e-02 1.320604461313787947e+00 -4.900000000000000189e-02 -1.200000000000000025e-02
1.715004078852228642e+09 4.417884389125226186e-01 1.200000000000000025e-02 -1.489999999999999936e-01 -2.384185793236071049e-08 -2.384185793236071049e-08 -2.199999999999999872e-02 -1.799999999999999864e-02 -9.930648973759470532e-02 1.320604461313787947e+00 -4.900000000000000189e-02 -1.200000000000000025e-02
1.715004078862388849e+09 4.429281736683789439e-01 1.000000000000000021e-02 -1.499999999999999944e-01 -2.384185793236071049e-08 -2.384185793236071049e-08 -3.200000000000000067e-02 -1.899999999999999953e-02 -8.270453996581728084e-02 1.322875709600544791e+00 -4.700000000000000011e-02 -1.600000000000000033e-02
1.715004078871396065e+09 4.430150261645846022e-01 1.099999999999999936e-02 -1.499999999999999944e-01 -2.384185793236071049e-08 -2.384185793236071049e-08 -2.500000000000000139e-02 -1.899999999999999953e-02 -9.100167290528082820e-02 1.322875709600544791e+00 -3.300000000000000155e-02 1.600000000000000033e-02
1.715004078883110046e+09 4.430150261645846022e-01 1.099999999999999936e-02 -1.499999999999999944e-01 -2.384185793236071049e-08 -2.384185793236071049e-08 -2.500000000000000139e-02 -1.899999999999999953e-02 -9.100167290528082820e-02 1.322875709600544791e+00 -3.300000000000000155e-02 1.600000000000000033e-02
1.715004078892187357e+09 4.430150261645846022e-01 1.099999999999999936e-02 -1.499999999999999944e-01 -2.384185793236071049e-08 -2.384185793236071049e-08 -2.599999999999999881e-02 -1.499999999999999944e-02 -9.100167290528082820e-02 1.322875709600544791e+00 -3.099999999999999978e-02 3.300000000000000155e-02
1.715004078902343750e+09 4.479277653414234783e-01 5.000000000000000104e-03 -1.539999999999999980e-01 -2.384185793236071049e-08 -2.384185793236071049e-08 -5.600000000000000117e-02 -3.500000000000000333e-02 -4.130914056536150181e-02 1.331891940920210793e+00 -7.399999999999999634e-02 -7.000000000000000146e-03
1.715004078913264513e+09 4.479277653414234783e-01 5.000000000000000104e-03 -1.539999999999999980e-01 -2.384185793236071049e-08 -2.384185793236071049e-08 -4.900000000000000189e-02 -3.599999999999999728e-02 -4.130914056536150181e-02 1.331891940920210793e+00 -7.000000000000000666e-02 -1.700000000000000122e-02
1.715004078922797680e+09 4.492607763660706466e-01 5.000000000000000104e-03 -1.549999999999999989e-01 -2.384185793236071049e-08 -2.384185793236071049e-08 -5.199999999999999761e-02 -3.699999999999999817e-02 -4.130914056536161283e-02 1.334128982556585852e+00 -7.000000000000000666e-02 -1.200000000000000025e-02
1.715004078932394743e+09 4.492607763660706466e-01 5.000000000000000104e-03 -1.549999999999999989e-01 -2.384185793236071049e-08 -2.384185793236071049e-08 -5.199999999999999761e-02 -3.699999999999999817e-02 -4.130914056536161283e-02 1.334128982556585852e+00 -7.000000000000000666e-02 -1.200000000000000025e-02
1.715004078942414284e+09 4.492236004603731847e-01 4.000000000000000083e-03 -1.549999999999999989e-01 -2.384185793236071049e-08 -2.384185793236071049e-08 -4.900000000000000189e-02 -3.400000000000000244e-02 -3.304318710100018208e-02 1.334128982556586074e+00 -3.599999999999999728e-02 -2.599999999999999881e-02
1.715004078952459574e+09 4.492236004603731847e-01 4.000000000000000083e-03 -1.549999999999999989e-01 -2.384185793236071049e-08 -2.384185793236071049e-08 -4.900000000000000189e-02 -3.400000000000000244e-02 -3.304318710100018208e-02 1.334128982556586074e+00 -3.599999999999999728e-02 -2.599999999999999881e-02
1.715004078962506533e+09 4.479277653414234783e-01 5.000000000000000104e-03 -1.539999999999999980e-01 -2.384185793236071049e-08 -2.384185793236071049e-08 -4.299999999999999656e-02 -2.400000000000000050e-02 -4.130914056536150181e-02 1.331891940920210793e+00 -5.899999999999999689e-02 -8.000000000000000167e-03
1.715004078972385168e+09 4.466424382650643343e-01 6.000000000000000125e-03 -1.529999999999999971e-01 -2.384185793236071049e-08 -2.384185793236071049e-08 -3.599999999999999728e-02 -1.899999999999999953e-02 -4.957853837704684352e-02 1.329648127317502482e+00 -4.399999999999999745e-02 4.000000000000000083e-03
1.715004078982995987e+09 4.466424382650643343e-01 6.000000000000000125e-03 -1.529999999999999971e-01 -2.384185793236071049e-08 -2.384185793236071049e-08 -3.599999999999999728e-02 -1.899999999999999953e-02 -4.957853837704684352e-02 1.329648127317502482e+00 -4.399999999999999745e-02 4.000000000000000083e-03
1.715004078992141962e+09 4.390566352975647235e-01 1.099999999999999936e-02 -1.469999999999999918e-01 -2.384185793236071049e-08 -2.384185793236071049e-08 -6.000000000000000125e-03 1.200000000000000025e-02 -9.100167290528071717e-02 1.316041087361389916e+00 0.000000000000000000e+00 4.299999999999999656e-02
1.715004079001666784e+09 4.887966323298953419e-01 1.099999999999999936e-02 -1.469999999999999918e-01 -8.000000715255739525e-02 1.000002622604367897e-02 -6.000000000000000125e-03 1.200000000000000025e-02 -9.078938485519612023e-01 1.338582864461368205e+00 0.000000000000000000e+00 4.299999999999999656e-02
1.715004079012617826e+09 6.738606347094970861e-01 1.200000000000000025e-02 -1.469999999999999918e-01 -1.900000214576721413e-01 3.999999761581418678e-02 -1.000000000000000021e-03 1.299999999999999940e-02 -1.429097793909904546e+00 1.399163996159394685e+00 -2.000000000000000042e-03 5.299999999999999850e-02
1.715004079021468163e+09 8.682484304039210787e-01 1.799999999999999864e-02 -1.459999999999999909e-01 -2.899999856948852761e-01 7.000002861022946998e-02 2.900000000000000147e-02 1.700000000000000122e-02 -1.489937935675981873e+00 1.321482037956803524e+00 4.800000000000000100e-02 4.700000000000000011e-02
1.715004079032363176e+09 8.680818104956058434e-01 1.700000000000000122e-02 -1.469999999999999918e-01 -2.899999856948852761e-01 7.000002861022946998e-02 2.400000000000000050e-02 1.200000000000000025e-02 -1.488202431788182345e+00 1.323418403173839852e+00 4.399999999999999745e-02 4.599999999999999922e-02
1.715004079041719913e+09 1.034108232099846925e+00 1.799999999999999864e-02 -1.469999999999999918e-01 -3.900000095367431863e-01 8.000001907348630592e-02 2.500000000000000139e-02 1.200000000000000025e-02 -1.543595196937239677e+00 1.231642478174273858e+00 4.000000000000000083e-02 5.000000000000000278e-02
1.715004079051165581e+09 1.310768026549930632e+00 1.799999999999999864e-02 -1.469999999999999918e-01 -5.299999952316284402e-01 1.299999713897704856e-01 2.500000000000000139e-02 1.200000000000000025e-02 -1.558999979133279812e+00 1.134221855502268950e+00 4.000000000000000083e-02 5.000000000000000278e-02
1.715004079061678410e+09 1.576261816911499913e+00 1.700000000000000122e-02 -1.469999999999999918e-01 -6.600000053644180520e-01 1.900000333786010520e-01 2.199999999999999872e-02 1.400000000000000029e-02 -1.537818424404187034e+00 1.049456904680708513e+00 2.900000000000000147e-02 3.899999999999999994e-02
1.715004079071665764e+09 1.763260139151785255e+00 1.700000000000000122e-02 -1.459999999999999909e-01 -7.499999940395355447e-01 2.399999856948852317e-01 1.799999999999999864e-02 1.700000000000000122e-02 -1.505116063032287954e+00 9.907901743814054862e-01 2.400000000000000050e-02 5.800000000000000294e-02
1.715004079081953049e+09 1.958662641666782944e+00 1.700000000000000122e-02 -1.459999999999999909e-01 -8.299999997019767983e-01 3.200000286102294700e-01 1.799999999999999864e-02 1.700000000000000122e-02 -1.432594495597047768e+00 9.539128787087564065e-01 2.400000000000000050e-02 5.800000000000000294e-02
1.715004079091350555e+09 1.957710347566455233e+00 1.499999999999999944e-02 -1.479999999999999927e-01 -8.299999997019767983e-01 3.200000286102294700e-01 6.000000000000000125e-03 6.000000000000000125e-03 -1.430486337732840507e+00 9.568736136272720794e-01 1.899999999999999953e-02 3.200000000000000067e-02
1.715004079101242065e+09 1.957710347566455233e+00 1.499999999999999944e-02 -1.479999999999999927e-01 -8.299999997019767983e-01 3.200000286102294700e-01 6.000000000000000125e-03 6.000000000000000125e-03 -1.430486337732840507e+00 9.568736136272720794e-01 1.899999999999999953e-02 3.200000000000000067e-02
1.715004079112056494e+09 1.954365101535247895e+00 1.400000000000000029e-02 -1.459999999999999909e-01 -8.299999997019767983e-01 3.200000286102294700e-01 2.000000000000000042e-03 1.299999999999999940e-02 -1.432430752050636524e+00 9.569128787087564092e-01 1.200000000000000025e-02 4.499999999999999833e-02
1.715004079121686459e+09 1.957710347566455233e+00 1.499999999999999944e-02 -1.479999999999999927e-01 -8.299999997019767983e-01 3.200000286102294700e-01 8.999999999999999320e-03 2.000000000000000042e-03 -1.430486337732840507e+00 9.568736136272720794e-01 2.800000000000000058e-02 3.200000000000000067e-02
1.715004079132332563e+09 1.957710347566455233e+00 1.499999999999999944e-02 -1.479999999999999927e-01 -8.299999997019767983e-01 3.200000286102294700e-01 8.999999999999999320e-03 2.000000000000000042e-03 -1.430486337732840507e+00 9.568736136272720794e-01 2.800000000000000058e-02 3.200000000000000067e-02
1.715004079141785860e+09 1.956753713681518736e+00 1.499999999999999944e-02 -1.469999999999999918e-01 -8.299999997019767983e-01 3.200000286102294700e-01 8.000000000000000167e-03 1.200000000000000025e-02 -1.431486337732840397e+00 9.563939288625181723e-01 2.000000000000000042e-02 3.699999999999999817e-02
1.715004079151762247e+09 1.959649919360610504e+00 2.100000000000000130e-02 -1.409999999999999865e-01 -8.299999997019767983e-01 3.200000286102294700e-01 3.899999999999999994e-02 4.200000000000000261e-02 -1.437798761829572891e+00 9.474870701288614638e-01 7.000000000000000666e-02 7.000000000000000666e-02
1.715004079161683559e+09 1.960141499943943488e+00 2.199999999999999872e-02 -1.400000000000000133e-01 -8.299999997019767983e-01 3.200000286102294700e-01 4.000000000000000083e-02 4.499999999999999833e-02 -1.438847318978863310e+00 9.459977813011747338e-01 5.299999999999999850e-02 8.000000000000000167e-02
1.715004079171424150e+09 1.960141499943943488e+00 2.199999999999999872e-02 -1.400000000000000133e-01 -8.299999997019767983e-01 3.200000286102294700e-01 4.000000000000000083e-02 4.499999999999999833e-02 -1.438847318978863310e+00 9.459977813011747338e-01 5.299999999999999850e-02 8.000000000000000167e-02
1.715004079181686163e+09 1.958212145295521234e+00 2.000000000000000042e-02 -1.409999999999999865e-01 -8.299999997019767983e-01 3.200000286102294700e-01 3.099999999999999978e-02 4.000000000000000083e-02 -1.437749201067688443e+00 9.484870701288614647e-01 4.599999999999999922e-02 6.800000000000000488e-02
1.715004079191894293e+09 1.958212145295521234e+00 2.000000000000000042e-02 -1.409999999999999865e-01 -8.299999997019767983e-01 3.200000286102294700e-01 2.900000000000000147e-02 3.699999999999999817e-02 -1.437749201067688443e+00 9.484870701288614647e-01 3.099999999999999978e-02 5.700000000000000205e-02
1.715004079200581789e+09 1.958212145295521234e+00 2.000000000000000042e-02 -1.409999999999999865e-01 -8.299999997019767983e-01 3.200000286102294700e-01 2.900000000000000147e-02 3.699999999999999817e-02 -1.437749201067688443e+00 9.484870701288614647e-01 3.099999999999999978e-02 5.700000000000000205e-02
1.715004079210968971e+09 1.962034473624640007e+00 2.199999999999999872e-02 -1.419999999999999873e-01 -8.299999997019767983e-01 3.200000286102294700e-01 3.300000000000000155e-02 2.900000000000000147e-02 -1.436847318978863530e+00 9.469749802723420595e-01 3.699999999999999817e-02 5.999999999999999778e-02
1.715004079220921278e+09 1.959649919360610504e+00 2.100000000000000130e-02 -1.409999999999999865e-01 -8.299999997019767983e-01 3.200000286102294700e-01 2.599999999999999881e-02 3.500000000000000333e-02 -1.437798761829572891e+00 9.474870701288614638e-01 1.899999999999999953e-02 4.000000000000000083e-02
1.715004079230676413e+09 1.957263902754821983e+00 2.000000000000000042e-02 -1.400000000000000133e-01 -8.299999997019767983e-01 3.200000286102294700e-01 2.299999999999999961e-02 3.599999999999999728e-02 -1.438749201067688333e+00 9.479977813011747356e-01 1.899999999999999953e-02 4.800000000000000100e-02
1.715004079240308285e+09 1.959649919360610504e+00 2.100000000000000130e-02 -1.409999999999999865e-01 -8.299999997019767983e-01 3.200000286102294700e-01 2.299999999999999961e-02 2.900000000000000147e-02 -1.437798761829572891e+00 9.474870701288614638e-01 4.200000000000000261e-02 4.200000000000000261e-02
1.715004079250212669e+09 1.957263902754821983e+00 2.000000000000000042e-02 -1.400000000000000133e-01 -8.299999997019767983e-01 3.200000286102294700e-01 2.100000000000000130e-02 3.400000000000000244e-02 -1.438749201067688333e+00 9.479977813011747356e-01 3.699999999999999817e-02 4.900000000000000189e-02
1.715004079260725260e+09 1.957263902754821983e+00 2.000000000000000042e-02 -1.400000000000000133e-01 -8.299999997019767983e-01 3.200000286102294700e-01 2.100000000000000130e-02 3.400000000000000244e-02 -1.438749201067688333e+00 9.479977813011747356e-01 3.699999999999999817e-02 4.900000000000000189e-02
1.715004079270538330e+09 1.960597650500607747e+00 2.100000000000000130e-02 -1.419999999999999873e-01 -8.299999997019767983e-01 3.200000286102294700e-01 2.500000000000000139e-02 2.199999999999999872e-02 -1.436798761829573001e+00 9.479749802723420604e-01 2.299999999999999961e-02 4.700000000000000011e-02
1.715004079280664206e+09 1.958212145295521234e+00 2.000000000000000042e-02 -1.409999999999999865e-01 -8.299999997019767983e-01 3.200000286102294700e-01 1.799999999999999864e-02 2.599999999999999881e-02 -1.437749201067688443e+00 9.484870701288614647e-01 2.800000000000000058e-02 4.200000000000000261e-02
1.715004079290133715e+09 1.957263902754821983e+00 2.000000000000000042e-02 -1.400000000000000133e-01 -8.299999997019767983e-01 3.200000286102294700e-01 1.899999999999999953e-02 2.599999999999999881e-02 -1.438749201067688333e+00 9.479977813011747356e-01 2.900000000000000147e-02 4.200000000000000261e-02
1.715004079301033258e+09 1.958702676819911170e+00 2.100000000000000130e-02 -1.400000000000000133e-01 -8.299999997019767983e-01 3.200000286102294700e-01 1.899999999999999953e-02 2.699999999999999969e-02 -1.438798761829572781e+00 9.469977813011747347e-01 3.200000000000000067e-02 5.500000000000000028e-02
1.715004079310333729e+09 1.958702676819911170e+00 2.100000000000000130e-02 -1.400000000000000133e-01 -8.299999997019767983e-01 3.200000286102294700e-01 1.899999999999999953e-02 2.699999999999999969e-02 -1.438798761829572781e+00 9.469977813011747347e-01 1.499999999999999944e-02 3.699999999999999817e-02
1.715004079320414782e+09 1.958702676819911170e+00 2.100000000000000130e-02 -1.400000000000000133e-01 -8.299999997019767983e-01 3.200000286102294700e-01 1.799999999999999864e-02 2.500000000000000139e-02 -1.438798761829572781e+00 9.469977813011747347e-01 -5.000000000000000104e-03 4.499999999999999833e-02
1.715004079330375433e+09 1.962525613664079183e+00 2.299999999999999961e-02 -1.409999999999999865e-01 -8.299999997019767983e-01 3.200000286102294700e-01 2.699999999999999969e-02 2.199999999999999872e-02 -1.437894872661919399e+00 9.454870701288614621e-01 2.599999999999999881e-02 2.999999999999999889e-02
1.715004079340357065e+09 1.959649919360610504e+00 2.100000000000000130e-02 -1.409999999999999865e-01 -8.299999997019767983e-01 3.200000286102294700e-01 1.499999999999999944e-02 1.799999999999999864e-02 -1.437798761829572891e+00 9.474870701288614638e-01 1.499999999999999944e-02 2.599999999999999881e-02
1.715004079351097107e+09 1.958702676819911170e+00 2.100000000000000130e-02 -1.400000000000000133e-01 -8.299999997019767983e-01 3.200000286102294700e-01 1.499999999999999944e-02 2.299999999999999961e-02 -1.438798761829572781e+00 9.469977813011747347e-01 8.999999999999999320e-03 2.000000000000000042e-02
1.715004079360882282e+09 1.959195747382353359e+00 2.199999999999999872e-02 -1.390000000000000124e-01 -8.299999997019767983e-01 3.200000286102294700e-01 2.000000000000000042e-02 2.500000000000000139e-02 -1.439847318978863422e+00 9.455071115344538812e-01 5.000000000000000104e-03 5.099999999999999672e-02
1.715004079370815516e+09 1.960141499943943488e+00 2.199999999999999872e-02 -1.400000000000000133e-01 -8.299999997019767983e-01 3.200000286102294700e-01 1.799999999999999864e-02 2.100000000000000130e-02 -1.438847318978863310e+00 9.459977813011747338e-01 2.800000000000000058e-02 4.100000000000000172e-02
1.715004079380460024e+09 1.951997132389251988e+00 1.700000000000000122e-02 -1.390000000000000124e-01 -8.299999997019767983e-01 3.200000286102294700e-01 -7.000000000000000146e-03 2.599999999999999881e-02 -1.439594495597047663e+00 9.505071115344538857e-01 -6.000000000000000125e-03 5.399999999999999939e-02
1.715004079391138315e+09 1.953928164990362593e+00 1.899999999999999953e-02 -1.380000000000000115e-01 -8.299999997019767983e-01 3.200000286102294700e-01 4.000000000000000083e-03 3.099999999999999978e-02 -1.440698636543796596e+00 9.480150585625661819e-01 -1.700000000000000122e-02 6.300000000000000044e-02
1.715004079400101662e+09 1.965401496175729346e+00 2.500000000000000139e-02 -1.409999999999999865e-01 -8.299999997019767983e-01 3.200000286102294700e-01 3.400000000000000244e-02 1.200000000000000025e-02 -1.437986970199506720e+00 9.434870701288614603e-01 2.599999999999999881e-02 1.899999999999999953e-02
1.715004079410941839e+09 1.963471344804076590e+00 2.299999999999999961e-02 -1.419999999999999873e-01 -8.299999997019767983e-01 3.200000286102294700e-01 2.299999999999999961e-02 8.999999999999999320e-03 -1.436894872661919509e+00 9.459749802723420586e-01 8.999999999999999320e-03 3.300000000000000155e-02
1.715004079420716047e+09 1.965401496175729346e+00 2.500000000000000139e-02 -1.409999999999999865e-01 -8.299999997019767983e-01 3.200000286102294700e-01 3.300000000000000155e-02 1.299999999999999940e-02 -1.437986970199506720e+00 9.434870701288614603e-01 1.799999999999999864e-02 3.699999999999999817e-02
1.715004079430490494e+09 1.975036752724398603e+00 3.300000000000000155e-02 -1.390000000000000124e-01 -8.299999997019767983e-01 3.200000286102294700e-01 7.199999999999999456e-02 2.299999999999999961e-02 -1.440315248869044940e+00 9.345071115344538715e-01 8.300000000000000433e-02 6.099999999999999867e-02
