1.800000000000000211e-01 1.217460114995705212e+01 0.000000000000000000e+00 0.000000000000000000e+00 8.999999523162841575e-01 8.999999523162841575e-01 0.000000000000000000e+00 0.000000000000000000e+00 0.000000000000000000e+00 0.000000000000000000e+00 0.000000000000000000e+00 0.000000000000000000e+00
1.900000000000000022e-01 1.217460114995705212e+01 0.000000000000000000e+00 0.000000000000000000e+00 8.999999523162841575e-01 8.999999523162841575e-01 0.000000000000000000e+00 0.000000000000000000e+00 0.000000000000000000e+00 0.000000000000000000e+00 0.000000000000000000e+00 0.000000000000000000e+00
2.000000000000000111e-01 1.217460114995705212e+01 0.000000000000000000e+00 0.000000000000000000e+00 8.999999523162841575e-01 8.999999523162841575e-01 0.000000000000000000e+00 0.000000000000000000e+00 0.000000000000000000e+00 0.000000000000000000e+00 0.000000000000000000e+00 0.000000000000000000e+00
2.100000000000000200e-01 1.217460114995705212e+01 0.000000000000000000e+00 0.000000000000000000e+00 8.999999523162841575e-01 8.999999523162841575e-01 0.000000000000000000e+00 0.000000000000000000e+00 0.000000000000000000e+00 0.000000000000000000e+00 0.000000000000000000e+00 0.000000000000000000e+00
2.200000000000000011e-01 1.217460114995705212e+01 0.000000000000000000e+00 0.000000000000000000e+00 8.999999523162841575e-01 8.999999523162841575e-01 0.000000000000000000e+00 0.000000000000000000e+00 0.000000000000000000e+00 0.000000000000000000e+00 0.000000000000000000e+00 0.000000000000000000e+00
2.300000000000000100e-01 1.217460114995705212e+01 0.000000000000000000e+00 0.000000000000000000e+00 8.999999523162841575e-01 8.999999523162841575e-01 0.000000000000000000e+00 0.000000000000000000e+00 0.000000000000000000e+00 0.000000000000000000e+00 0.000000000000000000e+00 0.000000000000000000e+00
2.400000000000000189e-01 1.217460114995705212e+01 0.000000000000000000e+00 0.000000000000000000e+00 8.999999523162841575e-01 8.999999523162841575e-01 0.000000000000000000e+00 0.000000000000000000e+00 0.000000000000000000e+00 0.000000000000000000e+00 0.000000000000000000e+00 0.000000000000000000e+00
2.500000000000000000e-01 1.217460114995705212e+01 0.000000000000000000e+00 0.000000000000000000e+00 8.999999523162841575e-01 8.999999523162841575e-01 0.000000000000000000e+00 0.000000000000000000e+00 0.000000000000000000e+00 0.000000000000000000e+00 0.000000000000000000e+00 0.000000000000000000e+00
2.600000000000000089e-01 1.217460114995705212e+01 0.000000000000000000e+00 0.000000000000000000e+00 8.999999523162841575e-01 8.999999523162841575e-01 0.000000000000000000e+00 0.000000000000000000e+00 0.000000000000000000e+00 0.000000000000000000e+00 0.000000000000000000e+00 0.000000000000000000e+00
2.700000000000000178e-01 1.217460114995705212e+01 0.000000000000000000e+00 0.000000000000000000e+00 8.999999523162841575e-01 8.999999523162841575e-01 0.000000000000000000e+00 0.000000000000000000e+00 0.000000000000000000e+00 0.000000000000000000e+00 0.000000000000000000e+00 0.000000000000000000e+00
2.800000000000000266e-01 1.217460114995705212e+01 0.000000000000000000e+00 0.000000000000000000e+00 8.999999523162841575e-01 8.999999523162841575e-01 0.000000000000000000e+00 0.000000000000000000e+00 0.000000000000000000e+00 0.000000000000000000e+00 0.000000000000000000e+00 0.000000000000000000e+00
2.900000000000000355e-01 1.217460114995705212e+01 0.000000000000000000e+00 0.000000000000000000e+00 8.999999523162841575e-01 8.999999523162841575e-01 0.000000000000000000e+00 0.000000000000000000e+00 0.000000000000000000e+00 0.000000000000000000e+00 0.000000000000000000e+00 0.000000000000000000e+00
3.000000000000000444e-01 1.217460114995705212e+01 0.000000000000000000e+00 0.000000000000000000e+00 8.999999523162841575e-01 8.999999523162841575e-01 0.000000000000000000e+00 0.000000000000000000e+00 0.000000000000000000e+00 0.000000000000000000e+00 0.000000000000000000e+00 0.000000000000000000e+00
3.099999999999999978e-01 1.217460114995705212e+01 0.000000000000000000e+00 0.000000000000000000e+00 8.999999523162841575e-01 8.999999523162841575e-01 0.000000000000000000e+00 0.000000000000000000e+00 0.000000000000000000e+00 0.000000000000000000e+00 0.000000000000000000e+00 0.000000000000000000e+00
3.200000000000000067e-01 1.217460114995705212e+01 0.000000000000000000e+00 0.000000000000000000e+00 8.999999523162841575e-01 8.999999523162841575e-01 0.000000000000000000e+00 0.000000000000000000e+00 0.000000000000000000e+00 0.000000000000000000e+00 0.000000000000000000e+00 0.000000000000000000e+00
3.300000000000000155e-01 1.217460114995705212e+01 0.000000000000000000e+00 0.000000000000000000e+00 8.999999523162841575e-01 8.999999523162841575e-01 0.000000000000000000e+00 0.000000000000000000e+00 0.000000000000000000e+00 0.000000000000000000e+00 0.000000000000000000e+00 0.000000000000000000e+00
3.400000000000000244e-01 1.217460114995705212e+01 0.000000000000000000e+00 0.000000000000000000e+00 8.999999523162841575e-01 8.999999523162841575e-01 0.000000000000000000e+00 0.000000000000000000e+00 0.000000000000000000e+00 0.000000000000000000e+00 0.000000000000000000e+00 0.000000000000000000e+00
3.500000000000000333e-01 1.217460114995705212e+01 0.000000000000000000e+00 0.000000000000000000e+00 8.999999523162841575e-01 8.999999523162841575e-01 0.000000000000000000e+00 0.000000000000000000e+00 0.000000000000000000e+00 0.000000000000000000e+00 0.000000000000000000e+00 0.000000000000000000e+00
3.600000000000000422e-01 1.217460114995705212e+01 0.000000000000000000e+00 0.000000000000000000e+00 8.999999523162841575e-01 8.999999523162841575e-01 0.000000000000000000e+00 0.000000000000000000e+00 0.000000000000000000e+00 0.000000000000000000e+00 0.000000000000000000e+00 0.000000000000000000e+00
3.699999999999999956e-01 1.217460114995705212e+01 0.000000000000000000e+00 0.000000000000000000e+00 8.999999523162841575e-01 8.999999523162841575e-01 0.000000000000000000e+00 0.000000000000000000e+00 0.000000000000000000e+00 0.000000000000000000e+00 0.000000000000000000e+00 0.000000000000000000e+00
3.800000000000000044e-01 1.217460114995705212e+01 0.000000000000000000e+00 0.000000000000000000e+00 8.999999523162841575e-01 8.999999523162841575e-01 0.000000000000000000e+00 0.000000000000000000e+00 0.000000000000000000e+00 0.000000000000000000e+00 0.000000000000000000e+00 0.000000000000000000e+00
3.900000000000000133e-01 1.217460114995705212e+01 0.000000000000000000e+00 0.000000000000000000e+00 8.999999523162841575e-01 8.999999523162841575e-01 0.000000000000000000e+00 0.000000000000000000e+00 0.000000000000000000e+00 0.000000000000000000e+00 0.000000000000000000e+00 0.000000000000000000e+00
4.000000000000000222e-01 1.217460114995705212e+01 0.000000000000000000e+00 0.000000000000000000e+00 8.999999523162841575e-01 8.999999523162841575e-01 0.000000000000000000e+00 0.000000000000000000e+00 0.000000000000000000e+00 0.000000000000000000e+00 0.000000000000000000e+00 0.000000000000000000e+00
4.100000000000000311e-01 1.217460114995705212e+01 0.000000000000000000e+00 0.000000000000000000e+00 8.999999523162841575e-01 8.999999523162841575e-01 0.000000000000000000e+00 0.000000000000000000e+00 0.000000000000000000e+00 0.000000000000000000e+00 0.000000000000000000e+00 0.000000000000000000e+00
4.200000000000000400e-01 1.217460114995705212e+01 0.000000000000000000e+00 0.000000000000000000e+00 8.999999523162841575e-01 8.999999523162841575e-01 0.000000000000000000e+00 0.000000000000000000e+00 0.000000000000000000e+00 0.000000000000000000e+00 0.000000000000000000e+00 0.000000000000000000e+00
4.300000000000000488e-01 1.217460114995705212e+01 0.000000000000000000e+00 0.000000000000000000e+00 8.999999523162841575e-01 8.999999523162841575e-01 0.000000000000000000e+00 0.000000000000000000e+00 0.000000000000000000e+00 0.000000000000000000e+00 0.000000000000000000e+00 0.000000000000000000e+00
4.400000000000000022e-01 1.217460114995705212e+01 0.000000000000000000e+00 0.000000000000000000e+00 8.999999523162841575e-01 8.999999523162841575e-01 0.000000000000000000e+00 0.000000000000000000e+00 0.000000000000000000e+00 0.000000000000000000e+00 0.000000000000000000e+00 0.000000000000000000e+00
4.500000000000000111e-01 1.217460114995705212e+01 0.000000000000000000e+00 0.000000000000000000e+00 8.999999523162841575e-01 8.999999523162841575e-01 0.000000000000000000e+00 0.000000000000000000e+00 0.000000000000000000e+00 0.000000000000000000e+00 0.000000000000000000e+00 0.000000000000000000e+00
4.600000000000000200e-01 1.217460114995705212e+01 0.000000000000000000e+00 0.000000000000000000e+00 8.999999523162841575e-01 8.999999523162841575e-01 0.000000000000000000e+00 0.000000000000000000e+00 0.000000000000000000e+00 0.000000000000000000e+00 0.000000000000000000e+00 0.000000000000000000e+00
4.700000000000000289e-01 1.217460114995705212e+01 0.000000000000000000e+00 0.000000000000000000e+00 8.999999523162841575e-01 8.999999523162841575e-01 0.000000000000000000e+00 0.000000000000000000e+00 0.000000000000000000e+00 0.000000000000000000e+00 0.000000000000000000e+00 0.000000000000000000e+00
4.800000000000000377e-01 1.217460114995705212e+01 0.000000000000000000e+00 0.000000000000000000e+00 8.999999523162841575e-01 8.999999523162841575e-01 0.000000000000000000e+00 0.000000000000000000e+00 0.000000000000000000e+00 0.000000000000000000e+00 0.000000000000000000e+00 0.000000000000000000e+00
4.900000000000000466e-01 1.217460114995705212e+01 0.000000000000000000e+00 0.000000000000000000e+00 8.999999523162841575e-01 8.999999523162841575e-01 0.000000000000000000e+00 0.000000000000000000e+00 0.000000000000000000e+00 0.000000000000000000e+00 0.000000000000000000e+00 0.000000000000000000e+00
5.000000000000000000e-01 1.217460114995705212e+01 0.000000000000000000e+00 0.000000000000000000e+00 8.999999523162841575e-01 8.999999523162841575e-01 0.000000000000000000e+00 0.000000000000000000e+00 0.000000000000000000e+00 0.000000000000000000e+00 0.000000000000000000e+00 0.000000000000000000e+00
5.104999989999999821e-01 1.217460114995705212e+01 0.000000000000000000e+00 0.000000000000000000e+00 8.999999523162841575e-01 8.999999523162841575e-01 0.000000000000000000e+00 0.000000000000000000e+00 0.000000000000000000e+00 0.000000000000000000e+00 0.000000000000000000e+00 0.000000000000000000e+00
5.204999989999999910e-01 1.217460114995705212e+01 0.000000000000000000e+00 0.000000000000000000e+00 8.999999523162841575e-01 8.999999523162841575e-01 0.000000000000000000e+00 0.000000000000000000e+00 0.000000000000000000e+00 0.000000000000000000e+00 0.000000000000000000e+00 0.000000000000000000e+00
5.304999989999999999e-01 1.217460114995705212e+01 0.000000000000000000e+00 0.000000000000000000e+00 8.999999523162841575e-01 8.999999523162841575e-01 0.000000000000000000e+00 0.000000000000000000e+00 0.000000000000000000e+00 0.000000000000000000e+00 0.000000000000000000e+00 0.000000000000000000e+00
5.404999990000000087e-01 1.217460114995705212e+01 0.000000000000000000e+00 0.000000000000000000e+00 8.999999523162841575e-01 8.999999523162841575e-01 0.000000000000000000e+00 0.000000000000000000e+00 0.000000000000000000e+00 0.000000000000000000e+00 0.000000000000000000e+00 0.000000000000000000e+00
5.504999990000000176e-01 1.217460114995705212e+01 0.000000000000000000e+00 0.000000000000000000e+00 8.999999523162841575e-01 8.999999523162841575e-01 0.000000000000000000e+00 0.000000000000000000e+00 0.000000000000000000e+00 0.000000000000000000e+00 0.000000000000000000e+00 0.000000000000000000e+00
5.604999990000000265e-01 1.217460114995705212e+01 0.000000000000000000e+00 0.000000000000000000e+00 8.999999523162841575e-01 8.999999523162841575e-01 0.000000000000000000e+00 0.000000000000000000e+00 0.000000000000000000e+00 0.000000000000000000e+00 0.000000000000000000e+00 0.000000000000000000e+00
5.704999990000000354e-01 1.217460114995705212e+01 0.000000000000000000e+00 0.000000000000000000e+00 8.999999523162841575e-01 8.999999523162841575e-01 0.000000000000000000e+00 0.000000000000000000e+00 0.000000000000000000e+00 0.000000000000000000e+00 0.000000000000000000e+00 0.000000000000000000e+00
5.804999990000000443e-01 1.217460114995705212e+01 0.000000000000000000e+00 0.000000000000000000e+00 8.999999523162841575e-01 8.999999523162841575e-01 0.000000000000000000e+00 0.000000000000000000e+00 0.000000000000000000e+00 0.000000000000000000e+00 0.000000000000000000e+00 0.000000000000000000e+00
5.904999990000000532e-01 1.217460114995705212e+01 0.000000000000000000e+00 0.000000000000000000e+00 8.999999523162841575e-01 8.999999523162841575e-01 0.000000000000000000e+00 0.000000000000000000e+00 0.000000000000000000e+00 0.000000000000000000e+00 0.000000000000000000e+00 0.000000000000000000e+00
6.004999990000000620e-01 1.217460114995705212e+01 0.000000000000000000e+00 0.000000000000000000e+00 8.999999523162841575e-01 8.999999523162841575e-01 0.000000000000000000e+00 0.000000000000000000e+00 0.000000000000000000e+00 0.000000000000000000e+00 0.000000000000000000e+00 0.000000000000000000e+00
6.104999990000000709e-01 1.217460114995705212e+01 0.000000000000000000e+00 0.000000000000000000e+00 8.999999523162841575e-01 8.999999523162841575e-01 0.000000000000000000e+00 0.000000000000000000e+00 0.000000000000000000e+00 0.000000000000000000e+00 0.000000000000000000e+00 0.000000000000000000e+00
6.204999990000000798e-01 1.217460114995705212e+01 0.000000000000000000e+00 0.000000000000000000e+00 8.999999523162841575e-01 8.999999523162841575e-01 0.000000000000000000e+00 0.000000000000000000e+00 0.000000000000000000e+00 0.000000000000000000e+00 0.000000000000000000e+00 0.000000000000000000e+00
6.304999990000000887e-01 1.217460114995705212e+01 0.000000000000000000e+00 0.000000000000000000e+00 8.999999523162841575e-01 8.999999523162841575e-01 0.000000000000000000e+00 0.000000000000000000e+00 0.000000000000000000e+00 0.000000000000000000e+00 0.000000000000000000e+00 0.000000000000000000e+00
6.404999989999999865e-01 1.217460114995705212e+01 0.000000000000000000e+00 0.000000000000000000e+00 8.999999523162841575e-01 8.999999523162841575e-01 0.000000000000000000e+00 0.000000000000000000e+00 0.000000000000000000e+00 0.000000000000000000e+00 0.000000000000000000e+00 0.000000000000000000e+00
6.504999989999999954e-01 1.217460114995705212e+01 0.000000000000000000e+00 0.000000000000000000e+00 8.999999523162841575e-01 8.999999523162841575e-01 0.000000000000000000e+00 0.000000000000000000e+00 0.000000000000000000e+00 0.000000000000000000e+00 0.000000000000000000e+00 0.000000000000000000e+00
6.604999990000000043e-01 1.217460114995705212e+01 0.000000000000000000e+00 0.000000000000000000e+00 8.999999523162841575e-01 8.999999523162841575e-01 0.000000000000000000e+00 0.000000000000000000e+00 0.000000000000000000e+00 0.000000000000000000e+00 0.000000000000000000e+00 0.000000000000000000e+00
6.704999990000000132e-01 1.217460114995705212e+01 0.000000000000000000e+00 0.000000000000000000e+00 8.999999523162841575e-01 8.999999523162841575e-01 0.000000000000000000e+00 0.000000000000000000e+00 0.000000000000000000e+00 0.000000000000000000e+00 0.000000000000000000e+00 0.000000000000000000e+00
6.804999990000000221e-01 1.217460114995705212e+01 0.000000000000000000e+00 0.000000000000000000e+00 8.999999523162841575e-01 8.999999523162841575e-01 0.000000000000000000e+00 0.000000000000000000e+00 0.000000000000000000e+00 0.000000000000000000e+00 0.000000000000000000e+00 0.000000000000000000e+00
6.904999990000000309e-01 1.217460114995705212e+01 0.000000000000000000e+00 0.000000000000000000e+00 8.999999523162841575e-01 8.999999523162841575e-01 0.000000000000000000e+00 0.000000000000000000e+00 0.000000000000000000e+00 0.000000000000000000e+00 0.000000000000000000e+00 0.000000000000000000e+00
7.004999990000000398e-01 1.217460114995705212e+01 0.000000000000000000e+00 0.000000000000000000e+00 8.999999523162841575e-01 8.999999523162841575e-01 0.000000000000000000e+00 0.000000000000000000e+00 0.000000000000000000e+00 0.000000000000000000e+00 0.000000000000000000e+00 0.000000000000000000e+00
7.104999990000000487e-01 1.217460114995705212e+01 0.000000000000000000e+00 0.000000000000000000e+00 8.999999523162841575e-01 8.999999523162841575e-01 0.000000000000000000e+00 0.000000000000000000e+00 0.000000000000000000e+00 0.000000000000000000e+00 0.000000000000000000e+00 0.000000000000000000e+00
7.204999990000000576e-01 1.217460114995705212e+01 0.000000000000000000e+00 0.000000000000000000e+00 8.999999523162841575e-01 8.999999523162841575e-01 0.000000000000000000e+00 0.000000000000000000e+00 0.000000000000000000e+00 0.000000000000000000e+00 0.000000000000000000e+00 0.000000000000000000e+00
7.304999990000000665e-01 1.217460114995705212e+01 0.000000000000000000e+00 0.000000000000000000e+00 8.999999523162841575e-01 8.999999523162841575e-01 0.000000000000000000e+00 0.000000000000000000e+00 0.000000000000000000e+00 0.000000000000000000e+00 0.000000000000000000e+00 0.000000000000000000e+00
7.404999990000000754e-01 1.217460114995705212e+01 0.000000000000000000e+00 0.000000000000000000e+00 8.999999523162841575e-01 8.999999523162841575e-01 0.000000000000000000e+00 0.000000000000000000e+00 0.000000000000000000e+00 0.000000000000000000e+00 0.000000000000000000e+00 0.000000000000000000e+00
7.504999990000000842e-01 1.217460114995705212e+01 0.000000000000000000e+00 0.000000000000000000e+00 8.999999523162841575e-01 8.999999523162841575e-01 0.000000000000000000e+00 0.000000000000000000e+00 0.000000000000000000e+00 0.000000000000000000e+00 0.000000000000000000e+00 0.000000000000000000e+00
7.604999990000000931e-01 1.217460114995705212e+01 0.000000000000000000e+00 0.000000000000000000e+00 8.999999523162841575e-01 8.999999523162841575e-01 0.000000000000000000e+00 0.000000000000000000e+00 0.000000000000000000e+00 0.000000000000000000e+00 0.000000000000000000e+00 0.000000000000000000e+00
7.704999990000001020e-01 1.217460114995705212e+01 0.000000000000000000e+00 0.000000000000000000e+00 8.999999523162841575e-01 8.999999523162841575e-01 0.000000000000000000e+00 0.000000000000000000e+00 0.000000000000000000e+00 0.000000000000000000e+00 0.000000000000000000e+00 0.000000000000000000e+00
7.804999989999999999e-01 1.217460114995705212e+01 0.000000000000000000e+00 0.000000000000000000e+00 8.999999523162841575e-01 8.999999523162841575e-01 0.000000000000000000e+00 0.000000000000000000e+00 0.000000000000000000e+00 0.000000000000000000e+00 0.000000000000000000e+00 0.000000000000000000e+00
7.904999990000000087e-01 1.217460114995705212e+01 0.000000000000000000e+00 0.000000000000000000e+00 8.999999523162841575e-01 8.999999523162841575e-01 0.000000000000000000e+00 0.000000000000000000e+00 0.000000000000000000e+00 0.000000000000000000e+00 0.000000000000000000e+00 0.000000000000000000e+00
8.004999990000000176e-01 1.217460114995705212e+01 0.000000000000000000e+00 0.000000000000000000e+00 8.999999523162841575e-01 8.999999523162841575e-01 0.000000000000000000e+00 0.000000000000000000e+00 0.000000000000000000e+00 0.000000000000000000e+00 0.000000000000000000e+00 0.000000000000000000e+00
8.104999990000000265e-01 1.217460114995705212e+01 0.000000000000000000e+00 0.000000000000000000e+00 8.999999523162841575e-01 8.999999523162841575e-01 0.000000000000000000e+00 0.000000000000000000e+00 0.000000000000000000e+00 0.000000000000000000e+00 0.000000000000000000e+00 0.000000000000000000e+00
8.204999990000000354e-01 1.217460114995705212e+01 0.000000000000000000e+00 0.000000000000000000e+00 8.999999523162841575e-01 8.999999523162841575e-01 0.000000000000000000e+00 0.000000000000000000e+00 0.000000000000000000e+00 0.000000000000000000e+00 0.000000000000000000e+00 0.000000000000000000e+00
8.304999990000000443e-01 1.217460114995705212e+01 0.000000000000000000e+00 0.000000000000000000e+00 8.999999523162841575e-01 8.999999523162841575e-01 0.000000000000000000e+00 0.000000000000000000e+00 0.000000000000000000e+00 0.000000000000000000e+00 0.000000000000000000e+00 0.000000000000000000e+00
8.404999990000000532e-01 1.217460114995705212e+01 0.000000000000000000e+00 0.000000000000000000e+00 8.999999523162841575e-01 8.999999523162841575e-01 0.000000000000000000e+00 0.000000000000000000e+00 0.000000000000000000e+00 0.000000000000000000e+00 0.000000000000000000e+00 0.000000000000000000e+00
8.504999990000000620e-01 1.217460114995705212e+01 0.000000000000000000e+00 0.000000000000000000e+00 8.999999523162841575e-01 8.999999523162841575e-01 0.000000000000000000e+00 0.000000000000000000e+00 0.000000000000000000e+00 0.000000000000000000e+00 0.000000000000000000e+00 0.000000000000000000e+00
8.604999990000000709e-01 1.217460114995705212e+01 0.000000000000000000e+00 0.000000000000000000e+00 8.999999523162841575e-01 8.999999523162841575e-01 0.000000000000000000e+00 0.000000000000000000e+00 0.000000000000000000e+00 0.000000000000000000e+00 0.000000000000000000e+00 0.000000000000000000e+00
8.704999990000000798e-01 1.217460114995705212e+01 0.000000000000000000e+00 0.000000000000000000e+00 8.999999523162841575e-01 8.999999523162841575e-01 0.000000000000000000e+00 0.000000000000000000e+00 0.000000000000000000e+00 0.000000000000000000e+00 0.000000000000000000e+00 0.000000000000000000e+00
8.804999990000000887e-01 1.217460114995705212e+01 0.000000000000000000e+00 0.000000000000000000e+00 8.999999523162841575e-01 8.999999523162841575e-01 0.000000000000000000e+00 0.000000000000000000e+00 0.000000000000000000e+00 0.000000000000000000e+00 0.000000000000000000e+00 0.000000000000000000e+00
8.904999990000000976e-01 1.217460114995705212e+01 0.000000000000000000e+00 0.000000000000000000e+00 8.999999523162841575e-01 8.999999523162841575e-01 0.000000000000000000e+00 0.000000000000000000e+00 0.000000000000000000e+00 0.000000000000000000e+00 0.000000000000000000e+00 0.000000000000000000e+00
9.004999990000001064e-01 1.217460114995705212e+01 0.000000000000000000e+00 0.000000000000000000e+00 8.999999523162841575e-01 8.999999523162841575e-01 0.000000000000000000e+00 0.000000000000000000e+00 0.000000000000000000e+00 0.000000000000000000e+00 0.000000000000000000e+00 0.000000000000000000e+00
9.104999990000000043e-01 1.217460114995705212e+01 0.000000000000000000e+00 0.000000000000000000e+00 8.999999523162841575e-01 8.999999523162841575e-01 0.000000000000000000e+00 0.000000000000000000e+00 0.000000000000000000e+00 0.000000000000000000e+00 0.000000000000000000e+00 0.000000000000000000e+00
9.204999990000000132e-01 1.217460114995705212e+01 0.000000000000000000e+00 0.000000000000000000e+00 8.999999523162841575e-01 8.999999523162841575e-01 0.000000000000000000e+00 0.000000000000000000e+00 0.000000000000000000e+00 0.000000000000000000e+00 0.000000000000000000e+00 0.000000000000000000e+00
9.304999990000000221e-01 1.217460114995705212e+01 0.000000000000000000e+00 0.000000000000000000e+00 8.999999523162841575e-01 8.999999523162841575e-01 0.000000000000000000e+00 0.000000000000000000e+00 0.000000000000000000e+00 0.000000000000000000e+00 0.000000000000000000e+00 0.000000000000000000e+00
9.404999990000000309e-01 1.217460114995705212e+01 0.000000000000000000e+00 0.000000000000000000e+00 8.999999523162841575e-01 8.999999523162841575e-01 0.000000000000000000e+00 0.000000000000000000e+00 0.000000000000000000e+00 0.000000000000000000e+00 0.000000000000000000e+00 0.000000000000000000e+00
9.504999990000000398e-01 1.217460114995705212e+01 0.000000000000000000e+00 0.000000000000000000e+00 8.999999523162841575e-01 8.999999523162841575e-01 0.000000000000000000e+00 0.000000000000000000e+00 0.000000000000000000e+00 0.000000000000000000e+00 0.000000000000000000e+00 0.000000000000000000e+00
9.604999990000000487e-01 1.217460114995705212e+01 0.000000000000000000e+00 0.000000000000000000e+00 8.999999523162841575e-01 8.999999523162841575e-01 0.000000000000000000e+00 0.000000000000000000e+00 0.000000000000000000e+00 0.000000000000000000e+00 0.000000000000000000e+00 0.000000000000000000e+00
9.704999990000000576e-01 1.217460114995705212e+01 0.000000000000000000e+00 0.000000000000000000e+00 8.999999523162841575e-01 8.999999523162841575e-01 0.000000000000000000e+00 0.000000000000000000e+00 0.000000000000000000e+00 0.000000000000000000e+00 0.000000000000000000e+00 0.000000000000000000e+00
9.804999990000000665e-01 1.217460114995705212e+01 0.000000000000000000e+00 0.000000000000000000e+00 8.999999523162841575e-01 8.999999523162841575e-01 0.000000000000000000e+00 0.000000000000000000e+00 0.000000000000000000e+00 0.000000000000000000e+00 0.000000000000000000e+00 0.000000000000000000e+00
9.904999990000000754e-01 1.217460114995705212e+01 0.000000000000000000e+00 0.000000000000000000e+00 8.999999523162841575e-01 8.999999523162841575e-01 0.000000000000000000e+00 0.000000000000000000e+00 0.000000000000000000e+00 0.000000000000000000e+00 0.000000000000000000e+00 0.000000000000000000e+00
1.000499999000000084e+00 1.217460114995705212e+01 0.000000000000000000e+00 0.000000000000000000e+00 8.999999523162841575e-01 8.999999523162841575e-01 0.000000000000000000e+00 0.000000000000000000e+00 0.000000000000000000e+00 0.000000000000000000e+00 0.000000000000000000e+00 0.000000000000000000e+00
1.010499999000000093e+00 1.217460114995705212e+01 0.000000000000000000e+00 0.000000000000000000e+00 8.999999523162841575e-01 8.999999523162841575e-01 0.000000000000000000e+00 0.000000000000000000e+00 0.000000000000000000e+00 0.000000000000000000e+00 0.000000000000000000e+00 0.000000000000000000e+00
1.020499999000000102e+00 1.217460114995705212e+01 0.000000000000000000e+00 0.000000000000000000e+00 8.999999523162841575e-01 8.999999523162841575e-01 0.000000000000000000e+00 0.000000000000000000e+00 0.000000000000000000e+00 0.000000000000000000e+00 0.000000000000000000e+00 0.000000000000000000e+00
1.030499999000000111e+00 1.217460114995705212e+01 0.000000000000000000e+00 0.000000000000000000e+00 8.999999523162841575e-01 8.999999523162841575e-01 0.000000000000000000e+00 0.000000000000000000e+00 0.000000000000000000e+00 0.000000000000000000e+00 0.000000000000000000e+00 0.000000000000000000e+00
1.040499999000000120e+00 1.217460114995705212e+01 2.160349592522185854e-06 0.000000000000000000e+00 8.999999523162841575e-01 8.999999523162841575e-01 7.383018699441420236e-04 0.000000000000000000e+00 0.000000000000000000e+00 0.000000000000000000e+00 1.254479337318338272e-01 0.000000000000000000e+00
1.050499999000000129e+00 1.217460114995705212e+01 2.780217032934590603e-05 0.000000000000000000e+00 8.999999523162841575e-01 8.999999523162841575e-01 4.981623734915162707e-03 0.000000000000000000e+00 0.000000000000000000e+00 0.000000000000000000e+00 5.448079418621991632e-01 0.000000000000000000e+00
1.060499999000000138e+00 1.217460114995705212e+01 1.244948475801226551e-04 0.000000000000000000e+00 8.999999523162841575e-01 8.999999523162841575e-01 1.491643516225972174e-02 0.000000000000000000e+00 0.000000000000000000e+00 0.000000000000000000e+00 1.150941042166579553e+00 0.000000000000000000e+00
1.070499999000000146e+00 1.217460114995705212e+01 3.559516076616618956e-04 0.000000000000000000e+00 8.999999523162841575e-01 8.999999523162841575e-01 3.175323427660815823e-02 0.000000000000000000e+00 0.000000000000000000e+00 0.000000000000000000e+00 1.864690580386659802e+00 0.000000000000000000e+00
1.080499999000000155e+00 1.217460114995705212e+01 7.938103974802843002e-04 0.000000000000000000e+00 8.999999523162841575e-01 8.999999523162841575e-01 5.572310269971634394e-02 0.000000000000000000e+00 0.000000000000000000e+00 0.000000000000000000e+00 2.563335751447549438e+00 0.000000000000000000e+00
1.090499999000000164e+00 1.217460114995705212e+01 1.500339188961650420e-03 0.000000000000000000e+00 8.999999523162841575e-01 8.999999523162841575e-01 8.484612094672203120e-02 0.000000000000000000e+00 0.000000000000000000e+00 0.000000000000000000e+00 3.026309226431062260e+00 0.000000000000000000e+00
1.100499999000000173e+00 1.217460114995705212e+01 2.524174239310623957e-03 0.000000000000000000e+00 8.999999523162841575e-01 8.999999523162841575e-01 1.188463954901612385e-01 0.000000000000000000e+00 0.000000000000000000e+00 0.000000000000000000e+00 3.475755296555102181e+00 0.000000000000000000e+00
1.110499998999999960e+00 1.217460114995705212e+01 3.909500876662778610e-03 0.000000000000000000e+00 8.999999523162841575e-01 8.999999523162841575e-01 1.568753059883586098e-01 0.000000000000000000e+00 0.000000000000000000e+00 0.000000000000000000e+00 3.866558695569805248e+00 0.000000000000000000e+00
1.120499998999999969e+00 1.217460114995705212e+01 5.694591773580292421e-03 0.000000000000000000e+00 8.999999523162841575e-01 8.999999523162841575e-01 1.985453125454919032e-01 0.000000000000000000e+00 0.000000000000000000e+00 0.000000000000000000e+00 4.218750474440591702e+00 0.000000000000000000e+00
1.130499998999999978e+00 1.217460114995705212e+01 7.913729137909443836e-03 0.000000000000000000e+00 8.999999523162841575e-01 8.999999523162841575e-01 2.434538714409508198e-01 0.000000000000000000e+00 0.000000000000000000e+00 0.000000000000000000e+00 4.531950707901732045e+00 0.000000000000000000e+00
1.140499998999999987e+00 1.217460114995705212e+01 1.059718150576148717e-02 0.000000000000000000e+00 8.999999523162841575e-01 8.999999523162841575e-01 2.912019964280082585e-01 0.000000000000000000e+00 0.000000000000000000e+00 0.000000000000000000e+00 4.806732259063835500e+00 0.000000000000000000e+00
1.150499998999999995e+00 1.217460114995705212e+01 1.377127754908862023e-02 0.000000000000000000e+00 8.999999523162841575e-01 8.999999523162841575e-01 3.414008556544759210e-01 0.000000000000000000e+00 0.000000000000000000e+00 0.000000000000000000e+00 5.044172362453855030e+00 0.000000000000000000e+00
1.160499999000000004e+00 1.217460114995705212e+01 1.745853086161851947e-02 0.000000000000000000e+00 8.999999523162841575e-01 8.999999523162841575e-01 3.936759722323744382e-01 0.000000000000000000e+00 0.000000000000000000e+00 0.000000000000000000e+00 5.245678569965932070e+00 0.000000000000000000e+00
1.170499999000000013e+00 1.217460114995705212e+01 2.167779827131269266e-02 0.000000000000000000e+00 8.999999523162841575e-01 8.999999523162841575e-01 4.476694790320763784e-01 0.000000000000000000e+00 0.000000000000000000e+00 0.000000000000000000e+00 5.412814673451891601e+00 0.000000000000000000e+00
1.180499999000000022e+00 1.217460114995705212e+01 2.644445378390325799e-02 0.000000000000000000e+00 8.999999523162841575e-01 8.999999523162841575e-01 5.030417444752465217e-01 0.000000000000000000e+00 0.000000000000000000e+00 0.000000000000000000e+00 5.547322034373177502e+00 0.000000000000000000e+00
1.190499999000000031e+00 1.217460114995705212e+01 3.177058512037225779e-02 0.000000000000000000e+00 8.999999523162841575e-01 8.999999523162841575e-01 5.594741308776676192e-01 0.000000000000000000e+00 0.000000000000000000e+00 0.000000000000000000e+00 5.651206794920409671e+00 0.000000000000000000e+00
1.200499999000000040e+00 1.217460114995705212e+01 3.766520270115913255e-02 0.000000000000000000e+00 8.999999523162841575e-01 8.999999523162841575e-01 6.166682616658586413e-01 0.000000000000000000e+00 0.000000000000000000e+00 0.000000000000000000e+00 5.726273375867970472e+00 0.000000000000000000e+00
1.210499999000000049e+00 1.217460114995705212e+01 4.413444983802637667e-02 0.000000000000000000e+00 8.999999523162841575e-01 8.999999523162841575e-01 6.743474839123849707e-01 0.000000000000000000e+00 0.000000000000000000e+00 0.000000000000000000e+00 5.774558513700922546e+00 0.000000000000000000e+00
1.220499999000000058e+00 1.217460114995705212e+01 5.118181697974486660e-02 0.000000000000000000e+00 8.999999523162841575e-01 8.999999523162841575e-01 7.322570247480283401e-01 0.000000000000000000e+00 0.000000000000000000e+00 0.000000000000000000e+00 5.798184786866960927e+00 0.000000000000000000e+00
1.230499999000000066e+00 1.217460114995705212e+01 5.880837065555654525e-02 0.000000000000000000e+00 8.999999523162841575e-01 8.999999523162841575e-01 7.901648179031616204e-01 0.000000000000000000e+00 0.000000000000000000e+00 0.000000000000000000e+00 5.799138465315765600e+00 0.000000000000000000e+00
1.240499999000000075e+00 1.217460114995705212e+01 6.701288724745570191e-02 0.000000000000000000e+00 8.999999523162841575e-01 8.999999523162841575e-01 8.478145718336604908e-01 0.000000000000000000e+00 0.000000000000000000e+00 0.000000000000000000e+00 5.770121260082087922e+00 0.000000000000000000e+00
1.250499999000000084e+00 1.217460114995705212e+01 7.579064731536053201e-02 0.000000000000000000e+00 8.999999523162841575e-01 8.999999523162841575e-01 9.048076561308124877e-01 0.000000000000000000e+00 0.000000000000000000e+00 0.000000000000000000e+00 5.698591259418404498e+00 0.000000000000000000e+00
1.260499999000000093e+00 1.217460114995705212e+01 8.513428206640921703e-02 0.000000000000000000e+00 8.999999523162841575e-01 8.999999523162841575e-01 9.610141534834425459e-01 0.000000000000000000e+00 0.000000000000000000e+00 0.000000000000000000e+00 5.617793332183904198e+00 0.000000000000000000e+00
1.270499999000000102e+00 1.217460114995705212e+01 9.503546344974653226e-02 0.000000000000000000e+00 8.999999523162841575e-01 8.999999523162841575e-01 1.016348135152501442e+00 0.000000000000000000e+00 0.000000000000000000e+00 0.000000000000000000e+00 5.528695561247303658e+00 0.000000000000000000e+00
1.280499999000000111e+00 1.217460114995705212e+01 1.054850791603411525e-01 0.000000000000000000e+00 8.999999523162841575e-01 8.999999523162841575e-01 1.070737379178322790e+00 0.000000000000000000e+00 0.000000000000000000e+00 0.000000000000000000e+00 5.432589588650486689e+00 0.000000000000000000e+00
1.290499999000000120e+00 1.217460114995705212e+01 1.164732202997902644e-01 0.000000000000000000e+00 8.999999523162841575e-01 8.999999523162841575e-01 1.124073705638313880e+00 0.000000000000000000e+00 0.000000000000000000e+00 0.000000000000000000e+00 5.322208890682879279e+00 0.000000000000000000e+00
1.300499999000000129e+00 1.217460114995705212e+01 1.279881800357308974e-01 0.000000000000000000e+00 8.999999523162841575e-01 8.999999523162841575e-01 1.176123975812755740e+00 0.000000000000000000e+00 0.000000000000000000e+00 0.000000000000000000e+00 5.185637313515762514e+00 0.000000000000000000e+00
1.310499999000000138e+00 1.217460114995705212e+01 1.400164267419778674e-01 0.000000000000000000e+00 8.999999523162841575e-01 8.999999523162841575e-01 1.226797069841935706e+00 0.000000000000000000e+00 0.000000000000000000e+00 0.000000000000000000e+00 5.044862482813329940e+00 0.000000000000000000e+00
1.320499999000000146e+00 1.217460114995705212e+01 1.525447330798778700e-01 0.000000000000000000e+00 8.999999523162841575e-01 8.999999523162841575e-01 1.276221180507882247e+00 0.000000000000000000e+00 0.000000000000000000e+00 0.000000000000000000e+00 4.921335504793431070e+00 0.000000000000000000e+00
1.330499999000000155e+00 1.217460114995705212e+01 1.655615243075836129e-01 0.000000000000000000e+00 8.999999523162841575e-01 8.999999523162841575e-01 1.324566717516497016e+00 0.000000000000000000e+00 0.000000000000000000e+00 0.000000000000000000e+00 4.815401992990925528e+00 0.000000000000000000e+00
1.340499999000000164e+00 1.217460114995705212e+01 1.790564931332335741e-01 0.000000000000000000e+00 8.999999523162841575e-01 8.999999523162841575e-01 1.371907925240873904e+00 0.000000000000000000e+00 0.000000000000000000e+00 0.000000000000000000e+00 4.715145583745226965e+00 0.000000000000000000e+00
1.350499999000000173e+00 1.217460114995705212e+01 1.930193845408497699e-01 0.000000000000000000e+00 8.999999523162841575e-01 8.999999523162841575e-01 1.418185589442334082e+00 0.000000000000000000e+00 0.000000000000000000e+00 0.000000000000000000e+00 4.606309203738641500e+00 0.000000000000000000e+00
1.360499999000000182e+00 1.217460114995705212e+01 2.074387750593178481e-01 0.000000000000000000e+00 8.999999523162841575e-01 8.999999523162841575e-01 1.463238240590853056e+00 0.000000000000000000e+00 0.000000000000000000e+00 0.000000000000000000e+00 4.479222438569619769e+00 0.000000000000000000e+00
1.370499999000000191e+00 1.217460114995705212e+01 2.223014669794299014e-01 0.000000000000000000e+00 8.999999523162841575e-01 8.999999523162841575e-01 1.506887916664922278e+00 0.000000000000000000e+00 0.000000000000000000e+00 0.000000000000000000e+00 4.334154919959722463e+00 0.000000000000000000e+00
1.380499998999999978e+00 1.217460114995705212e+01 2.375927332490493094e-01 0.000000000000000000e+00 8.999999523162841575e-01 8.999999523162841575e-01 1.549011354882838365e+00 0.000000000000000000e+00 0.000000000000000000e+00 0.000000000000000000e+00 4.177921353521250936e+00 0.000000000000000000e+00
1.390499998999999987e+00 1.217460114995705212e+01 2.532969323639261972e-01 0.000000000000000000e+00 8.999999523162841575e-01 8.999999523162841575e-01 1.589542590428380642e+00 0.000000000000000000e+00 0.000000000000000000e+00 0.000000000000000000e+00 4.016172551375427169e+00 0.000000000000000000e+00
1.400499998999999995e+00 1.217460114995705212e+01 2.693978705102614835e-01 0.000000000000000000e+00 8.999999523162841575e-01 8.999999523162841575e-01 1.628429501024998949e+00 0.000000000000000000e+00 0.000000000000000000e+00 0.000000000000000000e+00 3.849459698268906216e+00 0.000000000000000000e+00
1.410499999000000004e+00 1.217460114995705212e+01 2.858787434062948773e-01 0.000000000000000000e+00 8.999999523162841575e-01 8.999999523162841575e-01 1.665600442141811355e+00 0.000000000000000000e+00 0.000000000000000000e+00 0.000000000000000000e+00 3.675452004156024799e+00 0.000000000000000000e+00
1.420499999000000013e+00 1.217460114995705212e+01 3.027218902661201194e-01 0.000000000000000000e+00 8.999999523162841575e-01 8.999999523162841575e-01 1.700956333670254672e+00 0.000000000000000000e+00 0.000000000000000000e+00 0.000000000000000000e+00 3.491225693941541586e+00 0.000000000000000000e+00
1.430499999000000022e+00 1.217460114995705212e+01 3.199085178648476968e-01 0.000000000000000000e+00 8.999999523162841575e-01 8.999999523162841575e-01 1.734371998249082836e+00 0.000000000000000000e+00 0.000000000000000000e+00 0.000000000000000000e+00 3.294297347934994402e+00 0.000000000000000000e+00
1.440499999000000031e+00 1.217460114995705212e+01 3.374184629565902815e-01 0.000000000000000000e+00 8.999999523162841575e-01 8.999999523162841575e-01 1.765700202771419924e+00 0.000000000000000000e+00 0.000000000000000000e+00 0.000000000000000000e+00 3.082494750783761894e+00 0.000000000000000000e+00
1.450499999000000040e+00 1.217460114995705212e+01 3.552300048903691554e-01 0.000000000000000000e+00 8.999999523162841575e-01 8.999999523162841575e-01 1.794778349240533588e+00 0.000000000000000000e+00 0.000000000000000000e+00 0.000000000000000000e+00 2.854333814924126411e+00 0.000000000000000000e+00
1.460499999000000049e+00 1.217460114995705212e+01 3.733197473856353366e-01 0.000000000000000000e+00 8.999999523162841575e-01 8.999999523162841575e-01 1.821436168937352162e+00 0.000000000000000000e+00 0.000000000000000000e+00 0.000000000000000000e+00 2.609303609890845088e+00 0.000000000000000000e+00
1.470499999000000058e+00 1.217460114995705212e+01 3.916623401213208400e-01 0.000000000000000000e+00 8.999999523162841575e-01 8.999999523162841575e-01 1.845400617911435726e+00 0.000000000000000000e+00 0.000000000000000000e+00 0.000000000000000000e+00 2.326721936621369391e+00 0.000000000000000000e+00
1.480499999000000066e+00 1.217460114995705212e+01 4.102290817195363704e-01 0.000000000000000000e+00 8.999999523162841575e-01 8.999999523162841575e-01 1.866434631595620619e+00 0.000000000000000000e+00 0.000000000000000000e+00 0.000000000000000000e+00 2.036649524473066464e+00 0.000000000000000000e+00
1.490499999000000075e+00 1.217460114995705212e+01 4.289908493596153449e-01 0.000000000000000000e+00 8.999999523162841575e-01 8.999999523162841575e-01 1.884515141430213259e+00 0.000000000000000000e+00 0.000000000000000000e+00 0.000000000000000000e+00 1.735846407113115664e+00 0.000000000000000000e+00
1.500499999000000084e+00 1.217460114995705212e+01 4.479173012064832649e-01 0.000000000000000000e+00 8.999999523162841575e-01 8.999999523162841575e-01 1.899524940171746668e+00 0.000000000000000000e+00 0.000000000000000000e+00 0.000000000000000000e+00 1.427459482683687497e+00 0.000000000000000000e+00
1.510499999000000093e+00 1.217460114995705212e+01 4.669780787837275460e-01 0.000000000000000000e+00 8.999999523162841575e-01 8.999999523162841575e-01 1.911549709774834627e+00 0.000000000000000000e+00 0.000000000000000000e+00 0.000000000000000000e+00 1.130771651188998472e+00 0.000000000000000000e+00
1.520499999000000102e+00 1.217460114995705212e+01 4.861444759630401680e-01 0.000000000000000000e+00 8.999999523162841575e-01 8.999999523162841575e-01 1.920849490852350572e+00 0.000000000000000000e+00 0.000000000000000000e+00 0.000000000000000000e+00 8.674492094778066820e-01 0.000000000000000000e+00
1.530499999000000111e+00 1.217460114995705212e+01 5.053913372681912985e-01 0.000000000000000000e+00 8.999999523162841575e-01 8.999999523162841575e-01 1.927789785849865156e+00 0.000000000000000000e+00 0.000000000000000000e+00 0.000000000000000000e+00 6.355407828071737431e-01 0.000000000000000000e+00
1.540499999000000120e+00 1.217460114995705212e+01 5.246961337058997366e-01 0.000000000000000000e+00 8.999999523162841575e-01 8.999999523162841575e-01 1.932597359191259079e+00 0.000000000000000000e+00 0.000000000000000000e+00 0.000000000000000000e+00 4.309541498265100357e-01 0.000000000000000000e+00
1.550499999000000129e+00 1.217460114995705212e+01 5.440386105485226498e-01 0.000000000000000000e+00 8.999999523162841575e-01 8.999999523162841575e-01 1.935428382141799242e+00 0.000000000000000000e+00 0.000000000000000000e+00 0.000000000000000000e+00 2.341078660319483029e-01 0.000000000000000000e+00
1.560499999000000138e+00 1.217460114995705212e+01 5.633988768238079592e-01 0.000000000000000000e+00 8.999999523162841575e-01 8.999999523162841575e-01 1.936245760691059914e+00 0.000000000000000000e+00 0.000000000000000000e+00 0.000000000000000000e+00 3.100025982014668544e-02 0.000000000000000000e+00
1.570499999000000146e+00 1.217460114995705212e+01 5.827565866240408399e-01 0.000000000000000000e+00 8.999999523162841575e-01 8.999999523162841575e-01 1.935016985005886259e+00 0.000000000000000000e+00 0.000000000000000000e+00 0.000000000000000000e+00 -1.743339659685486098e-01 0.000000000000000000e+00
1.580499999000000155e+00 1.217460114995705212e+01 6.020913311523727884e-01 0.000000000000000000e+00 8.999999523162841575e-01 8.999999523162841575e-01 1.931758865684631399e+00 0.000000000000000000e+00 0.000000000000000000e+00 0.000000000000000000e+00 -3.766549873833365258e-01 0.000000000000000000e+00
1.590499999000000164e+00 1.217460114995705212e+01 6.213829466538569601e-01 0.000000000000000000e+00 8.999999523162841575e-01 8.999999523162841575e-01 1.926492579839668373e+00 0.000000000000000000e+00 0.000000000000000000e+00 0.000000000000000000e+00 -5.775263446077134599e-01 0.000000000000000000e+00
1.600499999000000173e+00 1.217460114995705212e+01 6.406114060204757266e-01 0.000000000000000000e+00 8.999999523162841575e-01 8.999999523162841575e-01 1.919228865226541458e+00 0.000000000000000000e+00 0.000000000000000000e+00 0.000000000000000000e+00 -7.774164293275532822e-01 0.000000000000000000e+00
1.610499999000000182e+00 1.217460114995705212e+01 6.597568491342420405e-01 0.000000000000000000e+00 8.999999523162841575e-01 8.999999523162841575e-01 1.909992382313362880e+00 0.000000000000000000e+00 0.000000000000000000e+00 0.000000000000000000e+00 -9.742115588831751216e-01 0.000000000000000000e+00
1.620499999000000191e+00 1.217460114995705212e+01 6.787997139572532479e-01 0.000000000000000000e+00 8.999999523162841575e-01 8.999999523162841575e-01 1.898814971827964992e+00 0.000000000000000000e+00 0.000000000000000000e+00 0.000000000000000000e+00 -1.167645192187973358e+00 0.000000000000000000e+00
1.630499999000000200e+00 1.217460114995705212e+01 6.977207448546322022e-01 0.000000000000000000e+00 8.999999523162841575e-01 8.999999523162841575e-01 1.885725715619276377e+00 0.000000000000000000e+00 0.000000000000000000e+00 0.000000000000000000e+00 -1.358284788190479375e+00 0.000000000000000000e+00
1.640499999000000209e+00 1.217460114995705212e+01 7.165009986989024915e-01 0.000000000000000000e+00 8.999999523162841575e-01 8.999999523162841575e-01 1.870759343931812868e+00 0.000000000000000000e+00 0.000000000000000000e+00 0.000000000000000000e+00 -1.545280474157351147e+00 0.000000000000000000e+00
1.650499998999999995e+00 1.217460114995705212e+01 7.351219292656310245e-01 0.000000000000000000e+00 8.999999523162841575e-01 8.999999523162841575e-01 1.853960084556831589e+00 0.000000000000000000e+00 0.000000000000000000e+00 0.000000000000000000e+00 -1.727589611766471522e+00 0.000000000000000000e+00
1.660499999000000004e+00 1.217460114995705212e+01 7.535654586074440608e-01 0.000000000000000000e+00 8.999999523162841575e-01 8.999999523162841575e-01 1.835375993373631331e+00 0.000000000000000000e+00 0.000000000000000000e+00 0.000000000000000000e+00 -1.904997105261417856e+00 0.000000000000000000e+00
1.670499999000000013e+00 1.217460114995705212e+01 7.718139984938368059e-01 0.000000000000000000e+00 8.999999523162841575e-01 8.999999523162841575e-01 1.815057255768448563e+00 0.000000000000000000e+00 0.000000000000000000e+00 0.000000000000000000e+00 -2.077328032168598959e+00 0.000000000000000000e+00
1.680499999000000022e+00 1.217460114995705212e+01 7.898504870244613674e-01 0.000000000000000000e+00 8.999999523162841575e-01 8.999999523162841575e-01 1.793058691506766555e+00 0.000000000000000000e+00 0.000000000000000000e+00 0.000000000000000000e+00 -2.244085474600161056e+00 0.000000000000000000e+00
1.690499999000000031e+00 1.217460114995705212e+01 8.076584341875795436e-01 0.000000000000000000e+00 8.999999523162841575e-01 8.999999523162841575e-01 1.769439740281625983e+00 0.000000000000000000e+00 0.000000000000000000e+00 0.000000000000000000e+00 -2.404811895484681994e+00 0.000000000000000000e+00
1.700499999000000040e+00 1.217460114995705212e+01 8.252219676386371994e-01 0.000000000000000000e+00 8.999999523162841575e-01 8.999999523162841575e-01 1.744263945945151884e+00 0.000000000000000000e+00 0.000000000000000000e+00 0.000000000000000000e+00 -2.559105286924769906e+00 0.000000000000000000e+00
1.710499999000000049e+00 1.217460114995705212e+01 8.425258632008422177e-01 0.000000000000000000e+00 8.999999523162841575e-01 8.999999523162841575e-01 1.717597254113087279e+00 0.000000000000000000e+00 0.000000000000000000e+00 0.000000000000000000e+00 -2.706769972008392422e+00 0.000000000000000000e+00
1.720499999000000058e+00 1.217460114995705212e+01 8.595555693196297309e-01 0.000000000000000000e+00 8.999999523162841575e-01 8.999999523162841575e-01 1.689508166434196879e+00 0.000000000000000000e+00 0.000000000000000000e+00 0.000000000000000000e+00 -2.847560798774773083e+00 0.000000000000000000e+00
1.730499999000000066e+00 1.217460114995705212e+01 8.762972365230669025e-01 0.000000000000000000e+00 8.999999523162841575e-01 8.999999523162841575e-01 1.660068185826123255e+00 0.000000000000000000e+00 0.000000000000000000e+00 0.000000000000000000e+00 -2.981186660586147230e+00 0.000000000000000000e+00
1.740499999000000075e+00 1.217460114995705212e+01 8.927377439692423255e-01 0.000000000000000000e+00 8.999999523162841575e-01 8.999999523162841575e-01 1.629351688028701561e+00 0.000000000000000000e+00 0.000000000000000000e+00 0.000000000000000000e+00 -3.107309036132893443e+00 0.000000000000000000e+00
1.750499999000000084e+00 1.217460114995705212e+01 9.088647231371271840e-01 0.000000000000000000e+00 8.999999523162841575e-01 8.999999523162841575e-01 1.597434203063793801e+00 0.000000000000000000e+00 0.000000000000000000e+00 0.000000000000000000e+00 -3.225937167741862233e+00 0.000000000000000000e+00
1.760499999000000093e+00 1.217460114995705212e+01 9.246665682757116977e-01 0.000000000000000000e+00 8.999999523162841575e-01 8.999999523162841575e-01 1.564392706367245145e+00 0.000000000000000000e+00 0.000000000000000000e+00 0.000000000000000000e+00 -3.336888170941031628e+00 0.000000000000000000e+00
1.770499999000000102e+00 1.217460114995705212e+01 9.401324474991727964e-01 0.000000000000000000e+00 8.999999523162841575e-01 8.999999523162841575e-01 1.530305410999592830e+00 0.000000000000000000e+00 0.000000000000000000e+00 0.000000000000000000e+00 -3.439962550364472182e+00 0.000000000000000000e+00
1.780499999000000111e+00 1.217460114995705212e+01 9.552523227811711148e-01 0.000000000000000000e+00 8.999999523162841575e-01 8.999999523162841575e-01 1.495252049221240886e+00 0.000000000000000000e+00 0.000000000000000000e+00 0.000000000000000000e+00 -3.535138332422127938e+00 0.000000000000000000e+00
1.790499999000000120e+00 1.217460114995705212e+01 9.700169541759823266e-01 0.000000000000000000e+00 8.999999523162841575e-01 8.999999523162841575e-01 1.459312625481318015e+00 0.000000000000000000e+00 0.000000000000000000e+00 0.000000000000000000e+00 -3.622378731285272657e+00 0.000000000000000000e+00
1.800499999000000129e+00 1.217460114995705212e+01 9.844178972804403793e-01 0.000000000000000000e+00 8.999999523162841575e-01 8.999999523162841575e-01 1.422566470204080780e+00 0.000000000000000000e+00 0.000000000000000000e+00 0.000000000000000000e+00 -3.701688645112587217e+00 0.000000000000000000e+00
1.810499999000000138e+00 1.217460114995705212e+01 9.984475099190935898e-01 0.000000000000000000e+00 8.999999523162841575e-01 8.999999523162841575e-01 1.385094389864269138e+00 0.000000000000000000e+00 0.000000000000000000e+00 0.000000000000000000e+00 -3.772977625757919728e+00 0.000000000000000000e+00
1.820499999000000146e+00 1.217460114995705212e+01 1.012098953114060729e+00 0.000000000000000000e+00 8.999999523162841575e-01 8.999999523162841575e-01 1.346976272170058220e+00 0.000000000000000000e+00 0.000000000000000000e+00 0.000000000000000000e+00 -3.836317398806618151e+00 0.000000000000000000e+00
1.830499999000000155e+00 1.217460114995705212e+01 1.025366180063123522e+00 0.000000000000000000e+00 8.999999523162841575e-01 8.999999523162841575e-01 1.308290878502182730e+00 0.000000000000000000e+00 0.000000000000000000e+00 0.000000000000000000e+00 -3.891802369675723128e+00 0.000000000000000000e+00
1.840499999000000164e+00 1.217460114995705212e+01 1.038243931389403851e+00 0.000000000000000000e+00 8.999999523162841575e-01 8.999999523162841575e-01 1.269116639173757166e+00 0.000000000000000000e+00 0.000000000000000000e+00 0.000000000000000000e+00 -3.939514059947947455e+00 0.000000000000000000e+00
1.850499999000000173e+00 1.217460114995705212e+01 1.050727729213629225e+00 0.000000000000000000e+00 8.999999523162841575e-01 8.999999523162841575e-01 1.229531459153190287e+00 0.000000000000000000e+00 0.000000000000000000e+00 0.000000000000000000e+00 -3.979484791983304071e+00 0.000000000000000000e+00
1.860499999000000182e+00 1.217460114995705212e+01 1.062813864013350651e+00 0.000000000000000000e+00 8.999999523162841575e-01 8.999999523162841575e-01 1.189611375346142363e+00 0.000000000000000000e+00 0.000000000000000000e+00 0.000000000000000000e+00 -4.011884590157183794e+00 0.000000000000000000e+00
1.870499999000000191e+00 1.217460114995705212e+01 1.074499391352835787e+00 0.000000000000000000e+00 8.999999523162841575e-01 8.999999523162841575e-01 1.149436893152293582e+00 0.000000000000000000e+00 0.000000000000000000e+00 0.000000000000000000e+00 -4.035713177671278018e+00 0.000000000000000000e+00
1.880499999000000200e+00 1.217460114995705212e+01 1.085782352692299391e+00 0.000000000000000000e+00 8.999999523162841575e-01 8.999999523162841575e-01 1.109125511388098229e+00 0.000000000000000000e+00 0.000000000000000000e+00 0.000000000000000000e+00 -4.046190779239582369e+00 0.000000000000000000e+00
1.890499999000000209e+00 1.217460114995705212e+01 1.096661990691086164e+00 0.000000000000000000e+00 8.999999523162841575e-01 8.999999523162841575e-01 1.068794233651921832e+00 0.000000000000000000e+00 0.000000000000000000e+00 0.000000000000000000e+00 -4.044489946323619911e+00 0.000000000000000000e+00
1.900499999000000217e+00 1.217460114995705212e+01 1.107138654226362817e+00 0.000000000000000000e+00 8.999999523162841575e-01 8.999999523162841575e-01 1.028543963066954614e+00 0.000000000000000000e+00 0.000000000000000000e+00 0.000000000000000000e+00 -4.032669994118695200e+00 0.000000000000000000e+00
1.910499999000000226e+00 1.217460114995705212e+01 1.117213448954879729e+00 0.000000000000000000e+00 8.999999523162841575e-01 8.999999523162841575e-01 9.884213078860145663e-01 0.000000000000000000e+00 0.000000000000000000e+00 0.000000000000000000e+00 -4.017384185493866333e+00 0.000000000000000000e+00
1.920499999000000013e+00 1.217460114995705212e+01 1.126887591070427463e+00 0.000000000000000000e+00 8.999999523162841575e-01 8.999999523162841575e-01 9.484053120162251327e-01 0.000000000000000000e+00 0.000000000000000000e+00 0.000000000000000000e+00 -4.005790383754610495e+00 0.000000000000000000e+00
1.930499999000000022e+00 1.217460114995705212e+01 1.136161848927149887e+00 0.000000000000000000e+00 8.999999523162841575e-01 8.999999523162841575e-01 9.084342321094304173e-01 0.000000000000000000e+00 0.000000000000000000e+00 0.000000000000000000e+00 -4.001673430219380379e+00 0.000000000000000000e+00
1.940499999000000031e+00 1.217460114995705212e+01 1.145036340054723656e+00 0.000000000000000000e+00 8.999999523162841575e-01 8.999999523162841575e-01 8.684441001031008023e-01 0.000000000000000000e+00 0.000000000000000000e+00 0.000000000000000000e+00 -4.004799327006831611e+00 0.000000000000000000e+00
1.950499999000000040e+00 1.217460114995705212e+01 1.153510614852459204e+00 0.000000000000000000e+00 8.999999523162841575e-01 8.999999523162841575e-01 8.283842074875988892e-01 0.000000000000000000e+00 0.000000000000000000e+00 0.000000000000000000e+00 -4.014229034242517535e+00 0.000000000000000000e+00
1.960499999000000049e+00 1.217460114995705212e+01 1.161583833685612577e+00 0.000000000000000000e+00 8.999999523162841575e-01 8.999999523162841575e-01 7.882297715543253869e-01 0.000000000000000000e+00 0.000000000000000000e+00 0.000000000000000000e+00 -4.027135593532088720e+00 0.000000000000000000e+00
1.970499999000000058e+00 1.217460114995705212e+01 1.169255820839130822e+00 0.000000000000000000e+00 8.999999523162841575e-01 8.999999523162841575e-01 7.482253525334657818e-01 0.000000000000000000e+00 0.000000000000000000e+00 0.000000000000000000e+00 -3.999726725821710627e+00 0.000000000000000000e+00
1.980499999000000066e+00 1.217460114995705212e+01 1.176531001541399002e+00 0.000000000000000000e+00 8.999999523162841575e-01 8.999999523162841575e-01 7.088733524964240251e-01 0.000000000000000000e+00 0.000000000000000000e+00 0.000000000000000000e+00 -3.929128997474929719e+00 0.000000000000000000e+00
1.990499999000000075e+00 1.217460114995705212e+01 1.183417067001478973e+00 0.000000000000000000e+00 8.999999523162841575e-01 8.999999523162841575e-01 6.703971258261701704e-01 0.000000000000000000e+00 0.000000000000000000e+00 0.000000000000000000e+00 -3.833483526232073224e+00 0.000000000000000000e+00
2.000499999000000084e+00 1.217460114995705212e+01 1.189923174336059208e+00 0.000000000000000000e+00 8.999999523162841575e-01 8.999999523162841575e-01 6.328260734970346801e-01 0.000000000000000000e+00 0.000000000000000000e+00 0.000000000000000000e+00 -3.741209175289536226e+00 0.000000000000000000e+00
2.010499999000000315e+00 1.217460114995705212e+01 1.196057171412468811e+00 0.000000000000000000e+00 8.999999523162841575e-01 8.999999523162841575e-01 5.958919806981164413e-01 0.000000000000000000e+00 0.000000000000000000e+00 0.000000000000000000e+00 -3.682932116540977407e+00 0.000000000000000000e+00
2.020499999000000102e+00 1.217460114995705212e+01 1.201823579490018279e+00 0.000000000000000000e+00 8.999999523162841575e-01 8.999999523162841575e-01 5.592485621742406821e-01 0.000000000000000000e+00 0.000000000000000000e+00 0.000000000000000000e+00 -3.660442195829161083e+00 0.000000000000000000e+00
2.030499999000000333e+00 1.217460114995705212e+01 1.207224343177890180e+00 0.000000000000000000e+00 8.999999523162841575e-01 8.999999523162841575e-01 5.227549867637324432e-01 0.000000000000000000e+00 0.000000000000000000e+00 0.000000000000000000e+00 -3.646221848813398392e+00 0.000000000000000000e+00
2.040499999000000120e+00 1.217460114995705212e+01 1.212261360059740278e+00 0.000000000000000000e+00 8.999999523162841575e-01 8.999999523162841575e-01 4.865096009843457581e-01 0.000000000000000000e+00 0.000000000000000000e+00 0.000000000000000000e+00 -3.617614388938794612e+00 0.000000000000000000e+00
2.050499998999999907e+00 1.217460114995705212e+01 1.216937302235237439e+00 0.000000000000000000e+00 8.999999523162841575e-01 8.999999523162841575e-01 4.504874326565927456e-01 0.000000000000000000e+00 0.000000000000000000e+00 0.000000000000000000e+00 -3.601019500891368352e+00 0.000000000000000000e+00
2.060499999000000138e+00 1.217460114995705212e+01 1.221252200526440124e+00 0.000000000000000000e+00 8.999999523162841575e-01 8.999999523162841575e-01 4.142741657634234631e-01 0.000000000000000000e+00 0.000000000000000000e+00 0.000000000000000000e+00 -3.633369128052102326e+00 0.000000000000000000e+00
2.070499998999999924e+00 1.217460114995705212e+01 1.225208666265996005e+00 0.000000000000000000e+00 8.999999523162841575e-01 8.999999523162841575e-01 3.789628113336340753e-01 0.000000000000000000e+00 0.000000000000000000e+00 0.000000000000000000e+00 -3.511377653422552036e+00 0.000000000000000000e+00
2.080499999000000155e+00 1.217460114995705212e+01 1.228818640193712231e+00 0.000000000000000000e+00 8.999999523162841575e-01 8.999999523162841575e-01 3.449472209074946893e-01 0.000000000000000000e+00 0.000000000000000000e+00 0.000000000000000000e+00 -3.375931109860294210e+00 0.000000000000000000e+00
2.090499998999999942e+00 1.217460114995705212e+01 1.232096251433969503e+00 0.000000000000000000e+00 8.999999523162841575e-01 8.999999523162841575e-01 3.124325455131704565e-01 0.000000000000000000e+00 0.000000000000000000e+00 0.000000000000000000e+00 -3.219936570232790451e+00 0.000000000000000000e+00
2.100499999000000173e+00 1.217460114995705212e+01 1.235055698319823092e+00 0.000000000000000000e+00 8.999999523162841575e-01 8.999999523162841575e-01 2.811772733627597720e-01 0.000000000000000000e+00 0.000000000000000000e+00 0.000000000000000000e+00 -3.101985843211452654e+00 0.000000000000000000e+00
2.110499998999999960e+00 1.217460114995705212e+01 1.237706191909365261e+00 0.000000000000000000e+00 8.999999523162841575e-01 8.999999523162841575e-01 2.504746493620369496e-01 0.000000000000000000e+00 0.000000000000000000e+00 0.000000000000000000e+00 -3.068502247939961070e+00 0.000000000000000000e+00
2.120499999000000191e+00 1.217460114995705212e+01 1.240049773726768167e+00 0.000000000000000000e+00 8.999999523162841575e-01 8.999999523162841575e-01 2.198131393903833553e-01 0.000000000000000000e+00 0.000000000000000000e+00 0.000000000000000000e+00 -3.065588286154276698e+00 0.000000000000000000e+00
2.130499998999999978e+00 1.217460114995705212e+01 1.242089504998863392e+00 0.000000000000000000e+00 8.999999523162841575e-01 8.999999523162841575e-01 1.897405313827590645e-01 0.000000000000000000e+00 0.000000000000000000e+00 0.000000000000000000e+00 -2.997724131505507206e+00 0.000000000000000000e+00
2.140499999000000209e+00 1.217460114995705212e+01 1.243833045288151196e+00 0.000000000000000000e+00 8.999999523162841575e-01 8.999999523162841575e-01 1.605619770854179729e-01 0.000000000000000000e+00 0.000000000000000000e+00 0.000000000000000000e+00 -2.899025913815287847e+00 0.000000000000000000e+00
2.150499998999999995e+00 1.217460114995705212e+01 1.245287720543220678e+00 0.000000000000000000e+00 8.999999523162841575e-01 8.999999523162841575e-01 1.317646045078843808e-01 0.000000000000000000e+00 0.000000000000000000e+00 0.000000000000000000e+00 -2.887294085864293258e+00 0.000000000000000000e+00
2.160499999000000226e+00 1.217460114995705212e+01 1.246455713842314239e+00 0.000000000000000000e+00 8.999999523162841575e-01 8.999999523162841575e-01 1.035051845139288301e-01 0.000000000000000000e+00 0.000000000000000000e+00 0.000000000000000000e+00 -2.792276467110917260e+00 0.000000000000000000e+00
2.170499999000000013e+00 1.217460114995705212e+01 1.247349662273548931e+00 0.000000000000000000e+00 8.999999523162841575e-01 8.999999523162841575e-01 7.687300007801309287e-02 0.000000000000000000e+00 0.000000000000000000e+00 0.000000000000000000e+00 -2.630161670592999990e+00 0.000000000000000000e+00
2.180499999000000244e+00 1.217460114995705212e+01 1.247986414970880364e+00 0.000000000000000000e+00 8.999999523162841575e-01 8.999999523162841575e-01 5.200137922132736651e-02 0.000000000000000000e+00 0.000000000000000000e+00 0.000000000000000000e+00 -2.447657843162383440e+00 0.000000000000000000e+00
2.190499999000000031e+00 1.217460114995705212e+01 1.248382694453980646e+00 0.000000000000000000e+00 8.999999523162841575e-01 8.999999523162841575e-01 2.860321142296648814e-02 0.000000000000000000e+00 0.000000000000000000e+00 0.000000000000000000e+00 -2.312771694062711436e+00 0.000000000000000000e+00
2.200499999000000262e+00 1.217460114995705212e+01 1.248548684010304610e+00 0.000000000000000000e+00 8.999999523162841575e-01 8.999999523162841575e-01 5.748874804643334772e-03 0.000000000000000000e+00 0.000000000000000000e+00 0.000000000000000000e+00 -2.287645620668146584e+00 0.000000000000000000e+00
2.210499999000000049e+00 1.217460114995705212e+01 1.248488890749755775e+00 0.000000000000000000e+00 8.999999523162841575e-01 8.999999523162841575e-01 -1.649010186489466984e-02 0.000000000000000000e+00 0.000000000000000000e+00 0.000000000000000000e+00 -2.213017287024956481e+00 0.000000000000000000e+00
2.220499999000000280e+00 1.217460114995705212e+01 1.248210767273934207e+00 0.000000000000000000e+00 8.999999523162841575e-01 8.999999523162841575e-01 -3.792501877873787758e-02 0.000000000000000000e+00 0.000000000000000000e+00 0.000000000000000000e+00 -2.126200237295047923e+00 0.000000000000000000e+00
2.230499999000000066e+00 1.217460114995705212e+01 1.247723031953359429e+00 0.000000000000000000e+00 8.999999523162841575e-01 8.999999523162841575e-01 -5.846787750310909748e-02 0.000000000000000000e+00 0.000000000000000000e+00 0.000000000000000000e+00 -2.035416813771263378e+00 0.000000000000000000e+00
2.240499999000000297e+00 1.217460114995705212e+01 1.247033018094293899e+00 0.000000000000000000e+00 8.999999523162841575e-01 8.999999523162841575e-01 -7.849154548053725866e-02 0.000000000000000000e+00 0.000000000000000000e+00 0.000000000000000000e+00 -1.997756607696113962e+00 0.000000000000000000e+00
2.250499999000000084e+00 1.217460114995705212e+01 1.246147336009411744e+00 0.000000000000000000e+00 8.999999523162841575e-01 8.999999523162841575e-01 -9.743312986826140054e-02 0.000000000000000000e+00 0.000000000000000000e+00 0.000000000000000000e+00 -1.858442051200285050e+00 0.000000000000000000e+00
2.260499999000000315e+00 1.217460114995705212e+01 1.245081100021571130e+00 0.000000000000000000e+00 8.999999523162841575e-01 8.999999523162841575e-01 -1.146680341172662404e-01 0.000000000000000000e+00 0.000000000000000000e+00 0.000000000000000000e+00 -1.683852820979926390e+00 0.000000000000000000e+00
2.270499999000000102e+00 1.217460114995705212e+01 1.243851650215745952e+00 0.000000000000000000e+00 8.999999523162841575e-01 8.999999523162841575e-01 -1.301958956884794738e-01 0.000000000000000000e+00 0.000000000000000000e+00 0.000000000000000000e+00 -1.515775631321737427e+00 0.000000000000000000e+00
2.280499999000000333e+00 1.217460114995705212e+01 1.242473404709567575e+00 0.000000000000000000e+00 8.999999523162841575e-01 8.999999523162841575e-01 -1.446373267590189693e-01 0.000000000000000000e+00 0.000000000000000000e+00 0.000000000000000000e+00 -1.430319271530908320e+00 0.000000000000000000e+00
2.290499999000000120e+00 1.217460114995705212e+01 1.240953711185946551e+00 0.000000000000000000e+00 8.999999523162841575e-01 8.999999523162841575e-01 -1.584843293685790633e-01 0.000000000000000000e+00 0.000000000000000000e+00 0.000000000000000000e+00 -1.368510017513119070e+00 0.000000000000000000e+00
2.300499999000000351e+00 1.217460114995705212e+01 1.239299295565483794e+00 0.000000000000000000e+00 8.999999523162841575e-01 8.999999523162841575e-01 -1.716394419921089820e-01 0.000000000000000000e+00 0.000000000000000000e+00 0.000000000000000000e+00 -1.302893306191049927e+00 0.000000000000000000e+00
2.310499999000000138e+00 1.217460114995705212e+01 1.237517058483123655e+00 0.000000000000000000e+00 8.999999523162841575e-01 8.999999523162841575e-01 -1.840661154778817921e-01 0.000000000000000000e+00 0.000000000000000000e+00 0.000000000000000000e+00 -1.225449891872512520e+00 0.000000000000000000e+00
2.320499998999999924e+00 1.217460114995705212e+01 1.235614328192881972e+00 0.000000000000000000e+00 8.999999523162841575e-01 8.999999523162841575e-01 -1.957866607943848924e-01 0.000000000000000000e+00 0.000000000000000000e+00 0.000000000000000000e+00 -1.155867678514143737e+00 0.000000000000000000e+00
2.330499999000000155e+00 1.217460114995705212e+01 1.233597959938155464e+00 0.000000000000000000e+00 8.999999523162841575e-01 8.999999523162841575e-01 -2.067692513728660864e-01 0.000000000000000000e+00 0.000000000000000000e+00 0.000000000000000000e+00 -1.075448165757974639e+00 0.000000000000000000e+00
2.340499998999999942e+00 1.217460114995705212e+01 1.231478722373612777e+00 0.000000000000000000e+00 8.999999523162841575e-01 8.999999523162841575e-01 -2.163499836612770011e-01 0.000000000000000000e+00 0.000000000000000000e+00 0.000000000000000000e+00 -9.226756610308524120e-01 0.000000000000000000e+00
2.350499999000000173e+00 1.217460114995705212e+01 1.229271864661463320e+00 0.000000000000000000e+00 8.999999523162841575e-01 8.999999523162841575e-01 -2.243748148486407468e-01 0.000000000000000000e+00 0.000000000000000000e+00 0.000000000000000000e+00 -7.662651053228352049e-01 0.000000000000000000e+00
2.360499998999999960e+00 1.217460114995705212e+01 1.226991757086592028e+00 0.000000000000000000e+00 8.999999523162841575e-01 8.999999523162841575e-01 -2.311522557509110010e-01 0.000000000000000000e+00 0.000000000000000000e+00 0.000000000000000000e+00 -6.542545942825946925e-01 0.000000000000000000e+00
2.370499999000000191e+00 1.217460114995705212e+01 1.224647759487644594e+00 0.000000000000000000e+00 8.999999523162841575e-01 8.999999523162841575e-01 -2.372456464282730881e-01 0.000000000000000000e+00 0.000000000000000000e+00 0.000000000000000000e+00 -5.953249478272515383e-01 0.000000000000000000e+00
2.380499998999999978e+00 1.217460114995705212e+01 1.222245652754176959e+00 0.000000000000000000e+00 8.999999523162841575e-01 8.999999523162841575e-01 -2.428313962898012435e-01 0.000000000000000000e+00 0.000000000000000000e+00 0.000000000000000000e+00 -5.500401718098008041e-01 0.000000000000000000e+00
2.390499999000000209e+00 1.217460114995705212e+01 1.219789956016405608e+00 0.000000000000000000e+00 8.999999523162841575e-01 8.999999523162841575e-01 -2.479752775833847789e-01 0.000000000000000000e+00 0.000000000000000000e+00 0.000000000000000000e+00 -5.036231642384157992e-01 0.000000000000000000e+00
2.400499998999999995e+00 1.217460114995705212e+01 1.217285411846825705e+00 0.000000000000000000e+00 8.999999523162841575e-01 8.999999523162841575e-01 -2.526095966807462290e-01 0.000000000000000000e+00 0.000000000000000000e+00 0.000000000000000000e+00 -4.495520637079730153e-01 0.000000000000000000e+00
2.410499999000000226e+00 1.217460114995705212e+01 1.214737787166388916e+00 0.000000000000000000e+00 8.999999523162841575e-01 8.999999523162841575e-01 -2.565866639749034839e-01 0.000000000000000000e+00 0.000000000000000000e+00 0.000000000000000000e+00 -3.785762435980378759e-01 0.000000000000000000e+00
2.420499999000000013e+00 1.217460114995705212e+01 1.212155508663351311e+00 0.000000000000000000e+00 8.999999523162841575e-01 8.999999523162841575e-01 -2.595164250870691247e-01 0.000000000000000000e+00 0.000000000000000000e+00 0.000000000000000000e+00 -2.626075414015424103e-01 0.000000000000000000e+00
2.430499999000000244e+00 1.217460114995705212e+01 1.209550575853469256e+00 0.000000000000000000e+00 8.999999523162841575e-01 8.999999523162841575e-01 -2.611822821937631045e-01 0.000000000000000000e+00 0.000000000000000000e+00 0.000000000000000000e+00 -1.360052544363158644e-01 0.000000000000000000e+00
2.440499999000000031e+00 1.217460114995705212e+01 1.206935009409386472e+00 0.000000000000000000e+00 8.999999523162841575e-01 8.999999523162841575e-01 -2.617466923081964159e-01 0.000000000000000000e+00 0.000000000000000000e+00 0.000000000000000000e+00 -3.294884041368201927e-02 0.000000000000000000e+00
2.450499999000000262e+00 1.217460114995705212e+01 1.204317993880471338e+00 0.000000000000000000e+00 8.999999523162841575e-01 8.999999523162841575e-01 -2.615818820780561049e-01 0.000000000000000000e+00 0.000000000000000000e+00 0.000000000000000000e+00 2.899179927239357163e-02 0.000000000000000000e+00
2.460499999000000049e+00 1.217460114995705212e+01 1.201704462530005513e+00 0.000000000000000000e+00 8.999999523162841575e-01 8.999999523162841575e-01 -2.611204067545562224e-01 0.000000000000000000e+00 0.000000000000000000e+00 0.000000000000000000e+00 5.029788141545197405e-02 0.000000000000000000e+00
2.470499999000000280e+00 1.217460114995705212e+01 1.199096288000073951e+00 0.000000000000000000e+00 8.999999523162841575e-01 8.999999523162841575e-01 -2.605210909346862835e-01 0.000000000000000000e+00 0.000000000000000000e+00 0.000000000000000000e+00 6.350552146370387618e-02 0.000000000000000000e+00
2.480499999000000066e+00 1.217460114995705212e+01 1.196495088008219021e+00 0.000000000000000000e+00 8.999999523162841575e-01 8.999999523162841575e-01 -2.597069009266146922e-01 0.000000000000000000e+00 0.000000000000000000e+00 0.000000000000000000e+00 8.933176922456767532e-02 0.000000000000000000e+00
2.490499999000000297e+00 1.217460114995705212e+01 1.193904261742233963e+00 0.000000000000000000e+00 8.999999523162841575e-01 8.999999523162841575e-01 -2.584134180606792452e-01 0.000000000000000000e+00 0.000000000000000000e+00 0.000000000000000000e+00 1.458988610813631848e-01 0.000000000000000000e+00
2.500000000000000000e+00 1.217460114995705212e+01 1.191458543635602885e+00 0.000000000000000000e+00 8.999999523162841575e-01 8.999999523162841575e-01 -2.564794411860336631e-01 0.000000000000000000e+00 0.000000000000000000e+00 0.000000000000000000e+00 2.179201686226946710e-01 0.000000000000000000e+00
2.510000000000000231e+00 1.217460114995705212e+01 1.188905786008050747e+00 0.000000000000000000e+00 8.999999523162841575e-01 8.999999523162841575e-01 -2.541691701768695189e-01 0.000000000000000000e+00 0.000000000000000000e+00 0.000000000000000000e+00 2.342907500895558548e-01 0.000000000000000000e+00
2.520000000000000018e+00 1.217460114995705212e+01 1.186376468140055707e+00 0.000000000000000000e+00 8.999999523162841575e-01 8.999999523162841575e-01 -2.518056522481667558e-01 0.000000000000000000e+00 0.000000000000000000e+00 0.000000000000000000e+00 2.377146361533238605e-01 0.000000000000000000e+00
2.530000000000000249e+00 1.217460114995705212e+01 1.183871211097045517e+00 0.000000000000000000e+00 8.999999523162841575e-01 8.999999523162841575e-01 -2.493327321685667730e-01 0.000000000000000000e+00 0.000000000000000000e+00 0.000000000000000000e+00 2.528104346310173223e-01 0.000000000000000000e+00
2.540000000000000036e+00 1.217460114995705212e+01 1.181392451693997536e+00 0.000000000000000000e+00 8.999999523162841575e-01 8.999999523162841575e-01 -2.464652967521219484e-01 0.000000000000000000e+00 0.000000000000000000e+00 0.000000000000000000e+00 3.014842972165270862e-01 0.000000000000000000e+00
2.550000000000000266e+00 1.217460114995705212e+01 1.178945983747312631e+00 0.000000000000000000e+00 8.999999523162841575e-01 8.999999523162841575e-01 -2.428675458089634698e-01 0.000000000000000000e+00 0.000000000000000000e+00 0.000000000000000000e+00 3.816348009165645982e-01 0.000000000000000000e+00
2.560000000000000053e+00 1.217460114995705212e+01 1.176539908704127502e+00 0.000000000000000000e+00 8.999999523162841575e-01 8.999999523162841575e-01 -2.384309413591345905e-01 0.000000000000000000e+00 0.000000000000000000e+00 0.000000000000000000e+00 4.652738764934630789e-01 0.000000000000000000e+00
2.570000000000000284e+00 1.217460114995705212e+01 1.174182243030100770e+00 0.000000000000000000e+00 8.999999523162841575e-01 8.999999523162841575e-01 -2.332452403805194696e-01 0.000000000000000000e+00 0.000000000000000000e+00 0.000000000000000000e+00 5.360776551972010751e-01 0.000000000000000000e+00
2.580000000000000071e+00 1.217460114995705212e+01 1.171879919038445017e+00 0.000000000000000000e+00 8.999999523162841575e-01 8.999999523162841575e-01 -2.274235131173457936e-01 0.000000000000000000e+00 0.000000000000000000e+00 0.000000000000000000e+00 5.963496680954599727e-01 0.000000000000000000e+00
2.590000000000000302e+00 1.217460114995705212e+01 1.169636780691257760e+00 0.000000000000000000e+00 8.999999523162841575e-01 8.999999523162841575e-01 -2.215238615090135699e-01 0.000000000000000000e+00 0.000000000000000000e+00 0.000000000000000000e+00 5.875489420324241374e-01 0.000000000000000000e+00
2.600000000000000089e+00 1.217460114995705212e+01 1.167451477167436247e+00 0.000000000000000000e+00 8.999999523162841575e-01 8.999999523162841575e-01 -2.158618277811139019e-01 0.000000000000000000e+00 0.000000000000000000e+00 0.000000000000000000e+00 5.607298704471835871e-01 0.000000000000000000e+00
2.610000000000000320e+00 1.217460114995705212e+01 1.165321678423963281e+00 0.000000000000000000e+00 8.999999523162841575e-01 8.999999523162841575e-01 -2.103772676615286719e-01 0.000000000000000000e+00 0.000000000000000000e+00 0.000000000000000000e+00 5.477225336768494213e-01 0.000000000000000000e+00
2.620000000000000107e+00 1.217460114995705212e+01 1.163247320957491837e+00 0.000000000000000000e+00 8.999999523162841575e-01 8.999999523162841575e-01 -2.047090608487272256e-01 0.000000000000000000e+00 0.000000000000000000e+00 0.000000000000000000e+00 5.773762850045802697e-01 0.000000000000000000e+00
2.630000000000000338e+00 1.217460114995705212e+01 1.161232304462992637e+00 0.000000000000000000e+00 8.999999523162841575e-01 8.999999523162841575e-01 -1.985020920995287375e-01 0.000000000000000000e+00 0.000000000000000000e+00 0.000000000000000000e+00 6.372562479482132280e-01 0.000000000000000000e+00
