3.000000000000000236e-02 7.066628182910578815e+00 1.000000000000000000e+00 1.000000000000000000e+00 8.999999523162841575e-01 8.999999523162841575e-01 0.000000000000000000e+00 0.000000000000000000e+00 0.000000000000000000e+00 0.000000000000000000e+00 0.000000000000000000e+00 0.000000000000000000e+00
4.000000000000000083e-02 7.066628182910578815e+00 1.000000000000000000e+00 1.000000000000000000e+00 8.999999523162841575e-01 8.999999523162841575e-01 0.000000000000000000e+00 0.000000000000000000e+00 0.000000000000000000e+00 0.000000000000000000e+00 0.000000000000000000e+00 0.000000000000000000e+00
5.000000000000000278e-02 7.066628182910578815e+00 1.000000000000000000e+00 1.000000000000000000e+00 8.999999523162841575e-01 8.999999523162841575e-01 0.000000000000000000e+00 0.000000000000000000e+00 0.000000000000000000e+00 0.000000000000000000e+00 0.000000000000000000e+00 0.000000000000000000e+00
6.000000000000000472e-02 7.066628182910578815e+00 1.000000000000000000e+00 1.000000000000000000e+00 8.999999523162841575e-01 8.999999523162841575e-01 0.000000000000000000e+00 0.000000000000000000e+00 0.000000000000000000e+00 0.000000000000000000e+00 0.000000000000000000e+00 0.000000000000000000e+00
7.000000000000000666e-02 7.066628182910578815e+00 1.000000000000000000e+00 1.000000000000000000e+00 8.999999523162841575e-01 8.999999523162841575e-01 0.000000000000000000e+00 0.000000000000000000e+00 0.000000000000000000e+00 0.000000000000000000e+00 0.000000000000000000e+00 0.000000000000000000e+00
8.000000000000000167e-02 7.066628182910578815e+00 1.000000000000000000e+00 1.000000000000000000e+00 8.999999523162841575e-01 8.999999523162841575e-01 0.000000000000000000e+00 0.000000000000000000e+00 0.000000000000000000e+00 0.000000000000000000e+00 0.000000000000000000e+00 0.000000000000000000e+00
9.000000000000001055e-02 7.066628182910578815e+00 1.000000000000000000e+00 1.000000000000000000e+00 8.999999523162841575e-01 8.999999523162841575e-01 0.000000000000000000e+00 0.000000000000000000e+00 0.000000000000000000e+00 0.000000000000000000e+00 0.000000000000000000e+00 0.000000000000000000e+00
1.000000000000000056e-01 7.066628182910578815e+00 1.000000000000000000e+00 1.000000000000000000e+00 8.999999523162841575e-01 8.999999523162841575e-01 0.000000000000000000e+00 0.000000000000000000e+00 0.000000000000000000e+00 0.000000000000000000e+00 0.000000000000000000e+00 0.000000000000000000e+00
1.100000000000000006e-01 7.066628182910578815e+00 1.000000000000000000e+00 1.000000000000000000e+00 8.999999523162841575e-01 8.999999523162841575e-01 0.000000000000000000e+00 0.000000000000000000e+00 0.000000000000000000e+00 0.000000000000000000e+00 0.000000000000000000e+00 0.000000000000000000e+00
1.200000000000000094e-01 7.066628182910578815e+00 1.000000000000000000e+00 1.000000000000000000e+00 8.999999523162841575e-01 8.999999523162841575e-01 0.000000000000000000e+00 0.000000000000000000e+00 0.000000000000000000e+00 0.000000000000000000e+00 0.000000000000000000e+00 0.000000000000000000e+00
1.300000000000000044e-01 7.066628182910578815e+00 1.000000000000000000e+00 1.000000000000000000e+00 8.999999523162841575e-01 8.999999523162841575e-01 0.000000000000000000e+00 0.000000000000000000e+00 0.000000000000000000e+00 0.000000000000000000e+00 0.000000000000000000e+00 0.000000000000000000e+00
1.400000000000000133e-01 7.066628182910578815e+00 1.000000000000000000e+00 1.000000000000000000e+00 8.999999523162841575e-01 8.999999523162841575e-01 0.000000000000000000e+00 0.000000000000000000e+00 0.000000000000000000e+00 0.000000000000000000e+00 0.000000000000000000e+00 0.000000000000000000e+00
1.500000000000000222e-01 7.066628182910578815e+00 1.000000000000000000e+00 1.000000000000000000e+00 8.999999523162841575e-01 8.999999523162841575e-01 0.000000000000000000e+00 0.000000000000000000e+00 0.000000000000000000e+00 0.000000000000000000e+00 0.000000000000000000e+00 0.000000000000000000e+00
1.600000000000000033e-01 7.066628182910578815e+00 1.000000000000000000e+00 1.000000000000000000e+00 8.999999523162841575e-01 8.999999523162841575e-01 0.000000000000000000e+00 0.000000000000000000e+00 0.000000000000000000e+00 0.000000000000000000e+00 0.000000000000000000e+00 0.000000000000000000e+00
1.700000000000000122e-01 7.066628182910578815e+00 1.000000000000000000e+00 1.000000000000000000e+00 8.999999523162841575e-01 8.999999523162841575e-01 0.000000000000000000e+00 0.000000000000000000e+00 0.000000000000000000e+00 0.000000000000000000e+00 0.000000000000000000e+00 0.000000000000000000e+00
1.800000000000000211e-01 7.066628182910578815e+00 1.000000000000000000e+00 1.000000000000000000e+00 8.999999523162841575e-01 8.999999523162841575e-01 0.000000000000000000e+00 0.000000000000000000e+00 0.000000000000000000e+00 0.000000000000000000e+00 0.000000000000000000e+00 0.000000000000000000e+00
1.900000000000000022e-01 7.066628182910578815e+00 1.000000000000000000e+00 1.000000000000000000e+00 8.999999523162841575e-01 8.999999523162841575e-01 0.000000000000000000e+00 0.000000000000000000e+00 0.000000000000000000e+00 0.000000000000000000e+00 0.000000000000000000e+00 0.000000000000000000e+00
2.000000000000000111e-01 7.066628182910578815e+00 1.000000000000000000e+00 1.000000000000000000e+00 8.999999523162841575e-01 8.999999523162841575e-01 0.000000000000000000e+00 0.000000000000000000e+00 0.000000000000000000e+00 0.000000000000000000e+00 0.000000000000000000e+00 0.000000000000000000e+00
2.100000000000000200e-01 7.066628182910578815e+00 1.000000000000000000e+00 1.000000000000000000e+00 8.999999523162841575e-01 8.999999523162841575e-01 0.000000000000000000e+00 0.000000000000000000e+00 0.000000000000000000e+00 0.000000000000000000e+00 0.000000000000000000e+00 0.000000000000000000e+00
2.200000000000000011e-01 7.066628182910578815e+00 1.000000000000000000e+00 1.000000000000000000e+00 8.999999523162841575e-01 8.999999523162841575e-01 0.000000000000000000e+00 0.000000000000000000e+00 0.000000000000000000e+00 0.000000000000000000e+00 0.000000000000000000e+00 0.000000000000000000e+00
2.300000000000000100e-01 7.066628182910578815e+00 1.000000000000000000e+00 1.000000000000000000e+00 8.999999523162841575e-01 8.999999523162841575e-01 0.000000000000000000e+00 0.000000000000000000e+00 0.000000000000000000e+00 0.000000000000000000e+00 0.000000000000000000e+00 0.000000000000000000e+00
2.400000000000000189e-01 7.066628182910578815e+00 1.000000000000000000e+00 1.000000000000000000e+00 8.999999523162841575e-01 8.999999523162841575e-01 0.000000000000000000e+00 0.000000000000000000e+00 0.000000000000000000e+00 0.000000000000000000e+00 0.000000000000000000e+00 0.000000000000000000e+00
2.500000000000000000e-01 7.066628182910578815e+00 1.000000000000000000e+00 1.000000000000000000e+00 8.999999523162841575e-01 8.999999523162841575e-01 0.000000000000000000e+00 0.000000000000000000e+00 0.000000000000000000e+00 0.000000000000000000e+00 0.000000000000000000e+00 0.000000000000000000e+00
2.600000000000000089e-01 7.066628182910578815e+00 1.000000000000000000e+00 1.000000000000000000e+00 8.999999523162841575e-01 8.999999523162841575e-01 0.000000000000000000e+00 0.000000000000000000e+00 0.000000000000000000e+00 0.000000000000000000e+00 0.000000000000000000e+00 0.000000000000000000e+00
2.700000000000000178e-01 7.066628182910578815e+00 1.000000000000000000e+00 1.000000000000000000e+00 8.999999523162841575e-01 8.999999523162841575e-01 0.000000000000000000e+00 0.000000000000000000e+00 0.000000000000000000e+00 0.000000000000000000e+00 0.000000000000000000e+00 0.000000000000000000e+00
2.800000000000000266e-01 7.066628182910578815e+00 1.000000000000000000e+00 1.000000000000000000e+00 8.999999523162841575e-01 8.999999523162841575e-01 0.000000000000000000e+00 0.000000000000000000e+00 0.000000000000000000e+00 0.000000000000000000e+00 0.000000000000000000e+00 0.000000000000000000e+00
2.900000000000000355e-01 7.066628182910578815e+00 1.000000000000000000e+00 1.000000000000000000e+00 8.999999523162841575e-01 8.999999523162841575e-01 0.000000000000000000e+00 0.000000000000000000e+00 0.000000000000000000e+00 0.000000000000000000e+00 0.000000000000000000e+00 0.000000000000000000e+00
3.000000000000000444e-01 7.066628182910578815e+00 1.000000000000000000e+00 1.000000000000000000e+00 8.999999523162841575e-01 8.999999523162841575e-01 0.000000000000000000e+00 0.000000000000000000e+00 0.000000000000000000e+00 0.000000000000000000e+00 0.000000000000000000e+00 0.000000000000000000e+00
3.099999999999999978e-01 7.066628182910578815e+00 1.000000000000000000e+00 1.000000000000000000e+00 8.999999523162841575e-01 8.999999523162841575e-01 0.000000000000000000e+00 0.000000000000000000e+00 0.000000000000000000e+00 0.000000000000000000e+00 0.000000000000000000e+00 0.000000000000000000e+00
3.200000000000000067e-01 7.066628182910578815e+00 1.000000000000000000e+00 1.000000000000000000e+00 8.999999523162841575e-01 8.999999523162841575e-01 0.000000000000000000e+00 0.000000000000000000e+00 0.000000000000000000e+00 0.000000000000000000e+00 0.000000000000000000e+00 0.000000000000000000e+00
3.300000000000000155e-01 7.066628182910578815e+00 1.000000000000000000e+00 1.000000000000000000e+00 8.999999523162841575e-01 8.999999523162841575e-01 0.000000000000000000e+00 0.000000000000000000e+00 0.000000000000000000e+00 0.000000000000000000e+00 0.000000000000000000e+00 0.000000000000000000e+00
3.400000000000000244e-01 7.066628182910578815e+00 1.000000000000000000e+00 1.000000000000000000e+00 8.999999523162841575e-01 8.999999523162841575e-01 0.000000000000000000e+00 0.000000000000000000e+00 0.000000000000000000e+00 0.000000000000000000e+00 0.000000000000000000e+00 0.000000000000000000e+00
3.500000000000000333e-01 7.066628182910578815e+00 1.000000000000000000e+00 1.000000000000000000e+00 8.999999523162841575e-01 8.999999523162841575e-01 0.000000000000000000e+00 0.000000000000000000e+00 0.000000000000000000e+00 0.000000000000000000e+00 0.000000000000000000e+00 0.000000000000000000e+00
3.600000000000000422e-01 7.066628182910578815e+00 1.000000000000000000e+00 1.000000000000000000e+00 8.999999523162841575e-01 8.999999523162841575e-01 0.000000000000000000e+00 0.000000000000000000e+00 0.000000000000000000e+00 0.000000000000000000e+00 0.000000000000000000e+00 0.000000000000000000e+00
3.699999999999999956e-01 7.066628182910578815e+00 1.000000000000000000e+00 1.000000000000000000e+00 8.999999523162841575e-01 8.999999523162841575e-01 0.000000000000000000e+00 0.000000000000000000e+00 0.000000000000000000e+00 0.000000000000000000e+00 0.000000000000000000e+00 0.000000000000000000e+00
3.800000000000000044e-01 7.066628182910578815e+00 1.000000000000000000e+00 1.000000000000000000e+00 8.999999523162841575e-01 8.999999523162841575e-01 0.000000000000000000e+00 0.000000000000000000e+00 0.000000000000000000e+00 0.000000000000000000e+00 0.000000000000000000e+00 0.000000000000000000e+00
3.900000000000000133e-01 7.066628182910578815e+00 1.000000000000000000e+00 1.000000000000000000e+00 8.999999523162841575e-01 8.999999523162841575e-01 0.000000000000000000e+00 0.000000000000000000e+00 0.000000000000000000e+00 0.000000000000000000e+00 0.000000000000000000e+00 0.000000000000000000e+00
4.000000000000000222e-01 7.066628182910578815e+00 1.000000000000000000e+00 1.000000000000000000e+00 8.999999523162841575e-01 8.999999523162841575e-01 0.000000000000000000e+00 0.000000000000000000e+00 0.000000000000000000e+00 0.000000000000000000e+00 0.000000000000000000e+00 0.000000000000000000e+00
4.100000000000000311e-01 7.066628182910578815e+00 1.000000000000000000e+00 1.000000000000000000e+00 8.999999523162841575e-01 8.999999523162841575e-01 0.000000000000000000e+00 0.000000000000000000e+00 0.000000000000000000e+00 0.000000000000000000e+00 0.000000000000000000e+00 0.000000000000000000e+00
4.200000000000000400e-01 7.066628182910578815e+00 1.000000000000000000e+00 1.000000000000000000e+00 8.999999523162841575e-01 8.999999523162841575e-01 0.000000000000000000e+00 0.000000000000000000e+00 0.000000000000000000e+00 0.000000000000000000e+00 0.000000000000000000e+00 0.000000000000000000e+00
4.300000000000000488e-01 7.066628182910578815e+00 1.000000000000000000e+00 1.000000000000000000e+00 8.999999523162841575e-01 8.999999523162841575e-01 0.000000000000000000e+00 0.000000000000000000e+00 0.000000000000000000e+00 0.000000000000000000e+00 0.000000000000000000e+00 0.000000000000000000e+00
