1.600000000000000033e-01 3.132979734203884981e+00 1.000000000000000000e+00 1.000000000000000000e+00 0.000000000000000000e+00 0.000000000000000000e+00 0.000000000000000000e+00 0.000000000000000000e+00 -3.898979485566356207e-01 -3.898979485566356207e-01 0.000000000000000000e+00 0.000000000000000000e+00
1.700000000000000122e-01 1.217460114995705212e+01 1.000000000000000000e+00 1.000000000000000000e+00 8.999999523162841575e-01 8.999999523162841575e-01 0.000000000000000000e+00 0.000000000000000000e+00 0.000000000000000000e+00 0.000000000000000000e+00 0.000000000000000000e+00 0.000000000000000000e+00
1.800000000000000211e-01 1.217460114995705212e+01 1.000000000000000000e+00 1.000000000000000000e+00 8.999999523162841575e-01 8.999999523162841575e-01 0.000000000000000000e+00 0.000000000000000000e+00 0.000000000000000000e+00 0.000000000000000000e+00 0.000000000000000000e+00 0.000000000000000000e+00
1.900000000000000022e-01 1.217460114995705212e+01 1.000000000000000000e+00 1.000000000000000000e+00 8.999999523162841575e-01 8.999999523162841575e-01 0.000000000000000000e+00 0.000000000000000000e+00 0.000000000000000000e+00 0.000000000000000000e+00 0.000000000000000000e+00 0.000000000000000000e+00
2.000000000000000111e-01 1.217460114995705212e+01 1.000000000000000000e+00 1.000000000000000000e+00 8.999999523162841575e-01 8.999999523162841575e-01 0.000000000000000000e+00 0.000000000000000000e+00 0.000000000000000000e+00 0.000000000000000000e+00 0.000000000000000000e+00 0.000000000000000000e+00
2.100000000000000200e-01 1.217460114995705212e+01 1.000000000000000000e+00 1.000000000000000000e+00 8.999999523162841575e-01 8.999999523162841575e-01 0.000000000000000000e+00 0.000000000000000000e+00 0.000000000000000000e+00 0.000000000000000000e+00 0.000000000000000000e+00 0.000000000000000000e+00
2.200000000000000011e-01 1.217460114995705212e+01 1.000000000000000000e+00 1.000000000000000000e+00 8.999999523162841575e-01 8.999999523162841575e-01 0.000000000000000000e+00 0.000000000000000000e+00 0.000000000000000000e+00 0.000000000000000000e+00 0.000000000000000000e+00 0.000000000000000000e+00
2.300000000000000100e-01 1.217460114995705212e+01 1.000000000000000000e+00 1.000000000000000000e+00 8.999999523162841575e-01 8.999999523162841575e-01 0.000000000000000000e+00 0.000000000000000000e+00 0.000000000000000000e+00 0.000000000000000000e+00 0.000000000000000000e+00 0.000000000000000000e+00
2.400000000000000189e-01 1.217460114995705212e+01 1.000000000000000000e+00 1.000000000000000000e+00 8.999999523162841575e-01 8.999999523162841575e-01 0.000000000000000000e+00 0.000000000000000000e+00 0.000000000000000000e+00 0.000000000000000000e+00 0.000000000000000000e+00 0.000000000000000000e+00
2.500000000000000000e-01 1.217460114995705212e+01 1.000000000000000000e+00 1.000000000000000000e+00 8.999999523162841575e-01 8.999999523162841575e-01 0.000000000000000000e+00 0.000000000000000000e+00 0.000000000000000000e+00 0.000000000000000000e+00 0.000000000000000000e+00 0.000000000000000000e+00
2.600000000000000089e-01 1.217460114995705212e+01 1.000000000000000000e+00 1.000000000000000000e+00 8.999999523162841575e-01 8.999999523162841575e-01 0.000000000000000000e+00 0.000000000000000000e+00 0.000000000000000000e+00 0.000000000000000000e+00 0.000000000000000000e+00 0.000000000000000000e+00
2.700000000000000178e-01 1.217460114995705212e+01 1.000000000000000000e+00 1.000000000000000000e+00 8.999999523162841575e-01 8.999999523162841575e-01 0.000000000000000000e+00 0.000000000000000000e+00 0.000000000000000000e+00 0.000000000000000000e+00 0.000000000000000000e+00 0.000000000000000000e+00
2.800000000000000266e-01 1.217460114995705212e+01 1.000000000000000000e+00 1.000000000000000000e+00 8.999999523162841575e-01 8.999999523162841575e-01 0.000000000000000000e+00 0.000000000000000000e+00 0.000000000000000000e+00 0.000000000000000000e+00 0.000000000000000000e+00 0.000000000000000000e+00
2.900000000000000355e-01 1.217460114995705212e+01 1.000000000000000000e+00 1.000000000000000000e+00 8.999999523162841575e-01 8.999999523162841575e-01 0.000000000000000000e+00 0.000000000000000000e+00 0.000000000000000000e+00 0.000000000000000000e+00 0.000000000000000000e+00 0.000000000000000000e+00
3.000000000000000444e-01 1.217460114995705212e+01 1.000000000000000000e+00 1.000000000000000000e+00 8.999999523162841575e-01 8.999999523162841575e-01 0.000000000000000000e+00 0.000000000000000000e+00 0.000000000000000000e+00 0.000000000000000000e+00 0.000000000000000000e+00 0.000000000000000000e+00
3.099999999999999978e-01 1.217460114995705212e+01 1.000000000000000000e+00 1.000000000000000000e+00 8.999999523162841575e-01 8.999999523162841575e-01 0.000000000000000000e+00 0.000000000000000000e+00 0.000000000000000000e+00 0.000000000000000000e+00 0.000000000000000000e+00 0.000000000000000000e+00
3.200000000000000067e-01 1.217460114995705212e+01 1.000000000000000000e+00 1.000000000000000000e+00 8.999999523162841575e-01 8.999999523162841575e-01 0.000000000000000000e+00 0.000000000000000000e+00 0.000000000000000000e+00 0.000000000000000000e+00 0.000000000000000000e+00 0.000000000000000000e+00
3.300000000000000155e-01 1.217460114995705212e+01 1.000000000000000000e+00 1.000000000000000000e+00 8.999999523162841575e-01 8.999999523162841575e-01 0.000000000000000000e+00 0.000000000000000000e+00 0.000000000000000000e+00 0.000000000000000000e+00 0.000000000000000000e+00 0.000000000000000000e+00
3.400000000000000244e-01 1.217460114995705212e+01 1.000000000000000000e+00 1.000000000000000000e+00 8.999999523162841575e-01 8.999999523162841575e-01 0.000000000000000000e+00 0.000000000000000000e+00 0.000000000000000000e+00 0.000000000000000000e+00 0.000000000000000000e+00 0.000000000000000000e+00
3.500000000000000333e-01 1.217460114995705212e+01 1.000000000000000000e+00 1.000000000000000000e+00 8.999999523162841575e-01 8.999999523162841575e-01 0.000000000000000000e+00 0.000000000000000000e+00 0.000000000000000000e+00 0.000000000000000000e+00 0.000000000000000000e+00 0.000000000000000000e+00
3.600000000000000422e-01 1.217460114995705212e+01 1.000000000000000000e+00 1.000000000000000000e+00 8.999999523162841575e-01 8.999999523162841575e-01 0.000000000000000000e+00 0.000000000000000000e+00 0.000000000000000000e+00 0.000000000000000000e+00 0.000000000000000000e+00 0.000000000000000000e+00
3.699999999999999956e-01 1.217460114995705212e+01 1.000000000000000000e+00 1.000000000000000000e+00 8.999999523162841575e-01 8.999999523162841575e-01 0.000000000000000000e+00 0.000000000000000000e+00 0.000000000000000000e+00 0.000000000000000000e+00 0.000000000000000000e+00 0.000000000000000000e+00
3.800000000000000044e-01 1.217460114995705212e+01 1.000000000000000000e+00 1.000000000000000000e+00 8.999999523162841575e-01 8.999999523162841575e-01 0.000000000000000000e+00 0.000000000000000000e+00 0.000000000000000000e+00 0.000000000000000000e+00 0.000000000000000000e+00 0.000000000000000000e+00
3.900000000000000133e-01 1.217460114995705212e+01 1.000000000000000000e+00 1.000000000000000000e+00 8.999999523162841575e-01 8.999999523162841575e-01 0.000000000000000000e+00 0.000000000000000000e+00 0.000000000000000000e+00 0.000000000000000000e+00 0.000000000000000000e+00 0.000000000000000000e+00
4.000000000000000222e-01 1.217460114995705212e+01 1.000000000000000000e+00 1.000000000000000000e+00 8.999999523162841575e-01 8.999999523162841575e-01 0.000000000000000000e+00 0.000000000000000000e+00 0.000000000000000000e+00 0.000000000000000000e+00 0.000000000000000000e+00 0.000000000000000000e+00
4.100000000000000311e-01 1.217460114995705212e+01 1.000000000000000000e+00 1.000000000000000000e+00 8.999999523162841575e-01 8.999999523162841575e-01 0.000000000000000000e+00 0.000000000000000000e+00 0.000000000000000000e+00 0.000000000000000000e+00 0.000000000000000000e+00 0.000000000000000000e+00
4.200000000000000400e-01 1.217460114995705212e+01 1.000000000000000000e+00 1.000000000000000000e+00 8.999999523162841575e-01 8.999999523162841575e-01 0.000000000000000000e+00 0.000000000000000000e+00 0.000000000000000000e+00 0.000000000000000000e+00 0.000000000000000000e+00 0.000000000000000000e+00
4.300000000000000488e-01 1.217460114995705212e+01 1.000000000000000000e+00 1.000000000000000000e+00 8.999999523162841575e-01 8.999999523162841575e-01 0.000000000000000000e+00 0.000000000000000000e+00 0.000000000000000000e+00 0.000000000000000000e+00 0.000000000000000000e+00 0.000000000000000000e+00
4.400000000000000022e-01 1.217460114995705212e+01 1.000000000000000000e+00 1.000000000000000000e+00 8.999999523162841575e-01 8.999999523162841575e-01 0.000000000000000000e+00 0.000000000000000000e+00 0.000000000000000000e+00 0.000000000000000000e+00 0.000000000000000000e+00 0.000000000000000000e+00
4.500000000000000111e-01 1.217460114995705212e+01 1.000000000000000000e+00 1.000000000000000000e+00 8.999999523162841575e-01 8.999999523162841575e-01 0.000000000000000000e+00 0.000000000000000000e+00 0.000000000000000000e+00 0.000000000000000000e+00 0.000000000000000000e+00 0.000000000000000000e+00
4.600000000000000200e-01 1.217460114995705212e+01 1.000000000000000000e+00 1.000000000000000000e+00 8.999999523162841575e-01 8.999999523162841575e-01 0.000000000000000000e+00 0.000000000000000000e+00 0.000000000000000000e+00 0.000000000000000000e+00 0.000000000000000000e+00 0.000000000000000000e+00
4.700000000000000289e-01 1.217460114995705212e+01 1.000000000000000000e+00 1.000000000000000000e+00 8.999999523162841575e-01 8.999999523162841575e-01 0.000000000000000000e+00 0.000000000000000000e+00 0.000000000000000000e+00 0.000000000000000000e+00 0.000000000000000000e+00 0.000000000000000000e+00
4.800000000000000377e-01 1.217460114995705212e+01 1.000000000000000000e+00 1.000000000000000000e+00 8.999999523162841575e-01 8.999999523162841575e-01 0.000000000000000000e+00 0.000000000000000000e+00 0.000000000000000000e+00 0.000000000000000000e+00 0.000000000000000000e+00 0.000000000000000000e+00
4.900000000000000466e-01 1.217460114995705212e+01 1.000000000000000000e+00 1.000000000000000000e+00 8.999999523162841575e-01 8.999999523162841575e-01 0.000000000000000000e+00 0.000000000000000000e+00 0.000000000000000000e+00 0.000000000000000000e+00 0.000000000000000000e+00 0.000000000000000000e+00
5.000000000000000000e-01 1.217460114995705212e+01 1.000000000000000000e+00 1.000000000000000000e+00 8.999999523162841575e-01 8.999999523162841575e-01 0.000000000000000000e+00 0.000000000000000000e+00 0.000000000000000000e+00 0.000000000000000000e+00 0.000000000000000000e+00 0.000000000000000000e+00
5.104999989999999821e-01 1.217460114995705212e+01 1.000000000000000000e+00 1.000000000000000000e+00 8.999999523162841575e-01 8.999999523162841575e-01 0.000000000000000000e+00 0.000000000000000000e+00 0.000000000000000000e+00 0.000000000000000000e+00 0.000000000000000000e+00 0.000000000000000000e+00
5.204999989999999910e-01 1.217460114995705212e+01 1.000000000000000000e+00 1.000000000000000000e+00 8.999999523162841575e-01 8.999999523162841575e-01 0.000000000000000000e+00 0.000000000000000000e+00 0.000000000000000000e+00 0.000000000000000000e+00 0.000000000000000000e+00 0.000000000000000000e+00
5.304999989999999999e-01 1.217460114995705212e+01 1.000000000000000000e+00 1.000000000000000000e+00 8.999999523162841575e-01 8.999999523162841575e-01 0.000000000000000000e+00 0.000000000000000000e+00 0.000000000000000000e+00 0.000000000000000000e+00 0.000000000000000000e+00 0.000000000000000000e+00
5.404999990000000087e-01 1.217460114995705212e+01 1.000000000000000000e+00 1.000000000000000000e+00 8.999999523162841575e-01 8.999999523162841575e-01 0.000000000000000000e+00 0.000000000000000000e+00 0.000000000000000000e+00 0.000000000000000000e+00 0.000000000000000000e+00 0.000000000000000000e+00
5.504999990000000176e-01 1.217460114995705212e+01 1.000000000000000000e+00 1.000000000000000000e+00 8.999999523162841575e-01 8.999999523162841575e-01 0.000000000000000000e+00 0.000000000000000000e+00 0.000000000000000000e+00 0.000000000000000000e+00 0.000000000000000000e+00 0.000000000000000000e+00
5.604999990000000265e-01 1.217460114995705212e+01 1.000000000000000000e+00 1.000000000000000000e+00 8.999999523162841575e-01 8.999999523162841575e-01 0.000000000000000000e+00 0.000000000000000000e+00 0.000000000000000000e+00 0.000000000000000000e+00 0.000000000000000000e+00 0.000000000000000000e+00
5.704999990000000354e-01 1.217460114995705212e+01 1.000000000000000000e+00 1.000000000000000000e+00 8.999999523162841575e-01 8.999999523162841575e-01 0.000000000000000000e+00 0.000000000000000000e+00 0.000000000000000000e+00 0.000000000000000000e+00 0.000000000000000000e+00 0.000000000000000000e+00
5.804999990000000443e-01 1.217460114995705212e+01 1.000000000000000000e+00 1.000000000000000000e+00 8.999999523162841575e-01 8.999999523162841575e-01 0.000000000000000000e+00 0.000000000000000000e+00 0.000000000000000000e+00 0.000000000000000000e+00 0.000000000000000000e+00 0.000000000000000000e+00
5.904999990000000532e-01 1.217460114995705212e+01 1.000000000000000000e+00 1.000000000000000000e+00 8.999999523162841575e-01 8.999999523162841575e-01 0.000000000000000000e+00 0.000000000000000000e+00 0.000000000000000000e+00 0.000000000000000000e+00 0.000000000000000000e+00 0.000000000000000000e+00
6.004999990000000620e-01 1.217460114995705212e+01 1.000000000000000000e+00 1.000000000000000000e+00 8.999999523162841575e-01 8.999999523162841575e-01 0.000000000000000000e+00 0.000000000000000000e+00 0.000000000000000000e+00 0.000000000000000000e+00 0.000000000000000000e+00 0.000000000000000000e+00
6.104999990000000709e-01 1.217460114995705212e+01 1.000000000000000000e+00 1.000000000000000000e+00 8.999999523162841575e-01 8.999999523162841575e-01 0.000000000000000000e+00 0.000000000000000000e+00 0.000000000000000000e+00 0.000000000000000000e+00 0.000000000000000000e+00 0.000000000000000000e+00
6.204999990000000798e-01 1.217460114995705212e+01 1.000000000000000000e+00 1.000000000000000000e+00 8.999999523162841575e-01 8.999999523162841575e-01 0.000000000000000000e+00 0.000000000000000000e+00 0.000000000000000000e+00 0.000000000000000000e+00 0.000000000000000000e+00 0.000000000000000000e+00
6.304999990000000887e-01 1.217460114995705212e+01 1.000000000000000000e+00 1.000000000000000000e+00 8.999999523162841575e-01 8.999999523162841575e-01 0.000000000000000000e+00 0.000000000000000000e+00 0.000000000000000000e+00 0.000000000000000000e+00 0.000000000000000000e+00 0.000000000000000000e+00
6.404999989999999865e-01 1.217460114995705212e+01 1.000000000000000000e+00 1.000000000000000000e+00 8.999999523162841575e-01 8.999999523162841575e-01 0.000000000000000000e+00 0.000000000000000000e+00 0.000000000000000000e+00 0.000000000000000000e+00 0.000000000000000000e+00 0.000000000000000000e+00
6.504999989999999954e-01 1.217460114995705212e+01 1.000000000000000000e+00 1.000000000000000000e+00 8.999999523162841575e-01 8.999999523162841575e-01 0.000000000000000000e+00 0.000000000000000000e+00 0.000000000000000000e+00 0.000000000000000000e+00 0.000000000000000000e+00 0.000000000000000000e+00
6.604999990000000043e-01 1.217460114995705212e+01 1.000000000000000000e+00 1.000000000000000000e+00 8.999999523162841575e-01 8.999999523162841575e-01 0.000000000000000000e+00 0.000000000000000000e+00 0.000000000000000000e+00 0.000000000000000000e+00 0.000000000000000000e+00 0.000000000000000000e+00
6.704999990000000132e-01 1.217460114995705212e+01 1.000000000000000000e+00 1.000000000000000000e+00 8.999999523162841575e-01 8.999999523162841575e-01 0.000000000000000000e+00 0.000000000000000000e+00 0.000000000000000000e+00 0.000000000000000000e+00 0.000000000000000000e+00 0.000000000000000000e+00
6.804999990000000221e-01 1.217460114995705212e+01 1.000000000000000000e+00 1.000000000000000000e+00 8.999999523162841575e-01 8.999999523162841575e-01 0.000000000000000000e+00 0.000000000000000000e+00 0.000000000000000000e+00 0.000000000000000000e+00 0.000000000000000000e+00 0.000000000000000000e+00
6.904999990000000309e-01 1.217460114995705212e+01 1.000000000000000000e+00 1.000000000000000000e+00 8.999999523162841575e-01 8.999999523162841575e-01 0.000000000000000000e+00 0.000000000000000000e+00 0.000000000000000000e+00 0.000000000000000000e+00 0.000000000000000000e+00 0.000000000000000000e+00
7.004999990000000398e-01 1.217460114995705212e+01 1.000000000000000000e+00 1.000000000000000000e+00 8.999999523162841575e-01 8.999999523162841575e-01 0.000000000000000000e+00 0.000000000000000000e+00 0.000000000000000000e+00 0.000000000000000000e+00 0.000000000000000000e+00 0.000000000000000000e+00
7.104999990000000487e-01 1.217460114995705212e+01 1.000000000000000000e+00 1.000000000000000000e+00 8.999999523162841575e-01 8.999999523162841575e-01 0.000000000000000000e+00 0.000000000000000000e+00 0.000000000000000000e+00 0.000000000000000000e+00 0.000000000000000000e+00 0.000000000000000000e+00
7.204999990000000576e-01 1.217460114995705212e+01 1.000000000000000000e+00 1.000000000000000000e+00 8.999999523162841575e-01 8.999999523162841575e-01 0.000000000000000000e+00 0.000000000000000000e+00 0.000000000000000000e+00 0.000000000000000000e+00 0.000000000000000000e+00 0.000000000000000000e+00
7.304999990000000665e-01 1.217460114995705212e+01 1.000000000000000000e+00 1.000000000000000000e+00 8.999999523162841575e-01 8.999999523162841575e-01 0.000000000000000000e+00 0.000000000000000000e+00 0.000000000000000000e+00 0.000000000000000000e+00 0.000000000000000000e+00 0.000000000000000000e+00
7.404999990000000754e-01 1.217460114995705212e+01 1.000000000000000000e+00 1.000000000000000000e+00 8.999999523162841575e-01 8.999999523162841575e-01 0.000000000000000000e+00 0.000000000000000000e+00 0.000000000000000000e+00 0.000000000000000000e+00 0.000000000000000000e+00 0.000000000000000000e+00
7.504999990000000842e-01 1.217460114995705212e+01 1.000000000000000000e+00 1.000000000000000000e+00 8.999999523162841575e-01 8.999999523162841575e-01 0.000000000000000000e+00 0.000000000000000000e+00 0.000000000000000000e+00 0.000000000000000000e+00 0.000000000000000000e+00 0.000000000000000000e+00
7.604999990000000931e-01 1.217460114995705212e+01 1.000000000000000000e+00 1.000000000000000000e+00 8.999999523162841575e-01 8.999999523162841575e-01 0.000000000000000000e+00 0.000000000000000000e+00 0.000000000000000000e+00 0.000000000000000000e+00 0.000000000000000000e+00 0.000000000000000000e+00
7.704999990000001020e-01 1.217460114995705212e+01 1.000000000000000000e+00 1.000000000000000000e+00 8.999999523162841575e-01 8.999999523162841575e-01 0.000000000000000000e+00 0.000000000000000000e+00 0.000000000000000000e+00 0.000000000000000000e+00 0.000000000000000000e+00 0.000000000000000000e+00
7.804999989999999999e-01 1.217460114995705212e+01 1.000000000000000000e+00 1.000000000000000000e+00 8.999999523162841575e-01 8.999999523162841575e-01 0.000000000000000000e+00 0.000000000000000000e+00 0.000000000000000000e+00 0.000000000000000000e+00 0.000000000000000000e+00 0.000000000000000000e+00
7.904999990000000087e-01 1.217460114995705212e+01 1.000000000000000000e+00 1.000000000000000000e+00 8.999999523162841575e-01 8.999999523162841575e-01 0.000000000000000000e+00 0.000000000000000000e+00 0.000000000000000000e+00 0.000000000000000000e+00 0.000000000000000000e+00 0.000000000000000000e+00
8.004999990000000176e-01 1.217460114995705212e+01 1.000000000000000000e+00 1.000000000000000000e+00 8.999999523162841575e-01 8.999999523162841575e-01 0.000000000000000000e+00 0.000000000000000000e+00 0.000000000000000000e+00 0.000000000000000000e+00 0.000000000000000000e+00 0.000000000000000000e+00
8.104999990000000265e-01 1.217460114995705212e+01 1.000000000000000000e+00 1.000000000000000000e+00 8.999999523162841575e-01 8.999999523162841575e-01 0.000000000000000000e+00 0.000000000000000000e+00 0.000000000000000000e+00 0.000000000000000000e+00 0.000000000000000000e+00 0.000000000000000000e+00
8.204999990000000354e-01 1.217460114995705212e+01 1.000000000000000000e+00 1.000000000000000000e+00 8.999999523162841575e-01 8.999999523162841575e-01 0.000000000000000000e+00 0.000000000000000000e+00 0.000000000000000000e+00 0.000000000000000000e+00 0.000000000000000000e+00 0.000000000000000000e+00
8.304999990000000443e-01 1.217460114995705212e+01 1.000000000000000000e+00 1.000000000000000000e+00 8.999999523162841575e-01 8.999999523162841575e-01 0.000000000000000000e+00 0.000000000000000000e+00 0.000000000000000000e+00 0.000000000000000000e+00 0.000000000000000000e+00 0.000000000000000000e+00
8.404999990000000532e-01 1.217460114995705212e+01 1.000000000000000000e+00 1.000000000000000000e+00 8.999999523162841575e-01 8.999999523162841575e-01 0.000000000000000000e+00 0.000000000000000000e+00 0.000000000000000000e+00 0.000000000000000000e+00 0.000000000000000000e+00 0.000000000000000000e+00
8.504999990000000620e-01 1.217460114995705212e+01 1.000000000000000000e+00 1.000000000000000000e+00 8.999999523162841575e-01 8.999999523162841575e-01 0.000000000000000000e+00 0.000000000000000000e+00 0.000000000000000000e+00 0.000000000000000000e+00 0.000000000000000000e+00 0.000000000000000000e+00
8.604999990000000709e-01 1.217460114995705212e+01 1.000000000000000000e+00 1.000000000000000000e+00 8.999999523162841575e-01 8.999999523162841575e-01 0.000000000000000000e+00 0.000000000000000000e+00 0.000000000000000000e+00 0.000000000000000000e+00 0.000000000000000000e+00 0.000000000000000000e+00
8.704999990000000798e-01 1.217460114995705212e+01 1.000000000000000000e+00 1.000000000000000000e+00 8.999999523162841575e-01 8.999999523162841575e-01 0.000000000000000000e+00 0.000000000000000000e+00 0.000000000000000000e+00 0.000000000000000000e+00 0.000000000000000000e+00 0.000000000000000000e+00
8.804999990000000887e-01 1.217460114995705212e+01 1.000000000000000000e+00 1.000000000000000000e+00 8.999999523162841575e-01 8.999999523162841575e-01 0.000000000000000000e+00 0.000000000000000000e+00 0.000000000000000000e+00 0.000000000000000000e+00 0.000000000000000000e+00 0.000000000000000000e+00
8.904999990000000976e-01 1.217460114995705212e+01 1.000000000000000000e+00 1.000000000000000000e+00 8.999999523162841575e-01 8.999999523162841575e-01 0.000000000000000000e+00 0.000000000000000000e+00 0.000000000000000000e+00 0.000000000000000000e+00 0.000000000000000000e+00 0.000000000000000000e+00
9.004999990000001064e-01 1.217460114995705212e+01 1.000000000000000000e+00 1.000000000000000000e+00 8.999999523162841575e-01 8.999999523162841575e-01 0.000000000000000000e+00 0.000000000000000000e+00 0.000000000000000000e+00 0.000000000000000000e+00 0.000000000000000000e+00 0.000000000000000000e+00
9.104999990000000043e-01 1.217460114995705212e+01 1.000000000000000000e+00 1.000000000000000000e+00 8.999999523162841575e-01 8.999999523162841575e-01 0.000000000000000000e+00 0.000000000000000000e+00 0.000000000000000000e+00 0.000000000000000000e+00 0.000000000000000000e+00 0.000000000000000000e+00
9.204999990000000132e-01 1.217460114995705212e+01 1.000000000000000000e+00 1.000000000000000000e+00 8.999999523162841575e-01 8.999999523162841575e-01 0.000000000000000000e+00 0.000000000000000000e+00 0.000000000000000000e+00 0.000000000000000000e+00 0.000000000000000000e+00 0.000000000000000000e+00
9.304999990000000221e-01 1.217460114995705212e+01 1.000000000000000000e+00 1.000000000000000000e+00 8.999999523162841575e-01 8.999999523162841575e-01 0.000000000000000000e+00 0.000000000000000000e+00 0.000000000000000000e+00 0.000000000000000000e+00 0.000000000000000000e+00 0.000000000000000000e+00
9.404999990000000309e-01 1.217460114995705212e+01 1.000000000000000000e+00 1.000000000000000000e+00 8.999999523162841575e-01 8.999999523162841575e-01 0.000000000000000000e+00 0.000000000000000000e+00 0.000000000000000000e+00 0.000000000000000000e+00 0.000000000000000000e+00 0.000000000000000000e+00
9.504999990000000398e-01 1.217460114995705212e+01 1.000000000000000000e+00 1.000000000000000000e+00 8.999999523162841575e-01 8.999999523162841575e-01 0.000000000000000000e+00 0.000000000000000000e+00 0.000000000000000000e+00 0.000000000000000000e+00 0.000000000000000000e+00 0.000000000000000000e+00
9.604999990000000487e-01 1.217460114995705212e+01 1.000000000000000000e+00 1.000000000000000000e+00 8.999999523162841575e-01 8.999999523162841575e-01 0.000000000000000000e+00 0.000000000000000000e+00 0.000000000000000000e+00 0.000000000000000000e+00 0.000000000000000000e+00 0.000000000000000000e+00
9.704999990000000576e-01 1.217460114995705212e+01 1.000000000000000000e+00 1.000000000000000000e+00 8.999999523162841575e-01 8.999999523162841575e-01 0.000000000000000000e+00 0.000000000000000000e+00 0.000000000000000000e+00 0.000000000000000000e+00 0.000000000000000000e+00 0.000000000000000000e+00
9.804999990000000665e-01 1.217460114995705212e+01 1.000000000000000000e+00 1.000000000000000000e+00 8.999999523162841575e-01 8.999999523162841575e-01 0.000000000000000000e+00 0.000000000000000000e+00 0.000000000000000000e+00 0.000000000000000000e+00 0.000000000000000000e+00 0.000000000000000000e+00
9.904999990000000754e-01 1.217460114995705212e+01 1.000000000000000000e+00 1.000000000000000000e+00 8.999999523162841575e-01 8.999999523162841575e-01 0.000000000000000000e+00 0.000000000000000000e+00 0.000000000000000000e+00 0.000000000000000000e+00 0.000000000000000000e+00 0.000000000000000000e+00
1.000499999000000084e+00 1.217460114995705212e+01 1.000000000000000000e+00 1.000000000000000000e+00 8.999999523162841575e-01 8.999999523162841575e-01 0.000000000000000000e+00 0.000000000000000000e+00 0.000000000000000000e+00 0.000000000000000000e+00 0.000000000000000000e+00 0.000000000000000000e+00
1.010499999000000093e+00 1.217460114995705212e+01 1.000000000000000000e+00 1.000000000000000000e+00 8.999999523162841575e-01 8.999999523162841575e-01 0.000000000000000000e+00 0.000000000000000000e+00 0.000000000000000000e+00 0.000000000000000000e+00 0.000000000000000000e+00 0.000000000000000000e+00
1.020499999000000102e+00 1.217460114995705212e+01 1.000000000000000000e+00 1.000000000000000000e+00 8.999999523162841575e-01 8.999999523162841575e-01 0.000000000000000000e+00 0.000000000000000000e+00 0.000000000000000000e+00 0.000000000000000000e+00 0.000000000000000000e+00 0.000000000000000000e+00
1.030499999000000111e+00 1.217460114995705212e+01 1.000000348733684818e+00 1.000000000000000000e+00 8.999999523162841575e-01 8.999999523162841575e-01 1.859909404267262112e-04 0.000000000000000000e+00 0.000000000000000000e+00 0.000000000000000000e+00 3.678941489227410128e-02 0.000000000000000000e+00
1.040499999000000120e+00 1.217460114995705212e+01 1.000013999507004758e+00 1.000000000000000000e+00 8.999999523162841575e-01 8.999999523162841575e-01 3.155071502725440447e-03 0.000000000000000000e+00 0.000000000000000000e+00 0.000000000000000000e+00 4.161790033487126061e-01 0.000000000000000000e+00
1.050499999000000129e+00 1.217460114995705212e+01 1.000084828592000097e+00 1.000000000000000000e+00 8.999999523162841575e-01 8.999999523162841575e-01 1.192477839406922736e-02 0.000000000000000000e+00 0.000000000000000000e+00 0.000000000000000000e+00 1.076722993254729532e+00 0.000000000000000000e+00
1.060499999000000138e+00 1.217460114995705212e+01 1.000296953190113136e+00 1.000000000000000000e+00 8.999999523162841575e-01 8.999999523162841575e-01 3.138684711024088136e-02 0.000000000000000000e+00 0.000000000000000000e+00 0.000000000000000000e+00 2.210433763673994356e+00 0.000000000000000000e+00
1.070499999000000146e+00 1.217460114995705212e+01 1.000761865054838440e+00 1.000000000000000000e+00 8.999999523162841575e-01 8.999999523162841575e-01 6.170224320279484725e-02 0.000000000000000000e+00 0.000000000000000000e+00 0.000000000000000000e+00 3.247710387381803621e+00 0.000000000000000000e+00
1.080499999000000155e+00 1.217460114995705212e+01 1.001585097060224472e+00 1.000000000000000000e+00 8.999999523162841575e-01 8.999999523162841575e-01 1.025585150920107214e-01 0.000000000000000000e+00 0.000000000000000000e+00 0.000000000000000000e+00 4.298418758182892319e+00 0.000000000000000000e+00
1.090499999000000164e+00 1.217460114995705212e+01 1.002874044075183102e+00 1.000000000000000000e+00 8.999999523162841575e-01 8.999999523162841575e-01 1.542741229197012176e-01 0.000000000000000000e+00 0.000000000000000000e+00 0.000000000000000000e+00 5.374146576654128538e+00 0.000000000000000000e+00
1.100499999000000173e+00 1.217460114995705212e+01 1.004735877957988022e+00 1.000000000000000000e+00 8.999999523162841575e-01 8.999999523162841575e-01 2.164904096267033784e-01 0.000000000000000000e+00 0.000000000000000000e+00 0.000000000000000000e+00 6.402261143296270163e+00 0.000000000000000000e+00
1.110499998999999960e+00 1.217460114995705212e+01 1.007272007646981882e+00 1.000000000000000000e+00 8.999999523162841575e-01 8.999999523162841575e-01 2.885162667518910151e-01 0.000000000000000000e+00 0.000000000000000000e+00 0.000000000000000000e+00 7.361033229891956964e+00 0.000000000000000000e+00
1.120499998999999969e+00 1.217460114995705212e+01 1.010577759739612835e+00 1.000000000000000000e+00 8.999999523162841575e-01 8.999999523162841575e-01 3.699347187673803772e-01 0.000000000000000000e+00 0.000000000000000000e+00 0.000000000000000000e+00 8.296168378053346615e+00 0.000000000000000000e+00
1.130499998999999978e+00 1.217460114995705212e+01 1.014751329686440995e+00 1.000000000000000000e+00 8.999999523162841575e-01 8.999999523162841575e-01 4.620676160667590016e-01 0.000000000000000000e+00 0.000000000000000000e+00 0.000000000000000000e+00 9.454312250501823556e+00 0.000000000000000000e+00
1.140499998999999987e+00 1.217460114995705212e+01 1.019859299031845579e+00 1.000000000000000000e+00 8.999999523162841575e-01 8.999999523162841575e-01 5.501892485147481526e-01 0.000000000000000000e+00 0.000000000000000000e+00 0.000000000000000000e+00 7.962586491939356748e+00 0.000000000000000000e+00
1.150499998999999995e+00 1.217460114995705212e+01 1.025808769759300132e+00 1.000000000000000000e+00 8.999999523162841575e-01 8.999999523162841575e-01 6.370390192125965356e-01 0.000000000000000000e+00 0.000000000000000000e+00 0.000000000000000000e+00 8.873784724717639349e+00 0.000000000000000000e+00
1.160499999000000004e+00 1.217460114995705212e+01 1.032671095887147450e+00 1.000000000000000000e+00 8.999999523162841575e-01 8.999999523162841575e-01 7.312414282927059972e-01 0.000000000000000000e+00 0.000000000000000000e+00 0.000000000000000000e+00 9.424989841846622696e+00 0.000000000000000000e+00
1.170499999000000013e+00 1.217460114995705212e+01 1.040498838128506742e+00 1.000000000000000000e+00 8.999999523162841575e-01 8.999999523162841575e-01 8.297111784561853609e-01 0.000000000000000000e+00 0.000000000000000000e+00 0.000000000000000000e+00 9.818292546449487901e+00 0.000000000000000000e+00
1.180499999000000022e+00 1.217460114995705212e+01 1.049330695425038762e+00 1.000000000000000000e+00 8.999999523162841575e-01 8.999999523162841575e-01 9.318032403756945081e-01 0.000000000000000000e+00 0.000000000000000000e+00 0.000000000000000000e+00 1.016546321298135247e+01 0.000000000000000000e+00
1.190499999000000031e+00 1.217460114995705212e+01 1.059200949860991559e+00 1.000000000000000000e+00 8.999999523162841575e-01 8.999999523162841575e-01 1.037162649549214777e+00 0.000000000000000000e+00 0.000000000000000000e+00 0.000000000000000000e+00 1.047972274239333146e+01 0.000000000000000000e+00
1.200499999000000040e+00 1.217460114995705212e+01 1.070140640111733710e+00 1.000000000000000000e+00 8.999999523162841575e-01 8.999999523162841575e-01 1.145482864423347680e+00 0.000000000000000000e+00 0.000000000000000000e+00 0.000000000000000000e+00 1.076429133383029502e+01 0.000000000000000000e+00
1.210499999000000049e+00 1.217460114995705212e+01 1.082177872945428776e+00 1.000000000000000000e+00 8.999999523162841575e-01 8.999999523162841575e-01 1.256483054723058768e+00 0.000000000000000000e+00 0.000000000000000000e+00 0.000000000000000000e+00 1.102175227136762103e+01 0.000000000000000000e+00
1.220499999000000058e+00 1.217460114995705212e+01 1.095338069503756007e+00 1.000000000000000000e+00 8.999999523162841575e-01 8.999999523162841575e-01 1.369904206696568316e+00 0.000000000000000000e+00 0.000000000000000000e+00 0.000000000000000000e+00 1.125406855410202489e+01 0.000000000000000000e+00
1.230499999000000066e+00 1.217460114995705212e+01 1.109644170320293277e+00 1.000000000000000000e+00 8.999999523162841575e-01 8.999999523162841575e-01 1.485508764963835882e+00 0.000000000000000000e+00 0.000000000000000000e+00 0.000000000000000000e+00 1.146337249009622461e+01 0.000000000000000000e+00
1.240499999000000075e+00 1.217460114995705212e+01 1.125116851907823401e+00 1.000000000000000000e+00 8.999999523162841575e-01 8.999999523162841575e-01 1.603079708278795978e+00 0.000000000000000000e+00 0.000000000000000000e+00 0.000000000000000000e+00 1.165174085228378331e+01 0.000000000000000000e+00
1.250499999000000084e+00 1.217460114995705212e+01 1.141774722737627368e+00 1.000000000000000000e+00 8.999999523162841575e-01 8.999999523162841575e-01 1.722420011563053688e+00 0.000000000000000000e+00 0.000000000000000000e+00 0.000000000000000000e+00 1.182114629827570162e+01 0.000000000000000000e+00
1.260499999000000093e+00 1.217460114995705212e+01 1.159634521701117915e+00 1.000000000000000000e+00 8.999999523162841575e-01 8.999999523162841575e-01 1.843350811151551305e+00 0.000000000000000000e+00 0.000000000000000000e+00 0.000000000000000000e+00 1.197327499974737997e+01 0.000000000000000000e+00
1.270499999000000102e+00 1.217460114995705212e+01 1.178711285193977609e+00 1.000000000000000000e+00 8.999999523162841575e-01 8.999999523162841575e-01 1.965709506051233069e+00 0.000000000000000000e+00 0.000000000000000000e+00 0.000000000000000000e+00 1.210976190853125090e+01 0.000000000000000000e+00
1.280499999000000111e+00 1.217460114995705212e+01 1.199018511222934125e+00 1.000000000000000000e+00 8.999999523162841575e-01 8.999999523162841575e-01 2.089350698592848055e+00 0.000000000000000000e+00 0.000000000000000000e+00 0.000000000000000000e+00 1.223226970639296773e+01 0.000000000000000000e+00
1.290499999000000120e+00 1.217460114995705212e+01 1.220568318429440691e+00 1.000000000000000000e+00 8.999999523162841575e-01 8.999999523162841575e-01 2.214141648952305363e+00 0.000000000000000000e+00 0.000000000000000000e+00 0.000000000000000000e+00 1.234199158874193714e+01 0.000000000000000000e+00
1.300499999000000129e+00 1.217460114995705212e+01 1.243371572158885163e+00 1.000000000000000000e+00 8.999999523162841575e-01 8.999999523162841575e-01 2.339965191105166653e+00 0.000000000000000000e+00 0.000000000000000000e+00 0.000000000000000000e+00 1.244052417011127787e+01 0.000000000000000000e+00
1.310499999000000138e+00 1.217460114995705212e+01 1.267438027078906959e+00 1.000000000000000000e+00 8.999999523162841575e-01 8.999999523162841575e-01 2.466714364863170417e+00 0.000000000000000000e+00 0.000000000000000000e+00 0.000000000000000000e+00 1.252874969472212818e+01 0.000000000000000000e+00
1.320499999000000146e+00 1.217460114995705212e+01 1.292776426569995474e+00 1.000000000000000000e+00 8.999999523162841575e-01 8.999999523162841575e-01 2.594293338023253792e+00 0.000000000000000000e+00 0.000000000000000000e+00 0.000000000000000000e+00 1.260782889796070450e+01 0.000000000000000000e+00
1.330499999000000155e+00 1.217818144577886841e+01 1.319394614322848769e+00 1.000000000000000000e+00 8.999999523162841575e-01 8.999999523162841575e-01 2.722617355904366487e+00 0.000000000000000000e+00 -2.758152214234428357e-01 0.000000000000000000e+00 1.267877403889245969e+01 0.000000000000000000e+00
1.340499999000000164e+00 1.218812080100575912e+01 1.347299630835300910e+00 1.000000000000000000e+00 8.999999523162841575e-01 8.999999523162841575e-01 2.851610374015359550e+00 0.000000000000000000e+00 -4.245582124091553666e-01 0.000000000000000000e+00 1.274253278413970314e+01 0.000000000000000000e+00
1.350499999000000173e+00 1.220215522823627197e+01 1.376497792537097142e+00 1.000000000000000000e+00 8.999999523162841575e-01 8.999999523162841575e-01 2.981202548779533057e+00 0.000000000000000000e+00 -5.315860068224669277e-01 0.000000000000000000e+00 1.279957913506428824e+01 0.000000000000000000e+00
1.360499999000000182e+00 1.221973752248274891e+01 1.406994770917602722e+00 1.000000000000000000e+00 8.999999523162841575e-01 8.999999523162841575e-01 3.111334079184301160e+00 0.000000000000000000e+00 -6.182133204446165209e-01 0.000000000000000000e+00 1.285086816853594271e+01 0.000000000000000000e+00
1.370499999000000191e+00 1.224060008096634178e+01 1.438795659704913854e+00 1.000000000000000000e+00 8.999999523162841575e-01 8.999999523162841575e-01 3.241948896848613870e+00 0.000000000000000000e+00 -6.914664388070317358e-01 0.000000000000000000e+00 1.289674551509605749e+01 0.000000000000000000e+00
1.380499998999999978e+00 1.226457111867514449e+01 1.471905035474764256e+00 1.000000000000000000e+00 8.999999523162841575e-01 8.999999523162841575e-01 3.372999474775023376e+00 0.000000000000000000e+00 -7.545958535342109919e-01 0.000000000000000000e+00 1.293817559684523211e+01 0.000000000000000000e+00
1.390499998999999987e+00 1.229151629764511533e+01 1.506327010251548471e+00 1.000000000000000000e+00 8.999999523162841575e-01 8.999999523162841575e-01 3.504440429673513879e+00 0.000000000000000000e+00 -8.093360318163087541e-01 0.000000000000000000e+00 1.297537144968250900e+01 0.000000000000000000e+00
1.400499998999999995e+00 1.232131260499794934e+01 1.542065284920326684e+00 1.000000000000000000e+00 8.999999523162841575e-01 8.999999523162841575e-01 3.636233511136800267e+00 0.000000000000000000e+00 -8.566672804661954466e-01 0.000000000000000000e+00 1.300879575687604373e+01 0.000000000000000000e+00
1.410499999000000004e+00 1.235383385836165893e+01 1.579123193789046420e+00 1.000000000000000000e+00 8.999999523162841575e-01 8.999999523162841575e-01 3.768343632730782211e+00 0.000000000000000000e+00 -8.971364612866881139e-01 0.000000000000000000e+00 1.303882470085013878e+01 0.000000000000000000e+00
1.420499999000000013e+00 1.238894111594348857e+01 1.617503734389262426e+00 1.000000000000000000e+00 8.999999523162841575e-01 8.999999523162841575e-01 3.900738791007259731e+00 0.000000000000000000e+00 -9.310104842424342664e-01 0.000000000000000000e+00 1.306582863724999655e+01 0.000000000000000000e+00
1.430499999000000022e+00 1.242647525759087657e+01 1.657209604312662732e+00 1.000000000000000000e+00 8.999999523162841575e-01 8.999999523162841575e-01 4.033390815804767549e+00 0.000000000000000000e+00 -9.583546661168913516e-01 0.000000000000000000e+00 1.309029473954648459e+01 0.000000000000000000e+00
1.440499999000000031e+00 1.246625036940314502e+01 1.698243238509903996e+00 1.000000000000000000e+00 8.999999523162841575e-01 8.999999523162841575e-01 4.166274820953234759e+00 0.000000000000000000e+00 -9.790721550433887366e-01 0.000000000000000000e+00 1.311232564367307063e+01 0.000000000000000000e+00
1.450499999000000040e+00 1.250804708606641746e+01 1.740606835110580786e+00 1.000000000000000000e+00 8.999999523162841575e-01 8.999999523162841575e-01 4.299367525184901062e+00 0.000000000000000000e+00 -9.929198510022638757e-01 0.000000000000000000e+00 1.313207096706683430e+01 0.000000000000000000e+00
1.460499999000000049e+00 1.255160522987035776e+01 1.784302371413183597e+00 1.000000000000000000e+00 8.999999523162841575e-01 8.999999523162841575e-01 4.432648922967841187e+00 0.000000000000000000e+00 -9.995070504079310858e-01 0.000000000000000000e+00 1.314988768026528909e+01 0.000000000000000000e+00
1.470499999000000058e+00 1.259661508083103243e+01 1.829331633813399804e+00 1.000000000000000000e+00 8.999999523162841575e-01 8.999999523162841575e-01 4.566100272841906893e+00 0.000000000000000000e+00 -9.982778219725245705e-01 0.000000000000000000e+00 1.316599228204456118e+01 0.000000000000000000e+00
1.480499999000000066e+00 1.264270635459193315e+01 1.875696233699493343e+00 1.000000000000000000e+00 8.999999523162841575e-01 8.999999523162841575e-01 4.699705055976795443e+00 0.000000000000000000e+00 -9.884737183855807352e-01 0.000000000000000000e+00 1.318058043473673635e+01 0.000000000000000000e+00
1.490499999000000075e+00 1.268943355540113593e+01 1.923397626880316125e+00 1.000000000000000000e+00 8.999999523162841575e-01 8.999999523162841575e-01 4.833448194222429883e+00 0.000000000000000000e+00 -9.690676218142657561e-01 0.000000000000000000e+00 1.319359312718572497e+01 0.000000000000000000e+00
1.500499999000000084e+00 1.273625543207383437e+01 1.972437118516494614e+00 1.000000000000000000e+00 8.999999523162841575e-01 8.999999523162841575e-01 4.967315879160430825e+00 0.000000000000000000e+00 -9.386488666436263451e-01 0.000000000000000000e+00 1.320542692182673861e+01 0.000000000000000000e+00
1.510499999000000093e+00 1.278250445712580330e+01 2.022815892498424084e+00 1.000000000000000000e+00 8.999999523162841575e-01 8.999999523162841575e-01 5.101296205815303964e+00 0.000000000000000000e+00 -8.952163019086483153e-01 0.000000000000000000e+00 1.321603113798904872e+01 0.000000000000000000e+00
1.520499999000000102e+00 1.282733798788024870e+01 2.074535012881285390e+00 1.000000000000000000e+00 8.999999523162841575e-01 8.999999523162841575e-01 5.235377471433232621e+00 0.000000000000000000e+00 -8.357762871021674478e-01 0.000000000000000000e+00 1.322553978237444561e+01 0.000000000000000000e+00
1.530499999000000111e+00 1.286965226147130004e+01 2.127595440946503214e+00 1.000000000000000000e+00 8.999999523162841575e-01 8.999999523162841575e-01 5.369550621384871825e+00 0.000000000000000000e+00 -7.554632905155034273e-01 0.000000000000000000e+00 1.323419413760270480e+01 0.000000000000000000e+00
1.540499999000000120e+00 1.290790780741080468e+01 2.181998036865419266e+00 1.000000000000000000e+00 8.999999523162841575e-01 8.999999523162841575e-01 5.503805003675028118e+00 0.000000000000000000e+00 -6.452207789610993061e-01 0.000000000000000000e+00 1.324187051543078475e+01 0.000000000000000000e+00
1.550499999000000129e+00 1.293967890898405848e+01 2.237743572642122647e+00 1.000000000000000000e+00 8.999999523162841575e-01 8.999999523162841575e-01 5.638133211652522903e+00 0.000000000000000000e+00 -4.832412352605195416e-01 0.000000000000000000e+00 1.324883116179379350e+01 0.000000000000000000e+00
1.560499999000000138e+00 1.295950483396651620e+01 2.294832745004630414e+00 1.000000000000000000e+00 8.999999523162841575e-01 8.999999523162841575e-01 5.772526860617436029e+00 0.000000000000000000e+00 -1.433946621077946126e-01 0.000000000000000000e+00 1.325489659504750861e+01 0.000000000000000000e+00
1.570499999000000146e+00 1.295999931335450128e+01 2.353266168993162655e+00 1.000000000000000000e+00 8.999999523162841575e-01 8.999999523162841575e-01 5.906979084744160780e+00 0.000000000000000000e+00 0.000000000000000000e+00 0.000000000000000000e+00 1.326043383810081444e+01 0.000000000000000000e+00
1.580499999000000155e+00 1.295999931335450128e+01 2.413044394084744582e+00 1.000000000000000000e+00 8.999999523162841575e-01 8.999999523162841575e-01 6.041483089040288412e+00 0.000000000000000000e+00 0.000000000000000000e+00 0.000000000000000000e+00 1.326525000493425388e+01 0.000000000000000000e+00
1.590499999000000164e+00 1.295999931335450128e+01 2.474167909868286053e+00 1.000000000000000000e+00 8.999999523162841575e-01 8.999999523162841575e-01 6.176033482044443801e+00 0.000000000000000000e+00 0.000000000000000000e+00 0.000000000000000000e+00 1.326958270232717396e+01 0.000000000000000000e+00
1.600499999000000173e+00 1.295999931335450128e+01 2.536637152622735591e+00 1.000000000000000000e+00 8.999999523162841575e-01 8.999999523162841575e-01 6.310625046362068780e+00 0.000000000000000000e+00 0.000000000000000000e+00 0.000000000000000000e+00 1.327338844829970199e+01 0.000000000000000000e+00
1.610499999000000182e+00 1.295999931335450128e+01 2.600452496521266532e+00 1.000000000000000000e+00 8.999999523162841575e-01 8.999999523162841575e-01 6.445250710902782565e+00 0.000000000000000000e+00 0.000000000000000000e+00 0.000000000000000000e+00 1.327653964186096047e+01 0.000000000000000000e+00
1.620499999000000191e+00 1.295999931335450128e+01 2.665614266561322498e+00 1.000000000000000000e+00 8.999999523162841575e-01 8.999999523162841575e-01 6.579907650868413782e+00 0.000000000000000000e+00 0.000000000000000000e+00 0.000000000000000000e+00 1.327945963898482162e+01 0.000000000000000000e+00
1.630499999000000200e+00 1.295999931335450128e+01 2.732122748063300577e+00 1.000000000000000000e+00 8.999999523162841575e-01 8.999999523162841575e-01 6.714590718817377457e+00 0.000000000000000000e+00 0.000000000000000000e+00 0.000000000000000000e+00 1.328181607144150789e+01 0.000000000000000000e+00
1.640499999000000209e+00 1.295999931335450128e+01 2.799978182043909580e+00 1.000000000000000000e+00 8.999999523162841575e-01 8.999999523162841575e-01 6.849296184124598064e+00 0.000000000000000000e+00 0.000000000000000000e+00 0.000000000000000000e+00 1.328386862553117531e+01 0.000000000000000000e+00
1.650499998999999995e+00 1.295999931335450128e+01 2.869180770817519210e+00 1.000000000000000000e+00 8.999999523162841575e-01 8.999999523162841575e-01 6.984019724708071308e+00 0.000000000000000000e+00 0.000000000000000000e+00 0.000000000000000000e+00 1.328547794461456455e+01 0.000000000000000000e+00
1.660499999000000004e+00 1.295999931335450128e+01 2.939730676512374075e+00 1.000000000000000000e+00 8.999999523162841575e-01 8.999999523162841575e-01 7.118757988895228372e+00 0.000000000000000000e+00 0.000000000000000000e+00 0.000000000000000000e+00 1.328677987899153479e+01 0.000000000000000000e+00
1.670499999000000013e+00 1.295999931335450128e+01 3.011628022813549244e+00 1.000000000000000000e+00 8.999999523162841575e-01 8.999999523162841575e-01 7.253506985504553306e+00 0.000000000000000000e+00 0.000000000000000000e+00 0.000000000000000000e+00 1.328774946234403309e+01 0.000000000000000000e+00
1.680499999000000022e+00 1.295999931335450128e+01 3.084872907720457302e+00 1.000000000000000000e+00 8.999999523162841575e-01 8.999999523162841575e-01 7.388264447200063145e+00 0.000000000000000000e+00 0.000000000000000000e+00 0.000000000000000000e+00 1.328843944267800836e+01 0.000000000000000000e+00
1.690499999000000031e+00 1.295999931335450128e+01 3.159465393629381502e+00 1.000000000000000000e+00 8.999999523162841575e-01 8.999999523162841575e-01 7.523026444668563961e+00 0.000000000000000000e+00 0.000000000000000000e+00 0.000000000000000000e+00 1.328878233266663678e+01 0.000000000000000000e+00
1.700499999000000040e+00 1.295999931335450128e+01 3.235405518817407788e+00 1.000000000000000000e+00 8.999999523162841575e-01 8.999999523162841575e-01 7.657791341118099560e+00 0.000000000000000000e+00 0.000000000000000000e+00 0.000000000000000000e+00 1.328890768838688174e+01 0.000000000000000000e+00
1.710499999000000049e+00 1.295999931335450128e+01 3.312693288945924852e+00 1.000000000000000000e+00 8.999999523162841575e-01 8.999999523162841575e-01 7.792555017028013786e+00 0.000000000000000000e+00 0.000000000000000000e+00 0.000000000000000000e+00 1.328866601982311124e+01 0.000000000000000000e+00
1.720499999000000058e+00 1.295999931335450128e+01 3.391328679542641389e+00 1.000000000000000000e+00 8.999999523162841575e-01 8.999999523162841575e-01 7.927315220507952453e+00 0.000000000000000000e+00 0.000000000000000000e+00 0.000000000000000000e+00 1.328826347216291914e+01 0.000000000000000000e+00
1.730499999000000066e+00 1.295999931335450128e+01 3.471311643200603037e+00 1.000000000000000000e+00 8.999999523162841575e-01 8.999999523162841575e-01 8.062069571846768312e+00 0.000000000000000000e+00 0.000000000000000000e+00 0.000000000000000000e+00 1.328762737476586153e+01 0.000000000000000000e+00
1.740499999000000075e+00 1.295999931335450128e+01 3.552642109744713839e+00 1.000000000000000000e+00 8.999999523162841575e-01 8.999999523162841575e-01 8.196815753746127697e+00 0.000000000000000000e+00 0.000000000000000000e+00 0.000000000000000000e+00 1.328668426088846033e+01 0.000000000000000000e+00
1.750499999000000084e+00 1.295999931335450128e+01 3.635319986534127690e+00 1.000000000000000000e+00 8.999999523162841575e-01 8.999999523162841575e-01 8.331552102612780786e+00 0.000000000000000000e+00 0.000000000000000000e+00 0.000000000000000000e+00 1.328571779793764129e+01 0.000000000000000000e+00
1.760499999000000093e+00 1.295999931335450128e+01 3.719345171842502573e+00 1.000000000000000000e+00 8.999999523162841575e-01 8.999999523162841575e-01 8.466277013465642654e+00 0.000000000000000000e+00 0.000000000000000000e+00 0.000000000000000000e+00 1.328441618766837884e+01 0.000000000000000000e+00
1.770499999000000102e+00 1.295999931335450128e+01 3.804717533310999933e+00 1.000000000000000000e+00 8.999999523162841575e-01 8.999999523162841575e-01 8.600987548251886494e+00 0.000000000000000000e+00 0.000000000000000000e+00 0.000000000000000000e+00 1.328290387357940538e+01 0.000000000000000000e+00
1.780499999000000111e+00 1.295999931335450128e+01 3.891436910823920847e+00 1.000000000000000000e+00 8.999999523162841575e-01 8.999999523162841575e-01 8.735680612486721230e+00 0.000000000000000000e+00 0.000000000000000000e+00 0.000000000000000000e+00 1.328102579105906500e+01 0.000000000000000000e+00
1.790499999000000120e+00 1.295999931335450128e+01 3.979503119833434965e+00 1.000000000000000000e+00 8.999999523162841575e-01 8.999999523162841575e-01 8.870354728069163031e+00 0.000000000000000000e+00 0.000000000000000000e+00 0.000000000000000000e+00 1.327918151695169513e+01 0.000000000000000000e+00
1.800499999000000129e+00 1.295999931335450128e+01 4.050932872189546785e+00 1.000000000000000000e+00 8.999999523162841575e-01 8.999999523162841575e-01 7.194389008089259116e-03 0.000000000000000000e+00 0.000000000000000000e+00 0.000000000000000000e+00 -1.786285754561542490e+03 0.000000000000000000e+00
1.810499999000000138e+00 1.295999931335450128e+01 4.050961326236145688e+00 1.000000000000000000e+00 8.999999523162841575e-01 8.999999523162841575e-01 5.324714264177164008e-03 0.000000000000000000e+00 0.000000000000000000e+00 0.000000000000000000e+00 -3.350727801933946204e-02 0.000000000000000000e+00
1.820499999000000146e+00 1.295999931335450128e+01 4.050987951888513017e+00 1.000000000000000000e+00 8.999999523162841575e-01 8.999999523162841575e-01 5.325470288751075684e-03 0.000000000000000000e+00 0.000000000000000000e+00 0.000000000000000000e+00 7.548237401362456196e-05 0.000000000000000000e+00
1.830499999000000155e+00 1.295999931335450128e+01 4.051014581307818219e+00 1.000000000000000000e+00 8.999999523162841575e-01 8.999999523162841575e-01 5.326221518942606675e-03 0.000000000000000000e+00 0.000000000000000000e+00 0.000000000000000000e+00 7.500311435677531064e-05 0.000000000000000000e+00
1.840499999000000164e+00 1.295999931335450128e+01 4.051041214470076035e+00 1.000000000000000000e+00 8.999999523162841575e-01 8.999999523162841575e-01 5.326967951191950018e-03 0.000000000000000000e+00 0.000000000000000000e+00 0.000000000000000000e+00 7.452349753709342482e-05 0.000000000000000000e+00
1.850499999000000173e+00 1.295999931335450128e+01 4.051067851351304760e+00 1.000000000000000000e+00 8.999999523162841575e-01 8.999999523162841575e-01 5.327709585501470141e-03 0.000000000000000000e+00 0.000000000000000000e+00 0.000000000000000000e+00 7.404352828483950772e-05 0.000000000000000000e+00
1.860499999000000182e+00 1.295999931335450128e+01 4.051094491927514696e+00 1.000000000000000000e+00 8.999999523162841575e-01 8.999999523162841575e-01 5.328446423647524750e-03 0.000000000000000000e+00 0.000000000000000000e+00 0.000000000000000000e+00 7.356391146515762190e-05 0.000000000000000000e+00
1.870499999000000191e+00 1.295999931335450128e+01 4.051121136174715254e+00 1.000000000000000000e+00 8.999999523162841575e-01 8.999999523162841575e-01 5.329178462077398433e-03 0.000000000000000000e+00 0.000000000000000000e+00 0.000000000000000000e+00 7.308394032055077192e-05 0.000000000000000000e+00
1.880499999000000200e+00 1.295999931335450128e+01 4.051147784068910518e+00 1.000000000000000000e+00 8.999999523162841575e-01 8.999999523162841575e-01 5.329905700791092056e-03 0.000000000000000000e+00 0.000000000000000000e+00 0.000000000000000000e+00 7.260396822967862547e-05 0.000000000000000000e+00
1.890499999000000209e+00 1.295999931335450128e+01 4.051174435586101907e+00 1.000000000000000000e+00 8.999999523162841575e-01 8.999999523162841575e-01 5.330628139788605620e-03 0.000000000000000000e+00 0.000000000000000000e+00 0.000000000000000000e+00 7.212399708489414252e-05 0.000000000000000000e+00
1.900499999000000217e+00 1.295999931335450128e+01 4.051201090702287289e+00 1.000000000000000000e+00 8.999999523162841575e-01 8.999999523162841575e-01 5.331345779069939124e-03 0.000000000000000000e+00 0.000000000000000000e+00 0.000000000000000000e+00 7.164402499366673012e-05 0.000000000000000000e+00
1.910499999000000226e+00 1.295999931335450128e+01 4.051227749393464528e+00 1.000000000000000000e+00 8.999999523162841575e-01 8.999999523162841575e-01 5.332058616856367832e-03 0.000000000000000000e+00 0.000000000000000000e+00 0.000000000000000000e+00 7.116369715731707402e-05 0.000000000000000000e+00
1.920499999000000013e+00 1.295999931335450128e+01 4.051254411635623498e+00 1.000000000000000000e+00 8.999999523162841575e-01 8.999999523162841575e-01 5.332766651378638596e-03 0.000000000000000000e+00 0.000000000000000000e+00 0.000000000000000000e+00 7.068336979418888264e-05 0.000000000000000000e+00
1.930499999000000022e+00 1.295999931335450128e+01 4.051281077404754072e+00 1.000000000000000000e+00 8.999999523162841575e-01 8.999999523162841575e-01 5.333469884403635800e-03 0.000000000000000000e+00 0.000000000000000000e+00 0.000000000000000000e+00 7.020304148372958340e-05 0.000000000000000000e+00
1.940499999000000031e+00 1.295999931335450128e+01 4.051307746676840793e+00 1.000000000000000000e+00 8.999999523162841575e-01 8.999999523162841575e-01 5.334168314164476794e-03 0.000000000000000000e+00 0.000000000000000000e+00 0.000000000000000000e+00 6.972271601544122719e-05 0.000000000000000000e+00
1.950499999000000040e+00 1.295999931335450128e+01 4.051334419427867317e+00 1.000000000000000000e+00 8.999999523162841575e-01 8.999999523162841575e-01 5.334861940651686521e-03 0.000000000000000000e+00 0.000000000000000000e+00 0.000000000000000000e+00 6.924238770444901547e-05 0.000000000000000000e+00
1.960499999000000049e+00 1.295999931335450128e+01 4.051361095633811971e+00 1.000000000000000000e+00 8.999999523162841575e-01 8.999999523162841575e-01 5.335550762098383200e-03 0.000000000000000000e+00 0.000000000000000000e+00 0.000000000000000000e+00 6.876206223669357174e-05 0.000000000000000000e+00
1.970499999000000058e+00 1.295999931335450128e+01 4.051387775270651304e+00 1.000000000000000000e+00 8.999999523162841575e-01 8.999999523162841575e-01 5.336234778495090904e-03 0.000000000000000000e+00 0.000000000000000000e+00 0.000000000000000000e+00 6.828137865380056750e-05 0.000000000000000000e+00
1.980499999000000066e+00 1.295999931335450128e+01 4.051414458314359202e+00 1.000000000000000000e+00 8.999999523162841575e-01 8.999999523162841575e-01 5.336913989853657794e-03 0.000000000000000000e+00 0.000000000000000000e+00 0.000000000000000000e+00 6.780105603017005662e-05 0.000000000000000000e+00
1.990499999000000075e+00 1.295999931335450128e+01 4.051441170813448345e+00 1.000000000000000000e+00 8.999999523162841575e-01 8.999999523162841575e-01 5.349454468726467377e-03 0.000000000000000000e+00 0.000000000000000000e+00 0.000000000000000000e+00 1.727168097431608417e-03 0.000000000000000000e+00
2.000499999000000084e+00 1.295999931335450128e+01 4.051467956765312906e+00 1.000000000000000000e+00 8.999999523162841575e-01 8.999999523162841575e-01 5.364871926264089957e-03 0.000000000000000000e+00 0.000000000000000000e+00 0.000000000000000000e+00 1.838602872333439152e-03 0.000000000000000000e+00
2.010499999000000315e+00 1.295999931335450128e+01 4.051494819997188301e+00 1.000000000000000000e+00 8.999999523162841575e-01 8.999999523162841575e-01 5.380367117167474122e-03 0.000000000000000000e+00 0.000000000000000000e+00 0.000000000000000000e+00 1.848059483222996759e-03 0.000000000000000000e+00
2.020499999000000102e+00 1.295999931335450128e+01 4.051521760897797364e+00 1.000000000000000000e+00 8.999999523162841575e-01 8.999999523162841575e-01 5.395940060995634002e-03 0.000000000000000000e+00 0.000000000000000000e+00 0.000000000000000000e+00 1.857518230993449038e-03 0.000000000000000000e+00
2.030499999000000333e+00 1.295999931335450128e+01 4.051548779855948190e+00 1.000000000000000000e+00 8.999999523162841575e-01 8.999999523162841575e-01 5.411590773716636743e-03 0.000000000000000000e+00 0.000000000000000000e+00 0.000000000000000000e+00 1.866978394105345187e-03 0.000000000000000000e+00
2.040499999000000120e+00 1.295999931335450128e+01 4.051575877260536807e+00 1.000000000000000000e+00 8.999999523162841575e-01 8.999999523162841575e-01 5.427319274884786701e-03 0.000000000000000000e+00 0.000000000000000000e+00 0.000000000000000000e+00 1.876440334517681620e-03 0.000000000000000000e+00
2.050499998999999907e+00 1.295999931335450128e+01 4.051603053434407187e+00 1.000000000000000000e+00 8.999999523162841575e-01 8.999999523162841575e-01 5.442993300517742772e-03 0.000000000000000000e+00 0.000000000000000000e+00 0.000000000000000000e+00 1.859448060259616398e-03 0.000000000000000000e+00
2.060499999000000138e+00 1.295999931335450128e+01 4.051630308235765199e+00 1.000000000000000000e+00 8.999999523162841575e-01 8.999999523162841575e-01 5.458876724871284183e-03 0.000000000000000000e+00 0.000000000000000000e+00 0.000000000000000000e+00 1.895284638401761911e-03 0.000000000000000000e+00
2.070499998999999924e+00 1.295999931335450128e+01 4.051657642313380769e+00 1.000000000000000000e+00 8.999999523162841575e-01 8.999999523162841575e-01 5.474704265038658063e-03 0.000000000000000000e+00 0.000000000000000000e+00 0.000000000000000000e+00 1.878006725963565727e-03 0.000000000000000000e+00
2.080499999000000155e+00 1.295999931335450128e+01 4.051685055852363604e+00 1.000000000000000000e+00 8.999999523162841575e-01 8.999999523162841575e-01 5.490608231182690299e-03 0.000000000000000000e+00 0.000000000000000000e+00 0.000000000000000000e+00 1.887244847335090058e-03 0.000000000000000000e+00
2.090499998999999942e+00 1.295999931335450128e+01 4.051712549101451621e+00 1.000000000000000000e+00 8.999999523162841575e-01 8.999999523162841575e-01 5.506588642843306125e-03 0.000000000000000000e+00 0.000000000000000000e+00 0.000000000000000000e+00 1.896485455610097447e-03 0.000000000000000000e+00
2.100499999000000173e+00 1.295999931335450128e+01 4.051740122442936354e+00 1.000000000000000000e+00 8.999999523162841575e-01 8.999999523162841575e-01 5.522645523113144453e-03 0.000000000000000000e+00 0.000000000000000000e+00 0.000000000000000000e+00 1.905728197470324360e-03 0.000000000000000000e+00
2.110499998999999960e+00 1.295999931335450128e+01 4.051767775986678366e+00 1.000000000000000000e+00 8.999999523162841575e-01 8.999999523162841575e-01 5.538778896866119843e-03 0.000000000000000000e+00 0.000000000000000000e+00 0.000000000000000000e+00 1.942213858377073122e-03 0.000000000000000000e+00
2.120499999000000191e+00 1.295999931335450128e+01 4.051795510043635140e+00 1.000000000000000000e+00 8.999999523162841575e-01 8.999999523162841575e-01 5.554851430387507290e-03 0.000000000000000000e+00 0.000000000000000000e+00 0.000000000000000000e+00 1.924135162311735227e-03 0.000000000000000000e+00
2.130499998999999978e+00 1.295999931335450128e+01 4.051823324924160197e+00 1.000000000000000000e+00 8.999999523162841575e-01 8.999999523162841575e-01 5.570999055851434678e-03 0.000000000000000000e+00 0.000000000000000000e+00 0.000000000000000000e+00 1.933297968140301705e-03 0.000000000000000000e+00
2.140499999000000209e+00 1.295999931335450128e+01 4.051851220937551012e+00 1.000000000000000000e+00 8.999999523162841575e-01 8.999999523162841575e-01 5.587360591972422887e-03 0.000000000000000000e+00 0.000000000000000000e+00 0.000000000000000000e+00 1.942549587851693984e-03 0.000000000000000000e+00
2.150499998999999995e+00 1.295999931335450128e+01 4.051879198322154707e+00 1.000000000000000000e+00 8.999999523162841575e-01 8.999999523162841575e-01 5.603659191780516365e-03 0.000000000000000000e+00 0.000000000000000000e+00 0.000000000000000000e+00 1.951717722762680383e-03 0.000000000000000000e+00
2.160499999000000226e+00 1.295999931335450128e+01 4.051907257314575794e+00 1.000000000000000000e+00 8.999999523162841575e-01 8.999999523162841575e-01 5.619892718298557382e-03 0.000000000000000000e+00 0.000000000000000000e+00 0.000000000000000000e+00 1.932841087181635855e-03 0.000000000000000000e+00
2.170499999000000013e+00 1.295999931335450128e+01 4.051935398009034905e+00 1.000000000000000000e+00 8.999999523162841575e-01 8.999999523162841575e-01 5.636340954854116882e-03 0.000000000000000000e+00 0.000000000000000000e+00 0.000000000000000000e+00 1.969974050554057672e-03 0.000000000000000000e+00
2.180499999000000244e+00 1.295999931335450128e+01 4.051963620777892849e+00 1.000000000000000000e+00 8.999999523162841575e-01 8.999999523162841575e-01 5.652722737890303328e-03 0.000000000000000000e+00 0.000000000000000000e+00 0.000000000000000000e+00 1.950815684762474645e-03 0.000000000000000000e+00
2.190499999000000031e+00 1.295999931335450128e+01 4.051991925993749355e+00 1.000000000000000000e+00 8.999999523162841575e-01 8.999999523162841575e-01 5.669320698234814847e-03 0.000000000000000000e+00 0.000000000000000000e+00 0.000000000000000000e+00 1.988238552582189018e-03 0.000000000000000000e+00
2.200499999000000262e+00 1.295999931335450128e+01 4.052020313743560642e+00 1.000000000000000000e+00 8.999999523162841575e-01 8.999999523162841575e-01 5.685850823054272411e-03 0.000000000000000000e+00 0.000000000000000000e+00 0.000000000000000000e+00 1.997331720218298388e-03 0.000000000000000000e+00
2.210499999000000049e+00 1.295999931335450128e+01 4.052048784253813096e+00 1.000000000000000000e+00 8.999999523162841575e-01 8.999999523162841575e-01 5.702311000280565340e-03 0.000000000000000000e+00 0.000000000000000000e+00 0.000000000000000000e+00 1.977667097765411879e-03 0.000000000000000000e+00
2.220499999000000280e+00 1.295999931335450128e+01 4.052077337749275365e+00 1.000000000000000000e+00 8.999999523162841575e-01 8.999999523162841575e-01 5.718988147050163215e-03 0.000000000000000000e+00 0.000000000000000000e+00 0.000000000000000000e+00 1.986622775364388534e-03 0.000000000000000000e+00
