6.404999989999999865e-01 2.644267872489725058e+00 1.000000000000000000e+00 1.000000000000000000e+00 -2.384185793236071049e-08 -2.384185793236071049e-08 0.000000000000000000e+00 0.000000000000000000e+00 -4.474937054342824627e-01 -4.474937054342824627e-01 0.000000000000000000e+00 0.000000000000000000e+00
6.504999989999999954e-01 2.644267896129446793e+00 1.000000026413468968e+00 1.000000000000000000e+00 -2.384185793236071049e-08 -2.384185793236071049e-08 1.465360277563667929e-05 0.000000000000000000e+00 -4.474937041069552146e-01 -4.474936922275479789e-01 2.915889574239441222e-03 0.000000000000000000e+00
6.604999990000000043e-01 2.644269134865241178e+00 1.000001410495389154e+00 1.000000000000000000e+00 -2.384185793236071049e-08 -2.384185793236071049e-08 3.585923273874012853e-04 0.000000000000000000e+00 -4.474936345537002258e-01 -4.474930001865878859e-01 5.144202397388457360e-02 0.000000000000000000e+00
6.704999990000000132e-01 2.644277291839035815e+00 1.000010524566896652e+00 1.000000000000000000e+00 -2.384185793236071049e-08 -2.384185793236071049e-08 1.554850106444231449e-03 0.000000000000000000e+00 -4.474931765266567663e-01 -4.474884431508341365e-01 1.412027938130047400e-01 0.000000000000000000e+00
6.804999990000000221e-01 2.644300462674639363e+00 1.000036414201094681e+00 1.000000000000000000e+00 -2.384185793236071049e-08 -2.384185793236071049e-08 3.657432048775478839e-03 0.000000000000000000e+00 -4.474918752148510093e-01 -4.474754983337351222e-01 2.293500262595387640e-01 0.000000000000000000e+00
6.904999990000000309e-01 2.644346504754764293e+00 1.000087858948744524e+00 1.000000000000000000e+00 -2.384185793236071049e-08 -2.384185793236071049e-08 6.610371908521243782e-03 0.000000000000000000e+00 -4.474892883957951040e-01 -4.474497759599102009e-01 3.116784264456000653e-01 0.000000000000000000e+00
7.004999990000000398e-01 2.644422751485778544e+00 1.000173053274230783e+00 1.000000000000000000e+00 -2.384185793236071049e-08 -2.384185793236071049e-08 1.035558528128417005e-02 0.000000000000000000e+00 -4.474850015772401934e-01 -4.474071787971670711e-01 3.883812115467811799e-01 0.000000000000000000e+00
7.104999990000000487e-01 2.644536034837142058e+00 1.000299631995148264e+00 1.000000000000000000e+00 -2.384185793236071049e-08 -2.384185793236071049e-08 1.483906605903747775e-02 0.000000000000000000e+00 -4.474786255699129689e-01 -4.473438894367083307e-01 4.598654236082723168e-01 0.000000000000000000e+00
7.204999990000000576e-01 2.644692721357726928e+00 1.000474710822999214e+00 1.000000000000000000e+00 -2.384185793236071049e-08 -2.384185793236071049e-08 2.001075449076459775e-02 0.000000000000000000e+00 -4.474697931160266928e-01 -4.472563500227828559e-01 5.265117710707214460e-01 0.000000000000000000e+00
7.304999990000000665e-01 2.644898746236322040e+00 1.000704924750144720e+00 1.000000000000000000e+00 -2.384185793236071049e-08 -2.384185793236071049e-08 2.582432069387081974e-02 0.000000000000000000e+00 -4.474581554984737863e-01 -4.471412430592101028e-01 5.886840192204796374e-01 0.000000000000000000e+00
7.404999990000000754e-01 2.645159644784147446e+00 1.000996463579400642e+00 1.000000000000000000e+00 -2.384185793236071049e-08 -2.384185793236071049e-08 3.223679371622623080e-02 0.000000000000000000e+00 -4.474433792123153619e-01 -4.469954736445821419e-01 6.466962419794048955e-01 0.000000000000000000e+00
7.504999990000000842e-01 2.645480580903430301e+00 1.001355104103118565e+00 1.000000000000000000e+00 -2.384185793236071049e-08 -2.384185793236071049e-08 3.920837795945862625e-02 0.000000000000000000e+00 -4.474251427604706843e-01 -4.468161533827231802e-01 7.008694958622044835e-01 0.000000000000000000e+00
7.604999990000000931e-01 2.645866375159358963e+00 1.001786241852562043e+00 1.000000000000000000e+00 -2.384185793236071049e-08 -2.384185793236071049e-08 4.670238917148753638e-02 0.000000000000000000e+00 -4.474031334541241911e-01 -4.466005845080014414e-01 7.514970750578162662e-01 0.000000000000000000e+00
7.704999990000001020e-01 2.646321529050762678e+00 1.002294918610842522e+00 1.000000000000000000e+00 -2.384185793236071049e-08 -2.384185793236071049e-08 5.468463322078667699e-02 0.000000000000000000e+00 -4.473770444328494800e-01 -4.463462461288612015e-01 7.988201113030390932e-01 0.000000000000000000e+00
7.804999989999999999e-01 2.646850248660826743e+00 1.002885849243538630e+00 1.000000000000000000e+00 -2.384185793236071049e-08 -2.384185793236071049e-08 6.312367691573687878e-02 0.000000000000000000e+00 -4.473465717406701070e-01 -4.460507808125131479e-01 8.431070257940509460e-01 0.000000000000000000e+00
7.904999990000000087e-01 2.647456466668947517e+00 1.003563446708840790e+00 1.000000000000000000e+00 -2.384185793236071049e-08 -2.384185793236071049e-08 7.199045434890553874e-02 0.000000000000000000e+00 -4.473114115270687141e-01 -4.457119820798620680e-01 8.845836410030800678e-01 0.000000000000000000e+00
8.004999990000000176e-01 2.648143862738463028e+00 1.004331845264925915e+00 1.000000000000000000e+00 -2.384185793236071049e-08 -2.384185793236071049e-08 8.125815550562777434e-02 0.000000000000000000e+00 -4.472712573800143310e-01 -4.453277828018195050e-01 9.234689379410395693e-01 0.000000000000000000e+00
8.104999990000000265e-01 2.648915881995777433e+00 1.005194921558316246e+00 1.000000000000000000e+00 -2.384185793236071049e-08 -2.384185793236071049e-08 9.090194078619311113e-02 0.000000000000000000e+00 -4.472257978130022571e-01 -4.448962446551243399e-01 9.599623332688859145e-01 0.000000000000000000e+00
8.204999990000000354e-01 2.649775753040733761e+00 1.006156315205189999e+00 1.000000000000000000e+00 -2.384185793236071049e-08 -2.384185793236071049e-08 1.008990910320471113e-01 0.000000000000000000e+00 -4.471747138244894781e-01 -4.444155478316874630e-01 9.942642750003678476e-01 0.000000000000000000e+00
8.304999990000000443e-01 2.650726504074436995e+00 1.007219447288166592e+00 1.000000000000000000e+00 -2.384185793236071049e-08 -2.384185793236071049e-08 1.112285519666453698e-01 0.000000000000000000e+00 -4.471176766123292068e-01 -4.438839817901991669e-01 1.026537483728038103e+00 0.000000000000000000e+00
8.404999990000000532e-01 2.651770978538672274e+00 1.008387538330387745e+00 1.000000000000000000e+00 -2.384185793236071049e-08 -2.384185793236071049e-08 1.218710805370860489e-01 0.000000000000000000e+00 -4.470543453596298455e-01 -4.432999362690885903e-01 1.056949981586875253e+00 0.000000000000000000e+00
8.504999990000000620e-01 2.652911849845439374e+00 1.009663625279537680e+00 1.000000000000000000e+00 -2.384185793236071049e-08 -2.384185793236071049e-08 1.328090735186617521e-01 0.000000000000000000e+00 -4.469843651125396389e-01 -4.426618927945136228e-01 1.085661367295063906e+00 0.000000000000000000e+00
8.604999990000000709e-01 2.654151633473971206e+00 1.011050575578455790e+00 1.000000000000000000e+00 -2.384185793236071049e-08 -2.384185793236071049e-08 1.440262939227546501e-01 0.000000000000000000e+00 -4.469073648527482900e-01 -4.419684176450545676e-01 1.112811483139485080e+00 0.000000000000000000e+00
8.704999990000000798e-01 2.655492701760543195e+00 1.012551104282947145e+00 1.000000000000000000e+00 -2.384185793236071049e-08 -2.384185793236071049e-08 1.555083085453994596e-01 0.000000000000000000e+00 -4.468229554320894970e-01 -4.412181532928088901e-01 1.138588264204680733e+00 0.000000000000000000e+00
8.804999990000000887e-01 2.656937296722385433e+00 1.014167789021856114e+00 1.000000000000000000e+00 -2.384185793236071049e-08 -2.384185793236071049e-08 1.672419536085285596e-01 0.000000000000000000e+00 -4.467307276417429862e-01 -4.404098109233544056e-01 1.163085545830138123e+00 0.000000000000000000e+00
8.904999990000000976e-01 2.658487540520567016e+00 1.015903082360133824e+00 1.000000000000000000e+00 -2.384185793236071049e-08 -2.384185793236071049e-08 1.792154087741002211e-01 0.000000000000000000e+00 -4.466302504405006979e-01 -4.395421642542155505e-01 1.186468655412080908e+00 0.000000000000000000e+00
9.004999990000001064e-01 2.660145447648888162e+00 1.017759326143240717e+00 1.000000000000000000e+00 -2.384185793236071049e-08 -2.384185793236071049e-08 1.914180666427112154e-01 0.000000000000000000e+00 -4.465210690744017552e-01 -4.386140423626621043e-01 1.208810154285232974e+00 0.000000000000000000e+00
9.104999990000000043e-01 2.661912933538267634e+00 1.019738761884112499e+00 1.000000000000000000e+00 -2.384185793236071049e-08 -2.384185793236071049e-08 2.038405550765836627e-01 0.000000000000000000e+00 -4.464027034203728594e-01 -4.376243244922262132e-01 1.230266526510665592e+00 0.000000000000000000e+00
9.204999990000000132e-01 2.663791824228855631e+00 1.021843542404118788e+00 1.000000000000000000e+00 -2.384185793236071049e-08 -2.384185793236071049e-08 2.164745049690643686e-01 0.000000000000000000e+00 -4.462746462484314947e-01 -4.365719342322230689e-01 1.250938790775383724e+00 0.000000000000000000e+00
9.304999990000000221e-01 2.665783867375238980e+00 1.024075745033958817e+00 1.000000000000000000e+00 -2.384185793236071049e-08 -2.384185793236071049e-08 2.293129176167162109e-01 0.000000000000000000e+00 -4.461363613621319169e-01 -4.354558329173030540e-01 1.270933052133058627e+00 0.000000000000000000e+00
9.404999990000000309e-01 2.667890739381920895e+00 1.026437380552161382e+00 1.000000000000000000e+00 -2.384185793236071049e-08 -2.384185793236071049e-08 2.423496041487900043e-01 0.000000000000000000e+00 -4.459872819612085149e-01 -4.342750151582017715e-01 1.290356714544868888e+00 0.000000000000000000e+00
9.504999990000000398e-01 2.670114054882913202e+00 1.028930404827726575e+00 1.000000000000000000e+00 -2.384185793236071049e-08 -2.384185793236071049e-08 2.555796213785369031e-01 0.000000000000000000e+00 -4.458268087944991520e-01 -4.330285030204191754e-01 1.309321606157551665e+00 0.000000000000000000e+00
9.604999990000000487e-01 2.672455376289875506e+00 1.031556730628000018e+00 1.000000000000000000e+00 -2.384185793236071049e-08 -2.384185793236071049e-08 2.689992136124229605e-01 0.000000000000000000e+00 -4.456543082340954087e-01 -4.317153401202824536e-01 1.327926217964245481e+00 0.000000000000000000e+00
9.704999990000000576e-01 2.674916221966225471e+00 1.034318237982096766e+00 1.000000000000000000e+00 -2.384185793236071049e-08 -2.384185793236071049e-08 2.826055882225414484e-01 0.000000000000000000e+00 -4.454691103613258041e-01 -4.303345864432340795e-01 1.346299698034955750e+00 0.000000000000000000e+00
9.804999990000000665e-01 2.677498075071386818e+00 1.037216785400809194e+00 1.000000000000000000e+00 -2.384185793236071049e-08 -2.384185793236071049e-08 2.963971684884263436e-01 0.000000000000000000e+00 -4.452705069021838935e-01 -4.288853127338778659e-01 1.364541036341804903e+00 0.000000000000000000e+00
9.904999990000000754e-01 2.680202392297635683e+00 1.040254221092431264e+00 1.000000000000000000e+00 -2.384185793236071049e-08 -2.384185793236071049e-08 3.103733521410476648e-01 0.000000000000000000e+00 -4.450577490468979880e-01 -4.273665948880668308e-01 1.382747341072299907e+00 0.000000000000000000e+00
1.000499999000000084e+00 2.683030612936349257e+00 1.043432394677161978e+00 1.000000000000000000e+00 -2.384185793236071049e-08 -2.384185793236071049e-08 3.245350963721274073e-01 0.000000000000000000e+00 -4.448300450980906540e-01 -4.257775080957014735e-01 1.401091547137579330e+00 0.000000000000000000e+00
1.010499999000000093e+00 2.685984170545776539e+00 1.046753171970268959e+00 1.000000000000000000e+00 -2.384185793236071049e-08 -2.384185793236071049e-08 3.388845979719707913e-01 0.000000000000000000e+00 -4.445865577306659100e-01 -4.241171194491479834e-01 1.419692750381959634e+00 0.000000000000000000e+00
1.020499999000000102e+00 2.689064503252803551e+00 1.050218448396640802e+00 1.000000000000000000e+00 -2.384185793236071049e-08 -2.384185793236071049e-08 3.534254872419707039e-01 0.000000000000000000e+00 -4.443264011398975200e-01 -4.223844812359620615e-01 1.438692027733343703e+00 0.000000000000000000e+00
1.030499999000000111e+00 2.692273066013494365e+00 1.053830164793326585e+00 1.000000000000000000e+00 -2.384185793236071049e-08 -2.384185793236071049e-08 3.681631031829241119e-01 0.000000000000000000e+00 -4.440486377747421276e-01 -4.205786230376191703e-01 1.458251365616012540e+00 0.000000000000000000e+00
1.040499999000000120e+00 2.695611343186868680e+00 1.057590323776959496e+00 1.000000000000000000e+00 -2.384185793236071049e-08 -2.384185793236071049e-08 3.831045124949450376e-01 0.000000000000000000e+00 -4.437522747414672231e-01 -4.186985435458027149e-01 1.478572594793246431e+00 0.000000000000000000e+00
1.050499999000000129e+00 2.699080864416454784e+00 1.061501010079712870e+00 1.000000000000000000e+00 -2.384185793236071049e-08 -2.384185793236071049e-08 3.982589206219960820e-01 0.000000000000000000e+00 -4.434362595575325194e-01 -4.167432003944260277e-01 1.499841982734372081e+00 0.000000000000000000e+00
1.060499999000000138e+00 2.702683222643508465e+00 1.065564413575510461e+00 1.000000000000000000e+00 -2.384185793236071049e-08 -2.384185793236071049e-08 4.136381366853137398e-01 0.000000000000000000e+00 -4.430994752676783999e-01 -4.147114986465272324e-01 1.522357250252802441e+00 0.000000000000000000e+00
1.070499999000000146e+00 2.706420086006080528e+00 1.069782845734652987e+00 1.000000000000000000e+00 -2.384185793236071049e-08 -2.384185793236071049e-08 4.292353024766744074e-01 0.000000000000000000e+00 -4.427407356325805399e-01 -4.126022825669559690e-01 1.542112516921155585e+00 0.000000000000000000e+00
1.080499999000000155e+00 2.710289246944340480e+00 1.074154277259872003e+00 1.000000000000000000e+00 -2.384185793236071049e-08 -2.384185793236071049e-08 4.440550121618747625e-01 0.000000000000000000e+00 -4.423591759205715568e-01 -4.104165668043464610e-01 1.434280328943672078e+00 0.000000000000000000e+00
1.090499999000000164e+00 2.714280490039279403e+00 1.078667646375230049e+00 1.000000000000000000e+00 -2.384185793236071049e-08 -2.384185793236071049e-08 4.577520922000537507e-01 0.000000000000000000e+00 -4.419547277704368171e-01 -4.081598822466674381e-01 1.338821445213959960e+00 0.000000000000000000e+00
1.100499999000000173e+00 2.718384551048864228e+00 1.083312961334885305e+00 1.000000000000000000e+00 -2.384185793236071049e-08 -2.384185793236071049e-08 4.704887905542761151e-01 0.000000000000000000e+00 -4.415272888126089423e-01 -4.058372247668398103e-01 1.247754612207256031e+00 0.000000000000000000e+00
1.110499998999999960e+00 2.722591313073993824e+00 1.088079256925036820e+00 1.000000000000000000e+00 -2.384185793236071049e-08 -2.384185793236071049e-08 4.819954356612397017e-01 0.000000000000000000e+00 -4.410769128439717135e-01 -4.034540769717640529e-01 1.121096243572689666e+00 0.000000000000000000e+00
1.120499998999999969e+00 2.726890122772935854e+00 1.092954944294048714e+00 1.000000000000000000e+00 -2.384185793236071049e-08 -2.384185793236071049e-08 4.924654208267585376e-01 0.000000000000000000e+00 -4.406037946969139640e-01 -4.010162332872581059e-01 1.023800188448918291e+00 0.000000000000000000e+00
1.130499998999999978e+00 2.731272041525037775e+00 1.097930360495120494e+00 1.000000000000000000e+00 -2.384185793236071049e-08 -2.384185793236071049e-08 5.019718399391079888e-01 0.000000000000000000e+00 -4.401080279427872499e-01 -3.985285251867222156e-01 9.250970984809535613e-01 0.000000000000000000e+00
1.140499998999999987e+00 2.735728135201352718e+00 1.102995829664014771e+00 1.000000000000000000e+00 -2.384185793236071049e-08 -2.384185793236071049e-08 5.105633965465934399e-01 0.000000000000000000e+00 -4.395897866501355944e-01 -3.959957906022750773e-01 8.396168055036650202e-01 0.000000000000000000e+00
1.150499998999999995e+00 2.740251217038762288e+00 1.108143643714266657e+00 1.000000000000000000e+00 -2.384185793236071049e-08 -2.384185793236071049e-08 5.185104389627286370e-01 0.000000000000000000e+00 -4.390491199810420131e-01 -3.934218835771490230e-01 7.808590025249625421e-01 0.000000000000000000e+00
1.160499999000000004e+00 2.744836075681508447e+00 1.113368330836968845e+00 1.000000000000000000e+00 -2.384185793236071049e-08 -2.384185793236071049e-08 5.259846571002333437e-01 0.000000000000000000e+00 -4.384859001639668796e-01 -3.908095400157980404e-01 7.370360926439554206e-01 0.000000000000000000e+00
1.170499999000000013e+00 2.749478704914180671e+00 1.118665787696532243e+00 1.000000000000000000e+00 -2.384185793236071049e-08 -2.384185793236071049e-08 5.330965896810956339e-01 0.000000000000000000e+00 -4.378998914568686951e-01 -3.881608115860164521e-01 7.029254398106149493e-01 0.000000000000000000e+00
1.180499999000000022e+00 2.754175860001253362e+00 1.124032779478719046e+00 1.000000000000000000e+00 -2.384185793236071049e-08 -2.384185793236071049e-08 5.399168508704450531e-01 0.000000000000000000e+00 -4.372907901255296825e-01 -3.854773156949229396e-01 6.753695485937805110e-01 0.000000000000000000e+00
1.190499999000000031e+00 2.758924854062152043e+00 1.129466711462737916e+00 1.000000000000000000e+00 -2.384185793236071049e-08 -2.384185793236071049e-08 5.465059656513511221e-01 0.000000000000000000e+00 -4.366582401894844034e-01 -3.827603497029135049e-01 6.537402473986447804e-01 0.000000000000000000e+00
1.200499999000000040e+00 2.763723497766028991e+00 1.134965563529470201e+00 1.000000000000000000e+00 -2.384185793236071049e-08 -2.384185793236071049e-08 5.529181417907410578e-01 0.000000000000000000e+00 -4.360018329189972452e-01 -3.800109236695472514e-01 6.373248591493870796e-01 0.000000000000000000e+00
1.210499999000000049e+00 2.768570027520485421e+00 1.140527811318841733e+00 1.000000000000000000e+00 -2.384185793236071049e-08 -2.384185793236071049e-08 5.591985321909207496e-01 0.000000000000000000e+00 -4.353211087076985786e-01 -3.772297997748614851e-01 6.251823406026114638e-01 0.000000000000000000e+00
