4.900000000000000466e-01 2.644268001474773477e+00 1.000000000000000000e+00 1.000000000000000000e+00 0.000000000000000000e+00 0.000000000000000000e+00 0.000000000000000000e+00 0.000000000000000000e+00 -4.474937185533099937e-01 -4.474937185533100492e-01
5.000000000000000000e-01 2.644268001474773477e+00 1.000000000000000000e+00 1.000000000000000000e+00 0.000000000000000000e+00 0.000000000000000000e+00 0.000000000000000000e+00 0.000000000000000000e+00 -4.474937185533099937e-01 -4.474937185533100492e-01
5.104999989999999821e-01 2.644268001474773477e+00 1.000000000000000000e+00 1.000000000000000000e+00 0.000000000000000000e+00 0.000000000000000000e+00 0.000000000000000000e+00 0.000000000000000000e+00 -4.474937185533099937e-01 -4.474937185533100492e-01
5.204999989999999910e-01 2.644268001474773477e+00 1.000000000000000000e+00 1.000000000000000000e+00 0.000000000000000000e+00 0.000000000000000000e+00 0.000000000000000000e+00 0.000000000000000000e+00 -4.474937185533099937e-01 -4.474937185533100492e-01
5.304999989999999999e-01 2.644268001474773477e+00 1.000000000000000000e+00 1.000000000000000000e+00 0.000000000000000000e+00 0.000000000000000000e+00 0.000000000000000000e+00 0.000000000000000000e+00 -4.474937185533099937e-01 -4.474937185533100492e-01
5.404999990000000087e-01 2.644268001474773477e+00 1.000000000000000000e+00 1.000000000000000000e+00 0.000000000000000000e+00 0.000000000000000000e+00 0.000000000000000000e+00 0.000000000000000000e+00 -4.474937185533099937e-01 -4.474937185533100492e-01
5.504999990000000176e-01 2.644268001474773477e+00 1.000000000000000000e+00 1.000000000000000000e+00 0.000000000000000000e+00 0.000000000000000000e+00 0.000000000000000000e+00 0.000000000000000000e+00 -4.474937185533099937e-01 -4.474937185533100492e-01
5.604999990000000265e-01 2.644268001474773477e+00 1.000000000000000000e+00 1.000000000000000000e+00 0.000000000000000000e+00 0.000000000000000000e+00 0.000000000000000000e+00 0.000000000000000000e+00 -4.474937185533099937e-01 -4.474937185533100492e-01
5.704999990000000354e-01 2.644268001474773477e+00 1.000000000000000000e+00 1.000000000000000000e+00 0.000000000000000000e+00 0.000000000000000000e+00 0.000000000000000000e+00 0.000000000000000000e+00 -4.474937185533099937e-01 -4.474937185533100492e-01
5.804999990000000443e-01 2.644268001474773477e+00 1.000000000000000000e+00 1.000000000000000000e+00 0.000000000000000000e+00 0.000000000000000000e+00 0.000000000000000000e+00 0.000000000000000000e+00 -4.474937185533099937e-01 -4.474937185533100492e-01
5.904999990000000532e-01 2.644268001474773477e+00 1.000000000000000000e+00 1.000000000000000000e+00 0.000000000000000000e+00 0.000000000000000000e+00 0.000000000000000000e+00 0.000000000000000000e+00 -4.474937185533099937e-01 -4.474937185533100492e-01
6.004999990000000620e-01 2.644268001474773477e+00 1.000000000000000000e+00 1.000000000000000000e+00 0.000000000000000000e+00 0.000000000000000000e+00 0.000000000000000000e+00 0.000000000000000000e+00 -4.474937185533099937e-01 -4.474937185533100492e-01
6.104999990000000709e-01 2.644268001474773477e+00 1.000000000000000000e+00 1.000000000000000000e+00 0.000000000000000000e+00 0.000000000000000000e+00 0.000000000000000000e+00 0.000000000000000000e+00 -4.474937185533099937e-01 -4.474937185533100492e-01
6.204999990000000798e-01 2.644268001474773477e+00 1.000000000000000000e+00 1.000000000000000000e+00 0.000000000000000000e+00 0.000000000000000000e+00 0.000000000000000000e+00 0.000000000000000000e+00 -4.474937185533099937e-01 -4.474937185533100492e-01
6.304999990000000887e-01 2.644268001474773477e+00 1.000000000000000000e+00 1.000000000000000000e+00 0.000000000000000000e+00 0.000000000000000000e+00 0.000000000000000000e+00 0.000000000000000000e+00 -4.474937185533099937e-01 -4.474937185533100492e-01
6.404999989999999865e-01 2.644268001474773477e+00 1.000000000000000000e+00 1.000000000000000000e+00 0.000000000000000000e+00 0.000000000000000000e+00 0.000000000000000000e+00 0.000000000000000000e+00 -4.474937185533099937e-01 -4.474937185533100492e-01
6.504999989999999954e-01 2.644268001474773477e+00 1.000000000000000000e+00 1.000000000000000000e+00 0.000000000000000000e+00 0.000000000000000000e+00 0.000000000000000000e+00 0.000000000000000000e+00 -4.474937185533099937e-01 -4.474937185533100492e-01
6.604999990000000043e-01 2.644268001474773477e+00 1.000000000000000000e+00 1.000000000000000000e+00 0.000000000000000000e+00 0.000000000000000000e+00 0.000000000000000000e+00 0.000000000000000000e+00 -4.474937185533099937e-01 -4.474937185533100492e-01
6.704999990000000132e-01 2.644268001474773477e+00 1.000000000000000000e+00 1.000000000000000000e+00 0.000000000000000000e+00 0.000000000000000000e+00 0.000000000000000000e+00 0.000000000000000000e+00 -4.474937185533099937e-01 -4.474937185533100492e-01
6.804999990000000221e-01 2.644268001474773477e+00 1.000000000000000000e+00 1.000000000000000000e+00 0.000000000000000000e+00 0.000000000000000000e+00 0.000000000000000000e+00 0.000000000000000000e+00 -4.474937185533099937e-01 -4.474937185533100492e-01
6.904999990000000309e-01 2.644268001474773477e+00 1.000000000000000000e+00 1.000000000000000000e+00 0.000000000000000000e+00 0.000000000000000000e+00 0.000000000000000000e+00 0.000000000000000000e+00 -4.474937185533099937e-01 -4.474937185533100492e-01
7.004999990000000398e-01 2.644268001474773477e+00 1.000000000000000000e+00 1.000000000000000000e+00 0.000000000000000000e+00 0.000000000000000000e+00 0.000000000000000000e+00 0.000000000000000000e+00 -4.474937185533099937e-01 -4.474937185533100492e-01
7.104999990000000487e-01 2.644268001474773477e+00 1.000000000000000000e+00 1.000000000000000000e+00 0.000000000000000000e+00 0.000000000000000000e+00 0.000000000000000000e+00 0.000000000000000000e+00 -4.474937185533099937e-01 -4.474937185533100492e-01
7.204999990000000576e-01 2.644268001474773477e+00 1.000000000000000000e+00 1.000000000000000000e+00 0.000000000000000000e+00 0.000000000000000000e+00 0.000000000000000000e+00 0.000000000000000000e+00 -4.474937185533099937e-01 -4.474937185533100492e-01
7.304999990000000665e-01 2.644268001474773477e+00 1.000000000000000000e+00 1.000000000000000000e+00 0.000000000000000000e+00 0.000000000000000000e+00 0.000000000000000000e+00 0.000000000000000000e+00 -4.474937185533099937e-01 -4.474937185533100492e-01
7.404999990000000754e-01 2.644268001474773477e+00 1.000000000000000000e+00 1.000000000000000000e+00 0.000000000000000000e+00 0.000000000000000000e+00 0.000000000000000000e+00 0.000000000000000000e+00 -4.474937185533099937e-01 -4.474937185533100492e-01
7.504999990000000842e-01 2.644268001474773477e+00 1.000000000000000000e+00 1.000000000000000000e+00 0.000000000000000000e+00 0.000000000000000000e+00 0.000000000000000000e+00 0.000000000000000000e+00 -4.474937185533099937e-01 -4.474937185533100492e-01
7.604999990000000931e-01 2.644268001474773477e+00 1.000000000000000000e+00 1.000000000000000000e+00 0.000000000000000000e+00 0.000000000000000000e+00 0.000000000000000000e+00 0.000000000000000000e+00 -4.474937185533099937e-01 -4.474937185533100492e-01
7.704999990000001020e-01 2.644268001474773477e+00 1.000000000000000000e+00 1.000000000000000000e+00 0.000000000000000000e+00 0.000000000000000000e+00 0.000000000000000000e+00 0.000000000000000000e+00 -4.474937185533099937e-01 -4.474937185533100492e-01
7.804999989999999999e-01 2.644268001474773477e+00 1.000000000000000000e+00 1.000000000000000000e+00 0.000000000000000000e+00 0.000000000000000000e+00 0.000000000000000000e+00 0.000000000000000000e+00 -4.474937185533099937e-01 -4.474937185533100492e-01
7.904999990000000087e-01 2.644268001474773477e+00 1.000000000000000000e+00 1.000000000000000000e+00 0.000000000000000000e+00 0.000000000000000000e+00 0.000000000000000000e+00 0.000000000000000000e+00 -4.474937185533099937e-01 -4.474937185533100492e-01
8.004999990000000176e-01 2.644268001474773477e+00 1.000000000000000000e+00 1.000000000000000000e+00 0.000000000000000000e+00 0.000000000000000000e+00 0.000000000000000000e+00 0.000000000000000000e+00 -4.474937185533099937e-01 -4.474937185533100492e-01
8.104999990000000265e-01 2.644268001474773477e+00 1.000000000000000000e+00 1.000000000000000000e+00 0.000000000000000000e+00 0.000000000000000000e+00 0.000000000000000000e+00 0.000000000000000000e+00 -4.474937185533099937e-01 -4.474937185533100492e-01
8.204999990000000354e-01 2.644268001474773477e+00 1.000000000000000000e+00 1.000000000000000000e+00 0.000000000000000000e+00 0.000000000000000000e+00 0.000000000000000000e+00 0.000000000000000000e+00 -4.474937185533099937e-01 -4.474937185533100492e-01
8.304999990000000443e-01 2.644268001474773477e+00 1.000000000000000000e+00 1.000000000000000000e+00 0.000000000000000000e+00 0.000000000000000000e+00 0.000000000000000000e+00 0.000000000000000000e+00 -4.474937185533099937e-01 -4.474937185533100492e-01
8.404999990000000532e-01 2.644268001474773477e+00 1.000000000000000000e+00 1.000000000000000000e+00 0.000000000000000000e+00 0.000000000000000000e+00 0.000000000000000000e+00 0.000000000000000000e+00 -4.474937185533099937e-01 -4.474937185533100492e-01
8.504999990000000620e-01 2.644268001474773477e+00 1.000000000000000000e+00 1.000000000000000000e+00 0.000000000000000000e+00 0.000000000000000000e+00 0.000000000000000000e+00 0.000000000000000000e+00 -4.474937185533099937e-01 -4.474937185533100492e-01
8.604999990000000709e-01 2.644268001474773477e+00 1.000000000000000000e+00 1.000000000000000000e+00 0.000000000000000000e+00 0.000000000000000000e+00 0.000000000000000000e+00 0.000000000000000000e+00 -4.474937185533099937e-01 -4.474937185533100492e-01
8.704999990000000798e-01 2.644268001474773477e+00 1.000000000000000000e+00 1.000000000000000000e+00 0.000000000000000000e+00 0.000000000000000000e+00 0.000000000000000000e+00 0.000000000000000000e+00 -4.474937185533099937e-01 -4.474937185533100492e-01
8.804999990000000887e-01 2.644268001474773477e+00 1.000000000000000000e+00 1.000000000000000000e+00 0.000000000000000000e+00 0.000000000000000000e+00 0.000000000000000000e+00 0.000000000000000000e+00 -4.474937185533099937e-01 -4.474937185533100492e-01
8.904999990000000976e-01 2.644268001474773477e+00 1.000000000000000000e+00 1.000000000000000000e+00 0.000000000000000000e+00 0.000000000000000000e+00 0.000000000000000000e+00 0.000000000000000000e+00 -4.474937185533099937e-01 -4.474937185533100492e-01
9.004999990000001064e-01 2.644268001474773477e+00 1.000000000000000000e+00 1.000000000000000000e+00 0.000000000000000000e+00 0.000000000000000000e+00 0.000000000000000000e+00 0.000000000000000000e+00 -4.474937185533099937e-01 -4.474937185533100492e-01
9.104999990000000043e-01 2.644268001474773477e+00 1.000000000000000000e+00 1.000000000000000000e+00 0.000000000000000000e+00 0.000000000000000000e+00 0.000000000000000000e+00 0.000000000000000000e+00 -4.474937185533099937e-01 -4.474937185533100492e-01
9.204999990000000132e-01 2.644268001474773477e+00 1.000000000000000000e+00 1.000000000000000000e+00 0.000000000000000000e+00 0.000000000000000000e+00 0.000000000000000000e+00 0.000000000000000000e+00 -4.474937185533099937e-01 -4.474937185533100492e-01
9.304999990000000221e-01 2.644268001474773477e+00 1.000000000000000000e+00 1.000000000000000000e+00 0.000000000000000000e+00 0.000000000000000000e+00 0.000000000000000000e+00 0.000000000000000000e+00 -4.474937185533099937e-01 -4.474937185533100492e-01
9.404999990000000309e-01 2.644268001474773477e+00 1.000000000000000000e+00 1.000000000000000000e+00 0.000000000000000000e+00 0.000000000000000000e+00 0.000000000000000000e+00 0.000000000000000000e+00 -4.474937185533099937e-01 -4.474937185533100492e-01
9.504999990000000398e-01 2.644268001474773477e+00 1.000000000000000000e+00 1.000000000000000000e+00 0.000000000000000000e+00 0.000000000000000000e+00 0.000000000000000000e+00 0.000000000000000000e+00 -4.474937185533099937e-01 -4.474937185533100492e-01
9.604999990000000487e-01 2.644268001474773477e+00 1.000000000000000000e+00 1.000000000000000000e+00 0.000000000000000000e+00 0.000000000000000000e+00 0.000000000000000000e+00 0.000000000000000000e+00 -4.474937185533099937e-01 -4.474937185533100492e-01
9.704999990000000576e-01 2.644268001474773477e+00 1.000000000000000000e+00 1.000000000000000000e+00 0.000000000000000000e+00 0.000000000000000000e+00 0.000000000000000000e+00 0.000000000000000000e+00 -4.474937185533099937e-01 -4.474937185533100492e-01
9.804999990000000665e-01 2.644268001474773477e+00 1.000000000000000000e+00 1.000000000000000000e+00 0.000000000000000000e+00 0.000000000000000000e+00 0.000000000000000000e+00 0.000000000000000000e+00 -4.474937185533099937e-01 -4.474937185533100492e-01
9.904999990000000754e-01 2.644268001474773477e+00 1.000000000000000000e+00 1.000000000000000000e+00 0.000000000000000000e+00 0.000000000000000000e+00 0.000000000000000000e+00 0.000000000000000000e+00 -4.474937185533099937e-01 -4.474937185533100492e-01
1.000499999000000084e+00 2.644268001474773477e+00 1.000000000000000000e+00 1.000000000000000000e+00 0.000000000000000000e+00 0.000000000000000000e+00 0.000000000000000000e+00 0.000000000000000000e+00 -4.474937185533099937e-01 -4.474937185533100492e-01
1.010499999000000093e+00 2.644268001474773477e+00 1.000000000000000000e+00 1.000000000000000000e+00 0.000000000000000000e+00 0.000000000000000000e+00 0.000000000000000000e+00 0.000000000000000000e+00 -4.474937185533099937e-01 -4.474937185533100492e-01
1.020499999000000102e+00 2.644268001474773477e+00 1.000000000000000000e+00 1.000000000000000000e+00 0.000000000000000000e+00 0.000000000000000000e+00 0.000000000000000000e+00 0.000000000000000000e+00 -4.474937185533099937e-01 -4.474937185533100492e-01
1.030499999000000111e+00 2.644268001474773477e+00 1.000000000000000000e+00 1.000000000000000000e+00 0.000000000000000000e+00 0.000000000000000000e+00 0.000000000000000000e+00 0.000000000000000000e+00 -4.474937185533099937e-01 -4.474937185533100492e-01
1.040499999000000120e+00 2.644268001474773477e+00 1.000000000000000000e+00 1.000000000000000000e+00 0.000000000000000000e+00 0.000000000000000000e+00 0.000000000000000000e+00 0.000000000000000000e+00 -4.474937185533099937e-01 -4.474937185533100492e-01
1.050499999000000129e+00 2.644268001474773477e+00 1.000000000000000000e+00 1.000000000000000000e+00 0.000000000000000000e+00 0.000000000000000000e+00 0.000000000000000000e+00 0.000000000000000000e+00 -4.474937185533099937e-01 -4.474937185533100492e-01
1.060499999000000138e+00 2.644268001474773477e+00 1.000000000000000000e+00 1.000000000000000000e+00 0.000000000000000000e+00 0.000000000000000000e+00 0.000000000000000000e+00 0.000000000000000000e+00 -4.474937185533099937e-01 -4.474937185533100492e-01
1.070499999000000146e+00 2.644268001474773477e+00 1.000000000000000000e+00 1.000000000000000000e+00 0.000000000000000000e+00 0.000000000000000000e+00 0.000000000000000000e+00 0.000000000000000000e+00 -4.474937185533099937e-01 -4.474937185533100492e-01
1.080499999000000155e+00 2.644268001474773477e+00 1.000000000000000000e+00 1.000000000000000000e+00 0.000000000000000000e+00 0.000000000000000000e+00 0.000000000000000000e+00 0.000000000000000000e+00 -4.474937185533099937e-01 -4.474937185533100492e-01
1.090499999000000164e+00 2.644268001474773477e+00 1.000000000000000000e+00 1.000000000000000000e+00 0.000000000000000000e+00 0.000000000000000000e+00 0.000000000000000000e+00 0.000000000000000000e+00 -4.474937185533099937e-01 -4.474937185533100492e-01
1.100499999000000173e+00 2.644268001474773477e+00 1.000000000000000000e+00 1.000000000000000000e+00 0.000000000000000000e+00 0.000000000000000000e+00 0.000000000000000000e+00 0.000000000000000000e+00 -4.474937185533099937e-01 -4.474937185533100492e-01
1.110499998999999960e+00 2.644268001474773477e+00 1.000000000000000000e+00 1.000000000000000000e+00 0.000000000000000000e+00 0.000000000000000000e+00 0.000000000000000000e+00 0.000000000000000000e+00 -4.474937185533099937e-01 -4.474937185533100492e-01
1.120499998999999969e+00 2.644268062651223161e+00 1.000000068354534921e+00 1.000000000000000000e+00 0.000000000000000000e+00 0.000000000000000000e+00 3.273050186436781924e-05 0.000000000000000000e+00 -4.474937151183641659e-01 -4.474936843760425886e-01
1.130499998999999978e+00 2.644269654184128626e+00 1.000001846628743252e+00 1.000000000000000000e+00 0.000000000000000000e+00 0.000000000000000000e+00 4.216440427918153829e-04 0.000000000000000000e+00 -4.474936257558586594e-01 -4.474927952389384234e-01
1.140499998999999987e+00 2.644278461024853755e+00 1.000011686819848089e+00 1.000000000000000000e+00 0.000000000000000000e+00 0.000000000000000000e+00 1.638121709835085871e-03 0.000000000000000000e+00 -4.474931312338514822e-01 -4.474878751433858937e-01
1.150499998999999995e+00 2.644278461024853755e+00 1.000011686819848089e+00 1.000000000000000000e+00 0.000000000000000000e+00 0.000000000000000000e+00 1.638121709835085871e-03 0.000000000000000000e+00 -4.474931312338514822e-01 -4.474878751433858937e-01
1.160499999000000004e+00 2.644319869693346092e+00 1.000057954318950726e+00 1.000000000000000000e+00 0.000000000000000000e+00 0.000000000000000000e+00 4.893608796852616689e-03 0.000000000000000000e+00 -4.474908053867696633e-01 -4.474647413938345752e-01
1.170499999000000013e+00 2.644420933032081145e+00 1.000170877287343441e+00 1.000000000000000000e+00 0.000000000000000000e+00 0.000000000000000000e+00 9.463900630279549822e-03 0.000000000000000000e+00 -4.474851242357614223e-01 -4.474082799096383289e-01
1.180499999000000022e+00 2.644457844604792829e+00 1.000212120734724763e+00 1.000000000000000000e+00 0.000000000000000000e+00 0.000000000000000000e+00 1.084600561052204322e-02 0.000000000000000000e+00 -4.474830476654076405e-01 -4.473876581859476675e-01
1.190499999000000031e+00 2.644640533177272879e+00 1.000416252123987881e+00 1.000000000000000000e+00 0.000000000000000000e+00 0.000000000000000000e+00 1.526761644665187469e-02 0.000000000000000000e+00 -4.474727571207723353e-01 -4.472855924913161085e-01
1.200499999000000040e+00 2.644781886309905516e+00 1.000574199607913828e+00 1.000000000000000000e+00 0.000000000000000000e+00 0.000000000000000000e+00 1.786251265434498844e-02 0.000000000000000000e+00 -4.474647802541470987e-01 -4.472066187493530243e-01
1.210499999000000049e+00 2.644984080149449746e+00 1.000800135179270578e+00 1.000000000000000000e+00 0.000000000000000000e+00 0.000000000000000000e+00 2.089285731646601391e-02 0.000000000000000000e+00 -4.474533477492740885e-01 -4.470936509636746492e-01
1.220499999000000058e+00 2.645181211334950433e+00 1.001020419200485012e+00 1.000000000000000000e+00 0.000000000000000000e+00 0.000000000000000000e+00 2.392668649205220710e-02 0.000000000000000000e+00 -4.474421762638745026e-01 -4.469835089530675432e-01
1.230499999000000066e+00 2.645384936820765809e+00 1.001248077800798386e+00 1.000000000000000000e+00 0.000000000000000000e+00 0.000000000000000000e+00 2.818803848003701221e-02 0.000000000000000000e+00 -4.474306048942011671e-01 -4.468696796529107451e-01
1.240499999000000075e+00 2.645738237000973214e+00 1.001642896705558838e+00 1.000000000000000000e+00 0.000000000000000000e+00 0.000000000000000000e+00 3.452323377218061151e-02 0.000000000000000000e+00 -4.474104747462861464e-01 -4.466722702005305190e-01
1.250499999000000084e+00 2.645865928381168963e+00 1.001785598350020345e+00 1.000000000000000000e+00 0.000000000000000000e+00 0.000000000000000000e+00 3.631563992234494720e-02 0.000000000000000000e+00 -4.474031795155034019e-01 -4.466009193782997655e-01
1.260499999000000093e+00 2.646428652874427190e+00 1.002414499523698987e+00 1.000000000000000000e+00 0.000000000000000000e+00 0.000000000000000000e+00 4.361014688051483706e-02 0.000000000000000000e+00 -4.473709054335884283e-01 -4.462864687914604445e-01
1.270499999000000102e+00 2.646823503432722546e+00 1.002855811859524326e+00 1.000000000000000000e+00 0.000000000000000000e+00 0.000000000000000000e+00 4.734793801317732642e-02 0.000000000000000000e+00 -4.473481381202502605e-01 -4.460658126235478860e-01
1.280499999000000111e+00 2.647277357595612113e+00 1.003363098524352903e+00 1.000000000000000000e+00 0.000000000000000000e+00 0.000000000000000000e+00 5.258801523356251145e-02 0.000000000000000000e+00 -4.473218449513968742e-01 -4.458121692911335976e-01
1.290499999000000120e+00 2.647771426042094589e+00 1.003915367912070922e+00 1.000000000000000000e+00 0.000000000000000000e+00 0.000000000000000000e+00 5.557454499323508795e-02 0.000000000000000000e+00 -4.472930716166521603e-01 -4.455360345972744773e-01
1.300499999000000129e+00 2.648088757510421942e+00 1.004270099596606070e+00 1.000000000000000000e+00 0.000000000000000000e+00 0.000000000000000000e+00 6.040799383911332060e-02 0.000000000000000000e+00 -4.472745082773985081e-01 -4.453586687550070145e-01
1.310499999000000138e+00 2.648927210237931540e+00 1.005207442222922909e+00 1.000000000000000000e+00 0.000000000000000000e+00 0.000000000000000000e+00 6.804656921701275618e-02 0.000000000000000000e+00 -4.472251487256327374e-01 -4.448899974418484837e-01
1.320499999000000146e+00 2.649535979198508695e+00 1.005888076486343596e+00 1.000000000000000000e+00 0.000000000000000000e+00 0.000000000000000000e+00 7.332285168459844182e-02 0.000000000000000000e+00 -4.471890272466856886e-01 -4.445496803101382510e-01
1.330499999000000155e+00 2.650194725165007981e+00 1.006624649703448338e+00 1.000000000000000000e+00 0.000000000000000000e+00 0.000000000000000000e+00 8.032688851634435523e-02 0.000000000000000000e+00 -4.471496716471853872e-01 -4.441813937015858804e-01
1.340499999000000164e+00 2.650979491728452153e+00 1.007502217126986288e+00 1.000000000000000000e+00 0.000000000000000000e+00 0.000000000000000000e+00 8.357784986075755818e-02 0.000000000000000000e+00 -4.471024223720858060e-01 -4.437426099898169052e-01
1.350499999000000173e+00 2.651533543264394055e+00 1.008121842861321449e+00 1.000000000000000000e+00 0.000000000000000000e+00 0.000000000000000000e+00 9.013987945770786381e-02 0.000000000000000000e+00 -4.470688249871117570e-01 -4.434327971226492138e-01
1.360499999000000182e+00 2.652365471759611903e+00 1.009052321197981827e+00 1.000000000000000000e+00 0.000000000000000000e+00 0.000000000000000000e+00 9.555547140794815042e-02 0.000000000000000000e+00 -4.470180055192498059e-01 -4.429675579543190245e-01
1.370499999000000191e+00 2.653565188720754975e+00 1.010394343385677907e+00 1.000000000000000000e+00 0.000000000000000000e+00 0.000000000000000000e+00 1.031048358597466408e-01 0.000000000000000000e+00 -4.469439326897062248e-01 -4.422965468604710959e-01
1.380499998999999978e+00 2.654515143501214869e+00 1.011457136327919670e+00 1.000000000000000000e+00 0.000000000000000000e+00 0.000000000000000000e+00 1.062792942241739119e-01 0.000000000000000000e+00 -4.468846211047338146e-01 -4.417651503893502141e-01
1.390499998999999987e+00 2.655469772072911017e+00 1.012525301036677483e+00 1.000000000000000000e+00 0.000000000000000000e+00 0.000000000000000000e+00 1.140650771657284318e-01 0.000000000000000000e+00 -4.468244299112628104e-01 -4.412310680349713077e-01
1.400499998999999995e+00 2.656261191363989305e+00 1.013410955188152052e+00 1.000000000000000000e+00 0.000000000000000000e+00 0.000000000000000000e+00 1.204807272689609327e-01 0.000000000000000000e+00 -4.467740822655986155e-01 -4.407882409592340234e-01
1.410499999000000004e+00 2.657830523446226501e+00 1.015167445943556013e+00 1.000000000000000000e+00 0.000000000000000000e+00 0.000000000000000000e+00 1.300159887880490972e-01 0.000000000000000000e+00 -4.466730462273038604e-01 -4.399099955815319318e-01
1.420499999000000013e+00 2.658359616625489252e+00 1.015759728771771897e+00 1.000000000000000000e+00 0.000000000000000000e+00 0.000000000000000000e+00 1.325757208759516526e-01 0.000000000000000000e+00 -4.466386224395677007e-01 -4.396138541674241007e-01
1.430499999000000022e+00 2.660266236878342294e+00 1.017894438304996374e+00 1.000000000000000000e+00 0.000000000000000000e+00 0.000000000000000000e+00 1.421272322446199832e-01 0.000000000000000000e+00 -4.465130666500000123e-01 -4.385464994008118622e-01
1.440499999000000031e+00 2.661364986323231374e+00 1.019124905809665416e+00 1.000000000000000000e+00 0.000000000000000000e+00 0.000000000000000000e+00 1.463857352381692234e-01 0.000000000000000000e+00 -4.464396380265778230e-01 -4.379312656484772304e-01
1.450499999000000040e+00 2.662776141128774476e+00 1.020705528624079372e+00 1.000000000000000000e+00 0.000000000000000000e+00 0.000000000000000000e+00 1.536913420521371365e-01 0.000000000000000000e+00 -4.463441788113318709e-01 -4.371409542412702520e-01
1.460499999000000049e+00 2.664107373651585231e+00 1.022196943079279663e+00 1.000000000000000000e+00 0.000000000000000000e+00 0.000000000000000000e+00 1.593322727911717362e-01 0.000000000000000000e+00 -4.462529362890660378e-01 -4.363952470136702178e-01
1.470499999000000058e+00 2.664976171378134584e+00 1.023170445048442456e+00 1.000000000000000000e+00 0.000000000000000000e+00 0.000000000000000000e+00 1.632896153006114792e-01 0.000000000000000000e+00 -4.461927653308159214e-01 -4.359084960290888211e-01
1.480499999000000066e+00 2.666627669007434864e+00 1.025021339367244488e+00 1.000000000000000000e+00 0.000000000000000000e+00 0.000000000000000000e+00 1.713310234417378952e-01 0.000000000000000000e+00 -4.460770264542645580e-01 -4.349830488696876940e-01
1.490499999000000075e+00 2.668841876639044930e+00 1.027503644370357128e+00 1.000000000000000000e+00 0.000000000000000000e+00 0.000000000000000000e+00 1.820491823743198290e-01 0.000000000000000000e+00 -4.459190510235207516e-01 -4.337418963681313744e-01
1.500499999000000084e+00 2.670412179159926236e+00 1.029264617323994546e+00 1.000000000000000000e+00 0.000000000000000000e+00 0.000000000000000000e+00 1.868326010848921082e-01 0.000000000000000000e+00 -4.458050672159576955e-01 -4.328614098913127761e-01
1.510499999000000093e+00 2.672032825322534499e+00 1.031082522403595991e+00 1.000000000000000000e+00 0.000000000000000000e+00 0.000000000000000000e+00 1.931998200355134754e-01 0.000000000000000000e+00 -4.456857301557890505e-01 -4.319524573515120536e-01
1.520499999000000102e+00 2.673169886706340481e+00 1.032358274869760617e+00 1.000000000000000000e+00 0.000000000000000000e+00 0.000000000000000000e+00 1.981314890620252123e-01 0.000000000000000000e+00 -4.456009703061276639e-01 -4.313145811184297407e-01
1.530499999000000111e+00 2.675699920842404378e+00 1.035197784375343932e+00 1.000000000000000000e+00 0.000000000000000000e+00 0.000000000000000000e+00 2.071348673886354297e-01 0.000000000000000000e+00 -4.454093153898092683e-01 -4.298948263656380830e-01
1.540499999000000120e+00 2.677103271276206620e+00 1.036773324460608103e+00 1.000000000000000000e+00 0.000000000000000000e+00 0.000000000000000000e+00 2.121695525219987888e-01 0.000000000000000000e+00 -4.453011855719692380e-01 -4.291070563230058865e-01
1.550499999000000129e+00 2.679520837358187357e+00 1.039488428875165127e+00 1.000000000000000000e+00 0.000000000000000000e+00 0.000000000000000000e+00 2.208655778806847825e-01 0.000000000000000000e+00 -4.451118505474137010e-01 -4.277495041157274858e-01
1.560499999000000138e+00 2.681528453788843969e+00 1.041744015574729287e+00 1.000000000000000000e+00 0.000000000000000000e+00 0.000000000000000000e+00 2.280142809051893260e-01 0.000000000000000000e+00 -4.449516729057370612e-01 -4.266217107659452945e-01
1.570499999000000146e+00 2.682764536500550356e+00 1.043133179173496128e+00 1.000000000000000000e+00 0.000000000000000000e+00 0.000000000000000000e+00 2.329827156171987712e-01 0.000000000000000000e+00 -4.448517184520247580e-01 -4.259271289665619853e-01
1.580499999000000155e+00 2.685734552005465847e+00 1.046472300991917015e+00 1.000000000000000000e+00 0.000000000000000000e+00 0.000000000000000000e+00 2.429767136714847675e-01 0.000000000000000000e+00 -4.446073859745053869e-01 -4.242575680573514307e-01
1.590499999000000164e+00 2.687371642672819583e+00 1.048313636527255177e+00 1.000000000000000000e+00 0.000000000000000000e+00 0.000000000000000000e+00 2.455114047117456511e-01 0.000000000000000000e+00 -4.444701874784922624e-01 -4.233369002896824607e-01
1.600499999000000173e+00 2.690283444054292428e+00 1.051590135758080136e+00 1.000000000000000000e+00 0.000000000000000000e+00 0.000000000000000000e+00 2.561232675567770012e-01 0.000000000000000000e+00 -4.442217191556960820e-01 -4.216986506742698704e-01
1.610499999000000182e+00 2.692473549782070208e+00 1.054055767662520626e+00 1.000000000000000000e+00 0.000000000000000000e+00 0.000000000000000000e+00 2.626610544774987677e-01 0.000000000000000000e+00 -4.440310770715520938e-01 -4.204658347220497361e-01
1.620499999000000191e+00 2.694719232974656542e+00 1.056585077927015170e+00 1.000000000000000000e+00 0.000000000000000000e+00 0.000000000000000000e+00 2.685938473439647423e-01 0.000000000000000000e+00 -4.438322370427508767e-01 -4.192011795898024640e-01
1.630499999000000200e+00 2.694719232974656542e+00 1.056585077927015170e+00 1.000000000000000000e+00 0.000000000000000000e+00 0.000000000000000000e+00 2.685938473439647423e-01 0.000000000000000000e+00 -4.438322370427508767e-01 -4.192011795898024640e-01
1.640499999000000209e+00 2.697762577527496930e+00 1.060014621389033795e+00 1.000000000000000000e+00 0.000000000000000000e+00 0.000000000000000000e+00 2.743634769614958224e-01 0.000000000000000000e+00 -4.435573221373896868e-01 -4.174864078587931515e-01
1.650499998999999995e+00 2.697762577527496930e+00 1.060014621389033795e+00 1.000000000000000000e+00 0.000000000000000000e+00 0.000000000000000000e+00 2.743634769614958224e-01 0.000000000000000000e+00 -4.435573221373896868e-01 -4.174864078587931515e-01
1.660499999000000004e+00 2.704813838413053340e+00 1.067969034707453302e+00 1.000000000000000000e+00 0.000000000000000000e+00 0.000000000000000000e+00 2.980914205328308308e-01 0.000000000000000000e+00 -4.428961359605709247e-01 -4.135092011995832872e-01
1.670499999000000013e+00 2.707487667233200224e+00 1.070988490202815724e+00 1.000000000000000000e+00 0.000000000000000000e+00 0.000000000000000000e+00 3.037070412987629142e-01 0.000000000000000000e+00 -4.426365131154413324e-01 -4.119994734519020763e-01
1.680499999000000022e+00 2.708845435681140223e+00 1.072522450025903629e+00 1.000000000000000000e+00 0.000000000000000000e+00 0.000000000000000000e+00 3.077807481421174773e-01 0.000000000000000000e+00 -4.425027929456490927e-01 -4.112324935403581239e-01
1.690499999000000031e+00 2.713288448268324160e+00 1.077545293024281037e+00 1.000000000000000000e+00 0.000000000000000000e+00 0.000000000000000000e+00 3.193786714495235879e-01 0.000000000000000000e+00 -4.420563151014633152e-01 -4.087210720411695308e-01
1.700499999000000040e+00 2.715281526574746973e+00 1.079800140291729216e+00 1.000000000000000000e+00 0.000000000000000000e+00 0.000000000000000000e+00 3.221210382068773193e-01 0.000000000000000000e+00 -4.418515806498629628e-01 -4.075936484074453303e-01
1.710499999000000049e+00 2.719066466609221244e+00 1.084085099284162190e+00 1.000000000000000000e+00 0.000000000000000000e+00 0.000000000000000000e+00 3.344003203454106177e-01 0.000000000000000000e+00 -4.414551546737352505e-01 -4.054511689112289541e-01
1.720499999000000058e+00 2.720402612378376883e+00 1.085598685538918362e+00 1.000000000000000000e+00 0.000000000000000000e+00 0.000000000000000000e+00 3.379146080891829995e-01 0.000000000000000000e+00 -4.413128147947664170e-01 -4.046943757838507572e-01
1.730499999000000066e+00 2.724489213841152058e+00 1.090231052166755976e+00 1.000000000000000000e+00 0.000000000000000000e+00 0.000000000000000000e+00 3.467807943442202112e-01 0.000000000000000000e+00 -4.408696738421332140e-01 -4.023781924699320611e-01
1.740499999000000075e+00 2.726495973384893468e+00 1.092507534122725277e+00 1.000000000000000000e+00 0.000000000000000000e+00 0.000000000000000000e+00 3.520766727697793863e-01 0.000000000000000000e+00 -4.406477477034791979e-01 -4.012399514919472998e-01
1.750499999000000084e+00 2.730420993742211255e+00 1.096963455618776839e+00 1.000000000000000000e+00 0.000000000000000000e+00 0.000000000000000000e+00 3.564737196841262779e-01 0.000000000000000000e+00 -4.402054154001948105e-01 -3.990119907439214630e-01
1.760499999000000093e+00 2.734270348115438232e+00 1.101337880844893036e+00 1.000000000000000000e+00 0.000000000000000000e+00 0.000000000000000000e+00 3.675903974604214364e-01 0.000000000000000000e+00 -4.397609257936181404e-01 -3.968247781308634758e-01
1.770499999000000102e+00 2.735898789832472033e+00 1.103189790845666485e+00 1.000000000000000000e+00 0.000000000000000000e+00 0.000000000000000000e+00 3.719688660904073574e-01 0.000000000000000000e+00 -4.395696857690675752e-01 -3.958988231304766403e-01
1.780499999000000111e+00 2.740539212340369790e+00 1.108471482622459758e+00 1.000000000000000000e+00 0.000000000000000000e+00 0.000000000000000000e+00 3.805870172383843952e-01 0.000000000000000000e+00 -4.390142229355894488e-01 -3.932579772420800035e-01
1.790499999000000120e+00 2.742735495576960059e+00 1.110973626249480706e+00 1.000000000000000000e+00 0.000000000000000000e+00 0.000000000000000000e+00 3.870565521842266321e-01 0.000000000000000000e+00 -4.387458769716488516e-01 -3.920069054285696408e-01
1.800499999000000129e+00 2.748082877547575187e+00 1.117072186281295787e+00 1.000000000000000000e+00 0.000000000000000000e+00 0.000000000000000000e+00 3.991604020239676309e-01 0.000000000000000000e+00 -4.380777770865670329e-01 -3.889576254126619892e-01
1.810499999000000138e+00 2.751433596309930785e+00 1.120898397917115208e+00 1.000000000000000000e+00 0.000000000000000000e+00 0.000000000000000000e+00 4.059005914327953879e-01 0.000000000000000000e+00 -4.376484127416113701e-01 -3.870445195947523898e-01
1.820499999000000146e+00 2.753576060752248811e+00 1.123346877036546010e+00 1.000000000000000000e+00 0.000000000000000000e+00 0.000000000000000000e+00 4.089121475147151630e-01 0.000000000000000000e+00 -4.373695139516889374e-01 -3.858202800350368777e-01
1.830499999000000155e+00 2.758283931698412239e+00 1.128732737567764710e+00 1.000000000000000000e+00 0.000000000000000000e+00 0.000000000000000000e+00 4.184067449042777609e-01 0.000000000000000000e+00 -4.367446288262347709e-01 -3.831273497694275276e-01
1.840499999000000164e+00 2.761411584982492506e+00 1.132315116230158125e+00 1.000000000000000000e+00 0.000000000000000000e+00 0.000000000000000000e+00 4.242101705992067373e-01 0.000000000000000000e+00 -4.363202871490577950e-01 -3.813361604382309311e-01
1.850499999000000173e+00 2.765143744214218380e+00 1.136594496066598570e+00 1.000000000000000000e+00 0.000000000000000000e+00 0.000000000000000000e+00 4.293703136220172190e-01 0.000000000000000000e+00 -4.358042415497708211e-01 -3.791964705200107089e-01
1.860499999000000182e+00 2.770084601599868801e+00 1.142267696102445829e+00 1.000000000000000000e+00 0.000000000000000000e+00 0.000000000000000000e+00 4.411336693688691635e-01 0.000000000000000000e+00 -4.351047215357765063e-01 -3.763598705020870794e-01
1.870499999000000191e+00 2.773566405346640451e+00 1.146271119147979745e+00 1.000000000000000000e+00 0.000000000000000000e+00 0.000000000000000000e+00 4.469738656381059827e-01 0.000000000000000000e+00 -4.346004890302943569e-01 -3.743581589793200104e-01
1.880499999000000200e+00 2.776901230333355564e+00 1.150109940884622928e+00 1.000000000000000000e+00 0.000000000000000000e+00 0.000000000000000000e+00 4.540970148573742482e-01 0.000000000000000000e+00 -4.341087216397496729e-01 -3.724387481109984188e-01
1.890499999000000209e+00 2.780878856661011866e+00 1.154694459115966687e+00 1.000000000000000000e+00 0.000000000000000000e+00 0.000000000000000000e+00 4.593483377560306224e-01 0.000000000000000000e+00 -4.335107890460214719e-01 -3.701464889953266502e-01
1.900499999000000217e+00 2.784707407987361716e+00 1.159113194033426497e+00 1.000000000000000000e+00 0.000000000000000000e+00 0.000000000000000000e+00 4.651299913115666818e-01 0.000000000000000000e+00 -4.329234806565621652e-01 -3.679371215365966341e-01
1.910499999000000226e+00 2.789814964133154884e+00 1.165017552117872723e+00 1.000000000000000000e+00 0.000000000000000000e+00 0.000000000000000000e+00 4.763474057743435908e-01 0.000000000000000000e+00 -4.321217940182363049e-01 -3.649849424943735210e-01
1.920499999000000013e+00 2.793751423743694673e+00 1.169575679537180557e+00 1.000000000000000000e+00 0.000000000000000000e+00 0.000000000000000000e+00 4.818980283299922895e-01 0.000000000000000000e+00 -4.314896034708504691e-01 -3.627058787847196042e-01
1.930499999000000022e+00 2.797526527374457395e+00 1.173953307176241800e+00 1.000000000000000000e+00 0.000000000000000000e+00 0.000000000000000000e+00 4.895187373537494557e-01 0.000000000000000000e+00 -4.308714967346265468e-01 -3.605170649651890935e-01
1.940499999000000031e+00 2.801561634689452518e+00 1.178639454095649963e+00 1.000000000000000000e+00 0.000000000000000000e+00 0.000000000000000000e+00 4.963152399532855807e-01 0.000000000000000000e+00 -4.301978900987795673e-01 -3.581739915054850121e-01
1.950499999000000040e+00 2.805866662415636981e+00 1.183647253327645865e+00 1.000000000000000000e+00 0.000000000000000000e+00 0.000000000000000000e+00 5.045005200512966415e-01 0.000000000000000000e+00 -4.294643458276335424e-01 -3.556700918894869501e-01
1.960499999000000049e+00 2.809572559587179441e+00 1.187965038657286865e+00 1.000000000000000000e+00 0.000000000000000000e+00 0.000000000000000000e+00 5.109944521176136289e-01 0.000000000000000000e+00 -4.288204612668268800e-01 -3.535111992246665613e-01
1.970499999000000058e+00 2.815539634141326353e+00 1.194931164851255723e+00 1.000000000000000000e+00 0.000000000000000000e+00 0.000000000000000000e+00 5.204844708513474139e-01 0.000000000000000000e+00 -4.277592510876899734e-01 -3.500281361276821324e-01
1.980499999000000066e+00 2.816431452655627776e+00 1.195973791628692551e+00 1.000000000000000000e+00 0.000000000000000000e+00 0.000000000000000000e+00 5.213133887184135951e-01 0.000000000000000000e+00 -4.275980304264600518e-01 -3.495068227389636073e-01
1.990499999000000075e+00 2.823634293567442555e+00 1.204409261017687527e+00 1.000000000000000000e+00 0.000000000000000000e+00 0.000000000000000000e+00 5.316873952887604116e-01 0.000000000000000000e+00 -4.262706693170033589e-01 -3.452890880444662303e-01
2.000499999000000084e+00 2.826138816851068825e+00 1.207348600840678188e+00 1.000000000000000000e+00 0.000000000000000000e+00 0.000000000000000000e+00 5.361579346670510837e-01 0.000000000000000000e+00 -4.257984966246944336e-01 -3.438194181329708998e-01
2.010499999000000315e+00 2.832351643952113918e+00 1.214654312385439416e+00 1.000000000000000000e+00 0.000000000000000000e+00 0.000000000000000000e+00 5.459158389514412457e-01 0.000000000000000000e+00 -4.246031667870659998e-01 -3.401665623605901745e-01
2.020499999000000102e+00 2.838190773681322110e+00 1.221539624981352379e+00 1.000000000000000000e+00 0.000000000000000000e+00 0.000000000000000000e+00 5.542652327220369823e-01 0.000000000000000000e+00 -4.234480619790441658e-01 -3.367239060626338043e-01
2.030499999000000333e+00 2.839604938248251109e+00 1.223210006005472472e+00 1.000000000000000000e+00 0.000000000000000000e+00 0.000000000000000000e+00 5.577681743742870513e-01 0.000000000000000000e+00 -4.231636323773051989e-01 -3.358887155505737576e-01
2.040499999000000120e+00 2.846990003194466379e+00 1.231951596229242663e+00 1.000000000000000000e+00 0.000000000000000000e+00 0.000000000000000000e+00 5.690671988445300533e-01 0.000000000000000000e+00 -4.216482104707007794e-01 -3.315179204386885514e-01
2.050499998999999907e+00 2.851333866071800838e+00 1.237108227722623743e+00 1.000000000000000000e+00 0.000000000000000000e+00 0.000000000000000000e+00 5.758807606928785239e-01 0.000000000000000000e+00 -4.207329505148624249e-01 -3.289396046919980110e-01
2.060499999000000138e+00 2.856447380346698761e+00 1.243193070998375171e+00 1.000000000000000000e+00 0.000000000000000000e+00 0.000000000000000000e+00 5.827784086819175480e-01 0.000000000000000000e+00 -4.196324403240007106e-01 -3.258971830541222969e-01
2.070499998999999924e+00 2.862349389518532128e+00 1.250236309178339944e+00 1.000000000000000000e+00 0.000000000000000000e+00 0.000000000000000000e+00 5.908420804375756896e-01 0.000000000000000000e+00 -4.183306865167854549e-01 -3.223755639641400217e-01
2.080499999000000155e+00 2.864827421807240704e+00 1.253200088680340496e+00 1.000000000000000000e+00 0.000000000000000000e+00 0.000000000000000000e+00 5.943322052200902261e-01 0.000000000000000000e+00 -4.177739030119678731e-01 -3.208936742131397457e-01
2.090499998999999942e+00 2.871576376894854565e+00 1.261292293943937270e+00 1.000000000000000000e+00 0.000000000000000000e+00 0.000000000000000000e+00 6.040425249359103743e-01 0.000000000000000000e+00 -4.162263072630950633e-01 -3.168475715813413585e-01
2.100499999000000173e+00 2.875363751435792814e+00 1.265846802655969938e+00 1.000000000000000000e+00 0.000000000000000000e+00 0.000000000000000000e+00 6.091792068164394447e-01 0.000000000000000000e+00 -4.153375433452591858e-01 -3.145703172253250246e-01
2.110499998999999960e+00 2.878413718471009020e+00 1.269521683127872391e+00 1.000000000000000000e+00 0.000000000000000000e+00 0.000000000000000000e+00 6.124800786504309702e-01 0.000000000000000000e+00 -4.146110539199278633e-01 -3.127328769893736871e-01
2.120499999000000191e+00 2.887668685174459071e+00 1.280713090481900851e+00 1.000000000000000000e+00 0.000000000000000000e+00 0.000000000000000000e+00 6.282071565915214872e-01 0.000000000000000000e+00 -4.123466077348573178e-01 -3.071371733123594572e-01
2.130499998999999978e+00 2.892088038377123027e+00 1.286079102075377456e+00 1.000000000000000000e+00 0.000000000000000000e+00 0.000000000000000000e+00 6.339855400495825188e-01 0.000000000000000000e+00 -4.112328389600718448e-01 -3.044541675156212657e-01
2.140499999000000209e+00 2.897322083316898667e+00 1.292453353114501047e+00 1.000000000000000000e+00 0.000000000000000000e+00 0.000000000000000000e+00 6.403688810419165822e-01 0.000000000000000000e+00 -4.098859547836791739e-01 -3.012670419960593593e-01
2.150499998999999995e+00 2.903651720820780824e+00 1.300190270632271661e+00 1.000000000000000000e+00 0.000000000000000000e+00 0.000000000000000000e+00 6.474754620854333842e-01 0.000000000000000000e+00 -4.082160372824343852e-01 -2.973985832371740523e-01
2.160499999000000226e+00 2.907103441905941832e+00 1.304422893586092869e+00 1.000000000000000000e+00 0.000000000000000000e+00 0.000000000000000000e+00 6.533168240416870054e-01 0.000000000000000000e+00 -4.072860491922566384e-01 -2.952822717602635594e-01
2.170499999000000013e+00 2.911375052059850255e+00 1.309674410737768468e+00 1.000000000000000000e+00 0.000000000000000000e+00 0.000000000000000000e+00 6.564396439594494259e-01 0.000000000000000000e+00 -4.061159055510622506e-01 -2.926565131844257595e-01
2.180499999000000244e+00 2.918102557005795461e+00 1.317976359819016619e+00 1.000000000000000000e+00 0.000000000000000000e+00 0.000000000000000000e+00 6.687863856282104669e-01 0.000000000000000000e+00 -4.042289518052663566e-01 -2.885055386438016845e-01
2.190499999000000031e+00 2.924077461389610999e+00 1.325382575374604466e+00 1.000000000000000000e+00 0.000000000000000000e+00 0.000000000000000000e+00 6.771778275980935291e-01 0.000000000000000000e+00 -4.025068133651881763e-01 -2.848024308660076498e-01
2.200499999000000262e+00 2.930924554406815652e+00 1.333909537332164108e+00 1.000000000000000000e+00 0.000000000000000000e+00 0.000000000000000000e+00 6.864231418506266946e-01 0.000000000000000000e+00 -4.004782218410195549e-01 -2.805389498872278287e-01
2.210499999000000049e+00 2.934781712254439512e+00 1.338732251813935292e+00 1.000000000000000000e+00 0.000000000000000000e+00 0.000000000000000000e+00 6.911212308814917993e-01 0.000000000000000000e+00 -3.993089168985726189e-01 -2.781275926463423476e-01
2.220499999000000280e+00 2.941149418835944385e+00 1.346725337311401427e+00 1.000000000000000000e+00 0.000000000000000000e+00 0.000000000000000000e+00 6.986808836242250909e-01 0.000000000000000000e+00 -3.973355767776621805e-01 -2.741310498976091692e-01
2.230499999000000066e+00 2.947276111923556208e+00 1.354453959875413949e+00 1.000000000000000000e+00 0.000000000000000000e+00 0.000000000000000000e+00 7.041494942380266409e-01 0.000000000000000000e+00 -3.953851137929835780e-01 -2.702667386156029083e-01
2.240499999000000297e+00 2.953158782559700768e+00 1.361911188511239157e+00 1.000000000000000000e+00 0.000000000000000000e+00 0.000000000000000000e+00 7.138695426809175126e-01 0.000000000000000000e+00 -3.934630914541069613e-01 -2.665381242976904153e-01
2.250499999000000084e+00 2.954564562748992707e+00 1.363698666909914925e+00 1.000000000000000000e+00 0.000000000000000000e+00 0.000000000000000000e+00 7.153635101615214431e-01 0.000000000000000000e+00 -3.929964859640445729e-01 -2.656443850983524202e-01
2.260499999000000315e+00 2.962474371338141399e+00 1.373796389115073513e+00 1.000000000000000000e+00 0.000000000000000000e+00 0.000000000000000000e+00 7.263012218799680397e-01 0.000000000000000000e+00 -3.903172099922730398e-01 -2.605955239957732372e-01
2.270499999000000102e+00 2.969875925148682594e+00 1.383309304138891083e+00 1.000000000000000000e+00 0.000000000000000000e+00 0.000000000000000000e+00 7.355965668678424718e-01 0.000000000000000000e+00 -3.877248326668196188e-01 -2.558390664838644524e-01
2.280499999000000333e+00 2.975601391433333909e+00 1.390712357913816088e+00 1.000000000000000000e+00 0.000000000000000000e+00 0.000000000000000000e+00 7.403053774924834851e-01 0.000000000000000000e+00 -3.856608146800280523e-01 -2.521375395964019495e-01
2.290499999000000120e+00 2.980197428418021932e+00 1.396684098657895223e+00 1.000000000000000000e+00 0.000000000000000000e+00 0.000000000000000000e+00 7.484502905730490152e-01 0.000000000000000000e+00 -3.839656974175477133e-01 -2.491516692243623821e-01
2.300499999000000351e+00 2.983652196276329160e+00 1.401190493230264567e+00 1.000000000000000000e+00 0.000000000000000000e+00 0.000000000000000000e+00 7.527031682835468862e-01 0.000000000000000000e+00 -3.826684901560328256e-01 -2.468984719381775994e-01
2.310499999000000138e+00 2.991159719882077628e+00 1.411036936415614562e+00 1.000000000000000000e+00 0.000000000000000000e+00 0.000000000000000000e+00 7.617319629098183720e-01 0.000000000000000000e+00 -3.797793764302049291e-01 -2.419752503455027126e-01
2.320499998999999924e+00 2.998699358302811646e+00 1.421002487767250244e+00 1.000000000000000000e+00 0.000000000000000000e+00 0.000000000000000000e+00 7.706093284444407443e-01 0.000000000000000000e+00 -3.767775789976367529e-01 -2.369924746696848716e-01
2.330499999000000155e+00 3.004521979524501951e+00 1.428753856446729253e+00 1.000000000000000000e+00 0.000000000000000000e+00 0.000000000000000000e+00 7.778070481541555781e-01 0.000000000000000000e+00 -3.743876056427401511e-01 -2.331167903299452560e-01
2.340499998999999942e+00 3.009487063659878725e+00 1.435403297591354210e+00 1.000000000000000000e+00 0.000000000000000000e+00 0.000000000000000000e+00 7.854262241295414393e-01 0.000000000000000000e+00 -3.722982680903107466e-01 -2.297920697576328886e-01
2.350499999000000173e+00 3.012707273170399436e+00 1.439736090173706184e+00 1.000000000000000000e+00 0.000000000000000000e+00 0.000000000000000000e+00 7.897076691356225142e-01 0.000000000000000000e+00 -3.709171394003815680e-01 -2.276256734664569015e-01
2.360499998999999960e+00 3.016519342756993183e+00 1.444886311807408674e+00 1.000000000000000000e+00 0.000000000000000000e+00 0.000000000000000000e+00 7.923417898003890514e-01 0.000000000000000000e+00 -3.692549663405668703e-01 -2.250505626496056566e-01
2.370499999000000191e+00 3.027980773858720109e+00 1.460514918722808808e+00 1.000000000000000000e+00 0.000000000000000000e+00 0.000000000000000000e+00 8.072914411900501408e-01 0.000000000000000000e+00 -3.640721633632122978e-01 -2.172362591919055896e-01
2.380499998999999978e+00 3.032394010089641156e+00 1.466593116166956534e+00 1.000000000000000000e+00 0.000000000000000000e+00 0.000000000000000000e+00 8.122621916259099573e-01 0.000000000000000000e+00 -3.619988594378077407e-01 -2.141971604698317266e-01
2.390499999000000209e+00 3.037398182769265542e+00 1.473527954104266291e+00 1.000000000000000000e+00 0.000000000000000000e+00 0.000000000000000000e+00 8.184728779524266251e-01 0.000000000000000000e+00 -3.595929948927882869e-01 -2.107297415011767372e-01
2.400499998999999995e+00 3.042405206922079053e+00 1.480513924764285782e+00 1.000000000000000000e+00 0.000000000000000000e+00 0.000000000000000000e+00 8.247835946890179626e-01 0.000000000000000000e+00 -3.571251598571271169e-01 -2.072367561711671025e-01
2.410499999000000226e+00 3.049478909919633551e+00 1.490467474673511816e+00 1.000000000000000000e+00 0.000000000000000000e+00 0.000000000000000000e+00 8.322939018180540716e-01 0.000000000000000000e+00 -3.535307179610635564e-01 -2.022599812165540856e-01
2.420499999000000013e+00 3.057442757977366643e+00 1.501797855060247988e+00 1.000000000000000000e+00 0.000000000000000000e+00 0.000000000000000000e+00 8.434122191812770675e-01 0.000000000000000000e+00 -3.493242234215465092e-01 -1.965947910231858886e-01
2.430499999000000244e+00 3.062162843651606625e+00 1.508578822235645989e+00 1.000000000000000000e+00 0.000000000000000000e+00 0.000000000000000000e+00 8.504175588732112434e-01 0.000000000000000000e+00 -3.467467130066341219e-01 -1.932043074354868883e-01
2.440499999000000031e+00 3.068058138601822638e+00 1.517120333480814320e+00 1.000000000000000000e+00 0.000000000000000000e+00 0.000000000000000000e+00 8.574321765168392284e-01 0.000000000000000000e+00 -3.434343954220731021e-01 -1.889335518129028335e-01
2.450499999000000262e+00 3.074529777509680706e+00 1.526593941720535863e+00 1.000000000000000000e+00 0.000000000000000000e+00 0.000000000000000000e+00 8.633706392145796826e-01 0.000000000000000000e+00 -3.396729501130152373e-01 -1.841967476930420622e-01
2.460499999000000049e+00 3.079224969963271441e+00 1.533533959525239965e+00 1.000000000000000000e+00 0.000000000000000000e+00 0.000000000000000000e+00 8.700378271441636668e-01 0.000000000000000000e+00 -3.368574421309067923e-01 -1.807267387906900113e-01
2.470499999000000280e+00 3.086832662381819414e+00 1.544905487937511035e+00 1.000000000000000000e+00 0.000000000000000000e+00 0.000000000000000000e+00 8.763136897680069426e-01 0.000000000000000000e+00 -3.321311658410240342e-01 -1.750409745845543652e-01
2.480499999000000066e+00 3.088876084176024328e+00 1.547987765860056930e+00 1.000000000000000000e+00 0.000000000000000000e+00 0.000000000000000000e+00 8.815727023693126219e-01 0.000000000000000000e+00 -3.308253718227332496e-01 -1.734998356232814176e-01
2.490499999000000297e+00 3.096737486356002655e+00 1.559962442181403786e+00 1.000000000000000000e+00 0.000000000000000000e+00 0.000000000000000000e+00 8.919786013357692278e-01 0.000000000000000000e+00 -3.256492961892639149e-01 -1.675124974626079899e-01
2.500000000000000000e+00 3.103695723863096667e+00 1.570724951351951448e+00 1.000000000000000000e+00 0.000000000000000000e+00 0.000000000000000000e+00 9.011880805583787346e-01 0.000000000000000000e+00 -3.208530839948355862e-01 -1.621312428773341585e-01
2.510000000000000231e+00 3.109755791386413115e+00 1.580232879888895603e+00 1.000000000000000000e+00 0.000000000000000000e+00 0.000000000000000000e+00 9.060789081955430424e-01 0.000000000000000000e+00 -3.164980317539438648e-01 -1.573772786088621922e-01
2.520000000000000018e+00 3.114922560192610490e+00 1.588445092057062968e+00 1.000000000000000000e+00 0.000000000000000000e+00 0.000000000000000000e+00 9.133271496985106985e-01 0.000000000000000000e+00 -3.126442317280608840e-01 -1.532711725247785095e-01
2.530000000000000249e+00 3.119204925485227431e+00 1.595329922955547541e+00 1.000000000000000000e+00 0.000000000000000000e+00 0.000000000000000000e+00 9.196147084337110700e-01 0.000000000000000000e+00 -3.093453416431860559e-01 -1.498287570755362230e-01
2.540000000000000036e+00 3.124878434639634772e+00 1.604567406707415822e+00 1.000000000000000000e+00 0.000000000000000000e+00 0.000000000000000000e+00 9.269480170513574313e-01 0.000000000000000000e+00 -3.048185343966641758e-01 -1.452100151996019717e-01
2.550000000000000266e+00 3.132188781193684601e+00 1.616679554122322671e+00 1.000000000000000000e+00 0.000000000000000000e+00 0.000000000000000000e+00 9.351306837755387624e-01 0.000000000000000000e+00 -2.987013108317163046e-01 -1.391539414921486584e-01
2.560000000000000053e+00 3.138034927091882142e+00 1.626550089813789901e+00 1.000000000000000000e+00 0.000000000000000000e+00 0.000000000000000000e+00 9.426260693232271226e-01 0.000000000000000000e+00 -2.935567518589810576e-01 -1.342186736464149321e-01
2.570000000000000284e+00 3.143272084734053173e+00 1.635543750266751140e+00 1.000000000000000000e+00 0.000000000000000000e+00 0.000000000000000000e+00 9.495398516149156087e-01 0.000000000000000000e+00 -2.887386128874014912e-01 -1.297218434199344239e-01
2.580000000000000071e+00 3.147367269010004076e+00 1.642683518912571694e+00 1.000000000000000000e+00 0.000000000000000000e+00 0.000000000000000000e+00 9.540749793438696447e-01 0.000000000000000000e+00 -2.848212921603253678e-01 -1.261519590970240356e-01
2.590000000000000302e+00 3.150886124299004720e+00 1.648898662139958615e+00 1.000000000000000000e+00 0.000000000000000000e+00 0.000000000000000000e+00 9.579878114572968340e-01 0.000000000000000000e+00 -2.813422678458711856e-01 -1.230443874833305751e-01
2.600000000000000089e+00 3.159685019047213661e+00 1.664793905550092212e+00 1.000000000000000000e+00 0.000000000000000000e+00 0.000000000000000000e+00 9.685621754439249775e-01 0.000000000000000000e+00 -2.721375024866852788e-01 -1.150967657782638875e-01
2.610000000000000320e+00 3.165179300474727953e+00 1.675003489278341640e+00 1.000000000000000000e+00 0.000000000000000000e+00 0.000000000000000000e+00 9.758319590359515461e-01 0.000000000000000000e+00 -2.659784769594265574e-01 -1.099919739141391739e-01
2.620000000000000107e+00 3.169050704931899443e+00 1.682343756457632233e+00 1.000000000000000000e+00 0.000000000000000000e+00 0.000000000000000000e+00 9.812396058627212980e-01 0.000000000000000000e+00 -2.614234443373527617e-01 -1.063218403244937660e-01
2.630000000000000338e+00 3.174139807482299958e+00 1.692195057363068411e+00 1.000000000000000000e+00 0.000000000000000000e+00 0.000000000000000000e+00 9.877412379281816923e-01 0.000000000000000000e+00 -2.551339833128739021e-01 -1.013961898717757881e-01
2.640000000000000124e+00 3.174139807482299958e+00 1.692195057363068411e+00 1.000000000000000000e+00 0.000000000000000000e+00 0.000000000000000000e+00 9.877412379281816923e-01 0.000000000000000000e+00 -2.551339833128739021e-01 -1.013961898717757881e-01
2.650000000000000355e+00 3.181602962356975262e+00 1.707108809950255601e+00 1.000000000000000000e+00 0.000000000000000000e+00 0.000000000000000000e+00 9.942501724791672491e-01 0.000000000000000000e+00 -2.452013587793432925e-01 -9.393931357818219308e-02
2.660000000000000142e+00 3.189068875327153219e+00 1.722677078531916095e+00 1.000000000000000000e+00 0.000000000000000000e+00 0.000000000000000000e+00 1.009111424731142126e+00 0.000000000000000000e+00 -2.342544742208078068e-01 -8.615517928735194619e-02
2.670000000000000373e+00 3.193275846495166270e+00 1.731786201177814677e+00 1.000000000000000000e+00 0.000000000000000000e+00 0.000000000000000000e+00 1.014540598115045711e+00 0.000000000000000000e+00 -2.275480658958822788e-01 -8.160061796440254422e-02
2.680000000000000160e+00 3.198950227795679169e+00 1.744526501389447537e+00 1.000000000000000000e+00 0.000000000000000000e+00 0.000000000000000000e+00 1.022996731629198131e+00 0.000000000000000000e+00 -2.177568806076230490e-01 -7.523046785858611418e-02
2.689999999999999947e+00 3.202689597093338225e+00 1.753252150074996463e+00 1.000000000000000000e+00 0.000000000000000000e+00 0.000000000000000000e+00 1.029427348409595488e+00 0.000000000000000000e+00 -2.107492897365186857e-01 -7.086764351581165133e-02
2.700000000000000178e+00 3.207583328678286438e+00 1.765141651128305122e+00 1.000000000000000000e+00 0.000000000000000000e+00 0.000000000000000000e+00 1.035545993733723691e+00 0.000000000000000000e+00 -2.007637949759644158e-01 -6.492289298915732143e-02
2.709999999999999964e+00 3.210665213298129927e+00 1.772949604036467175e+00 1.000000000000000000e+00 0.000000000000000000e+00 0.000000000000000000e+00 1.043734334832275845e+00 0.000000000000000000e+00 -1.939052012629984834e-01 -6.101891653507640623e-02
2.720000000000000195e+00 3.215782076771184883e+00 1.786582400021859529e+00 1.000000000000000000e+00 0.000000000000000000e+00 0.000000000000000000e+00 1.053100384354003438e+00 0.000000000000000000e+00 -1.812853475533413028e-01 -5.420251854238011813e-02
2.729999999999999982e+00 3.219322607559520932e+00 1.796618552610078634e+00 1.000000000000000000e+00 0.000000000000000000e+00 0.000000000000000000e+00 1.057590738108993955e+00 0.000000000000000000e+00 -1.714018807030598390e-01 -4.918444224827067668e-02
2.740000000000000213e+00 3.222677765053074683e+00 1.806712857487469126e+00 1.000000000000000000e+00 0.000000000000000000e+00 0.000000000000000000e+00 1.065436247495257005e+00 0.000000000000000000e+00 -1.608742481118241030e-01 -4.413728980957543069e-02
2.750000000000000000e+00 3.226150698253299254e+00 1.817937978402479837e+00 1.000000000000000000e+00 0.000000000000000000e+00 0.000000000000000000e+00 1.070555502754104049e+00 0.000000000000000000e+00 -1.483619594367633354e-01 -3.852472935206996407e-02
2.760000000000000231e+00 3.228015123703795286e+00 1.824385929385204275e+00 1.000000000000000000e+00 0.000000000000000000e+00 0.000000000000000000e+00 1.076577826899156820e+00 0.000000000000000000e+00 -1.407292934728775480e-01 -3.530075386070785637e-02
2.770000000000000018e+00 3.231455550928496123e+00 1.837358860942927219e+00 1.000000000000000000e+00 0.000000000000000000e+00 0.000000000000000000e+00 1.084359556938266911e+00 0.000000000000000000e+00 -1.241826382075564839e-01 -2.881428808184638424e-02
2.780000000000000249e+00 3.234579422876948218e+00 1.850986279261085166e+00 1.000000000000000000e+00 0.000000000000000000e+00 0.000000000000000000e+00 1.094785569871604247e+00 0.000000000000000000e+00 -1.046165391033227476e-01 -2.200057892276741089e-02
2.790000000000000036e+00 3.236093639839593195e+00 1.858670145026430465e+00 1.000000000000000000e+00 0.000000000000000000e+00 0.000000000000000000e+00 1.097695109335093955e+00 0.000000000000000000e+00 -9.225993202146098859e-02 -1.815864604009476135e-02
2.800000000000000266e+00 3.238372051129859486e+00 1.873036788144804676e+00 1.000000000000000000e+00 0.000000000000000000e+00 0.000000000000000000e+00 1.109539931906840193e+00 0.000000000000000000e+00 -6.532498527730506988e-02 -1.097532448090754453e-02
2.810000000000000053e+00 3.238847302881226575e+00 1.876924918166457124e+00 1.000000000000000000e+00 0.000000000000000000e+00 0.000000000000000000e+00 1.111730618466822085e+00 0.000000000000000000e+00 -5.679150746368022418e-02 -9.031259470081320906e-03
2.820000000000000284e+00 3.239959194801668829e+00 1.891997008623715226e+00 1.000000000000000000e+00 0.000000000000000000e+00 0.000000000000000000e+00 1.120005035214545863e+00 0.000000000000000000e+00 -1.313068762812719115e-02 -1.495214241452269555e-03
2.830000000000000071e+00 2.764358531473283254e+00 1.905494896176453956e+00 1.000000000000000000e+00 0.000000000000000000e+00 0.000000000000000000e+00 1.127530354638693888e+00 0.000000000000000000e+00 -0.000000000000000000e+00 -9.949874371066198542e-01
2.840000000000000302e+00 2.764358531473283254e+00 1.914548768061213879e+00 1.000000000000000000e+00 0.000000000000000000e+00 0.000000000000000000e+00 1.134417258787999483e+00 0.000000000000000000e+00 -0.000000000000000000e+00 -9.949874371066198542e-01
2.850000000000000089e+00 2.764358531473283254e+00 1.927073807789577486e+00 1.000000000000000000e+00 0.000000000000000000e+00 0.000000000000000000e+00 1.142175819520579338e+00 0.000000000000000000e+00 -0.000000000000000000e+00 -9.949874371066198542e-01
2.860000000000000320e+00 2.764358531473283254e+00 1.940841929960256174e+00 1.000000000000000000e+00 0.000000000000000000e+00 0.000000000000000000e+00 1.151798437114385898e+00 0.000000000000000000e+00 -0.000000000000000000e+00 -9.949874371066198542e-01
2.870000000000000107e+00 2.764358531473283254e+00 1.952400407200636234e+00 1.000000000000000000e+00 0.000000000000000000e+00 0.000000000000000000e+00 1.159415227737635501e+00 0.000000000000000000e+00 -0.000000000000000000e+00 -9.949874371066198542e-01
2.880000000000000338e+00 2.764358531473283254e+00 1.958789197528755910e+00 1.000000000000000000e+00 0.000000000000000000e+00 0.000000000000000000e+00 1.163377882030636190e+00 0.000000000000000000e+00 -0.000000000000000000e+00 -9.949874371066198542e-01
2.890000000000000124e+00 2.764358531473283254e+00 1.976318444768603522e+00 1.000000000000000000e+00 0.000000000000000000e+00 0.000000000000000000e+00 1.173378156110568282e+00 0.000000000000000000e+00 -0.000000000000000000e+00 -9.949874371066198542e-01
2.900000000000000355e+00 2.764358531473283254e+00 1.985727639474323292e+00 1.000000000000000000e+00 0.000000000000000000e+00 0.000000000000000000e+00 1.178628813439048129e+00 0.000000000000000000e+00 -0.000000000000000000e+00 -9.949874371066198542e-01
2.910000000000000142e+00 2.764358531473283254e+00 1.998735578547177649e+00 1.000000000000000000e+00 0.000000000000000000e+00 0.000000000000000000e+00 1.186178463487722823e+00 0.000000000000000000e+00 -0.000000000000000000e+00 -9.949874371066198542e-01
2.920000000000000373e+00 2.764358531473283254e+00 2.007653437198897439e+00 1.000000000000000000e+00 0.000000000000000000e+00 0.000000000000000000e+00 1.191587011350627279e+00 0.000000000000000000e+00 -0.000000000000000000e+00 -9.949874371066198542e-01
2.930000000000000160e+00 2.764358531473283254e+00 2.015415552702605417e+00 1.000000000000000000e+00 0.000000000000000000e+00 0.000000000000000000e+00 1.196219803899854606e+00 0.000000000000000000e+00 -0.000000000000000000e+00 -9.949874371066198542e-01
2.940000000000000391e+00 2.764358531473283254e+00 2.034054764297392293e+00 1.000000000000000000e+00 0.000000000000000000e+00 0.000000000000000000e+00 1.208367421429160871e+00 0.000000000000000000e+00 -0.000000000000000000e+00 -9.949874371066198542e-01
2.950000000000000178e+00 2.764358531473283254e+00 2.045570783978986729e+00 1.000000000000000000e+00 0.000000000000000000e+00 0.000000000000000000e+00 1.214863959722682241e+00 0.000000000000000000e+00 -0.000000000000000000e+00 -9.949874371066198542e-01
2.959999999999999964e+00 2.764358531473283254e+00 2.058987577636014699e+00 1.000000000000000000e+00 0.000000000000000000e+00 0.000000000000000000e+00 1.223340744999337204e+00 0.000000000000000000e+00 -0.000000000000000000e+00 -9.949874371066198542e-01
2.970000000000000195e+00 2.764358531473283254e+00 2.067568359534764255e+00 1.000000000000000000e+00 0.000000000000000000e+00 0.000000000000000000e+00 1.227955637595604665e+00 0.000000000000000000e+00 -0.000000000000000000e+00 -9.949874371066198542e-01
2.979999999999999982e+00 2.764358531473283254e+00 2.078030905594115296e+00 1.000000000000000000e+00 0.000000000000000000e+00 0.000000000000000000e+00 1.233180930617444160e+00 0.000000000000000000e+00 -0.000000000000000000e+00 -9.949874371066198542e-01
2.990000000000000213e+00 2.764358531473283254e+00 2.078030905594115296e+00 1.000000000000000000e+00 0.000000000000000000e+00 0.000000000000000000e+00 1.233180930617444160e+00 0.000000000000000000e+00 -0.000000000000000000e+00 -9.949874371066198542e-01
3.000000000000000000e+00 2.764358531473283698e+00 2.107213549375030137e+00 1.000000000000000000e+00 0.000000000000000000e+00 0.000000000000000000e+00 1.247869570275980999e+00 0.000000000000000000e+00 -0.000000000000000000e+00 -9.949874371066200762e-01
3.010000000000000231e+00 2.764358531473283698e+00 2.118496447896018875e+00 1.000000000000000000e+00 0.000000000000000000e+00 0.000000000000000000e+00 1.255739325680391483e+00 0.000000000000000000e+00 -0.000000000000000000e+00 -9.949874371066200762e-01
3.020000000000000018e+00 2.764358531473283254e+00 2.133637477025065010e+00 1.000000000000000000e+00 0.000000000000000000e+00 0.000000000000000000e+00 1.265474145909122550e+00 0.000000000000000000e+00 -0.000000000000000000e+00 -9.949874371066198542e-01
3.030000000000000249e+00 2.764358531473283254e+00 2.144429749964555043e+00 1.000000000000000000e+00 0.000000000000000000e+00 0.000000000000000000e+00 1.272655769740710818e+00 0.000000000000000000e+00 -0.000000000000000000e+00 -9.949874371066198542e-01
3.040000000000000036e+00 2.764358531473283698e+00 2.154635331414811450e+00 1.000000000000000000e+00 0.000000000000000000e+00 0.000000000000000000e+00 1.278308597734854279e+00 0.000000000000000000e+00 -0.000000000000000000e+00 -9.949874371066200762e-01
3.050000000000000266e+00 2.764358531473283254e+00 2.170668261326539117e+00 1.000000000000000000e+00 0.000000000000000000e+00 0.000000000000000000e+00 1.286399031518534297e+00 0.000000000000000000e+00 -0.000000000000000000e+00 -9.949874371066198542e-01
3.060000000000000053e+00 2.764358531473283254e+00 2.185509467793337990e+00 1.000000000000000000e+00 0.000000000000000000e+00 0.000000000000000000e+00 1.294249125570979375e+00 0.000000000000000000e+00 -0.000000000000000000e+00 -9.949874371066198542e-01
3.070000000000000284e+00 2.764358531473283698e+00 2.199790665599879791e+00 1.000000000000000000e+00 0.000000000000000000e+00 0.000000000000000000e+00 1.302047123928238737e+00 0.000000000000000000e+00 -0.000000000000000000e+00 -9.949874371066200762e-01
3.080000000000000071e+00 2.764358531473283698e+00 2.208924269242013683e+00 1.000000000000000000e+00 0.000000000000000000e+00 0.000000000000000000e+00 1.307209410282180517e+00 0.000000000000000000e+00 -0.000000000000000000e+00 -9.949874371066200762e-01
3.090000000000000302e+00 2.764358531473283254e+00 2.222036151049861630e+00 1.000000000000000000e+00 0.000000000000000000e+00 0.000000000000000000e+00 1.312329164058888331e+00 0.000000000000000000e+00 -0.000000000000000000e+00 -9.949874371066198542e-01
3.100000000000000089e+00 2.764358531473283254e+00 2.235887054211293190e+00 1.000000000000000000e+00 0.000000000000000000e+00 0.000000000000000000e+00 1.323057797059612906e+00 0.000000000000000000e+00 -0.000000000000000000e+00 -9.949874371066198542e-01
3.110000000000000320e+00 2.764358531473283254e+00 2.243840207278517518e+00 1.000000000000000000e+00 0.000000000000000000e+00 0.000000000000000000e+00 1.325525511204004303e+00 0.000000000000000000e+00 -0.000000000000000000e+00 -9.949874371066198542e-01
3.120000000000000107e+00 2.764358531473283254e+00 2.259157049658343297e+00 1.000000000000000000e+00 0.000000000000000000e+00 0.000000000000000000e+00 1.335212246002265735e+00 0.000000000000000000e+00 -0.000000000000000000e+00 -9.949874371066198542e-01
3.130000000000000338e+00 2.764358531473283254e+00 2.272548968358575117e+00 1.000000000000000000e+00 0.000000000000000000e+00 0.000000000000000000e+00 1.342135334241471245e+00 0.000000000000000000e+00 -0.000000000000000000e+00 -9.949874371066198542e-01
3.140000000000000124e+00 2.764358531473283254e+00 2.288706196209725263e+00 1.000000000000000000e+00 0.000000000000000000e+00 0.000000000000000000e+00 1.349804055569874262e+00 0.000000000000000000e+00 -0.000000000000000000e+00 -9.949874371066198542e-01
3.150000000000000355e+00 2.764358531473283698e+00 2.301567417960507012e+00 1.000000000000000000e+00 0.000000000000000000e+00 0.000000000000000000e+00 1.357009120284444093e+00 0.000000000000000000e+00 -0.000000000000000000e+00 -9.949874371066200762e-01
3.160000000000000142e+00 2.764358531473283254e+00 2.318589782610374073e+00 1.000000000000000000e+00 0.000000000000000000e+00 0.000000000000000000e+00 1.366081225004629029e+00 0.000000000000000000e+00 -0.000000000000000000e+00 -9.949874371066198542e-01
3.170000000000000373e+00 2.764358531473283698e+00 2.327487934613758913e+00 1.000000000000000000e+00 0.000000000000000000e+00 0.000000000000000000e+00 1.371259469168148559e+00 0.000000000000000000e+00 -0.000000000000000000e+00 -9.949874371066200762e-01
3.180000000000000160e+00 2.764358531473283698e+00 2.343311348700780616e+00 1.000000000000000000e+00 0.000000000000000000e+00 0.000000000000000000e+00 1.380035935304820605e+00 0.000000000000000000e+00 -0.000000000000000000e+00 -9.949874371066200762e-01
3.190000000000000391e+00 2.764358531473283698e+00 2.357152915114799629e+00 1.000000000000000000e+00 0.000000000000000000e+00 0.000000000000000000e+00 1.387607239934565806e+00 0.000000000000000000e+00 -0.000000000000000000e+00 -9.949874371066200762e-01
3.200000000000000178e+00 2.764358531473283698e+00 2.357152915114799629e+00 1.000000000000000000e+00 0.000000000000000000e+00 0.000000000000000000e+00 1.387607239934565806e+00 0.000000000000000000e+00 -0.000000000000000000e+00 -9.949874371066200762e-01
3.210000000000000409e+00 2.764358531473283254e+00 2.380143791603030579e+00 1.000000000000000000e+00 0.000000000000000000e+00 0.000000000000000000e+00 1.398012383406518122e+00 0.000000000000000000e+00 -0.000000000000000000e+00 -9.949874371066198542e-01
3.220000000000000195e+00 2.764358531473283698e+00 2.395571010707079562e+00 1.000000000000000000e+00 0.000000000000000000e+00 0.000000000000000000e+00 1.406015538970242007e+00 0.000000000000000000e+00 -0.000000000000000000e+00 -9.949874371066200762e-01
3.229999999999999982e+00 2.764358531473283698e+00 2.416034786716803051e+00 1.000000000000000000e+00 0.000000000000000000e+00 0.000000000000000000e+00 1.416336718353402579e+00 0.000000000000000000e+00 -0.000000000000000000e+00 -9.949874371066200762e-01
3.240000000000000213e+00 2.764358531473283254e+00 2.428813710564944550e+00 1.000000000000000000e+00 0.000000000000000000e+00 0.000000000000000000e+00 1.423081696557815690e+00 0.000000000000000000e+00 -0.000000000000000000e+00 -9.949874371066198542e-01
3.250000000000000000e+00 2.764358531473283254e+00 2.438795442501217714e+00 1.000000000000000000e+00 0.000000000000000000e+00 0.000000000000000000e+00 1.426731994307525619e+00 0.000000000000000000e+00 -0.000000000000000000e+00 -9.949874371066198542e-01
3.260000000000000231e+00 2.764358531473283254e+00 2.454558234028193731e+00 1.000000000000000000e+00 0.000000000000000000e+00 0.000000000000000000e+00 1.437058291175094871e+00 0.000000000000000000e+00 -0.000000000000000000e+00 -9.949874371066198542e-01
3.270000000000000018e+00 2.764358531473283254e+00 2.466801696918913933e+00 1.000000000000000000e+00 0.000000000000000000e+00 0.000000000000000000e+00 1.443319100913293740e+00 0.000000000000000000e+00 -0.000000000000000000e+00 -9.949874371066198542e-01
3.280000000000000249e+00 2.764358531473283254e+00 2.484899072465514891e+00 1.000000000000000000e+00 0.000000000000000000e+00 0.000000000000000000e+00 1.451141647648443778e+00 0.000000000000000000e+00 -0.000000000000000000e+00 -9.949874371066198542e-01
3.290000000000000036e+00 2.764358531473283698e+00 2.500180733412791678e+00 1.000000000000000000e+00 0.000000000000000000e+00 0.000000000000000000e+00 1.458194148559571302e+00 0.000000000000000000e+00 -0.000000000000000000e+00 -9.949874371066200762e-01
3.300000000000000266e+00 2.764358531473283698e+00 2.516269603667804500e+00 1.000000000000000000e+00 0.000000000000000000e+00 0.000000000000000000e+00 1.465568058358566406e+00 0.000000000000000000e+00 -0.000000000000000000e+00 -9.949874371066200762e-01
3.310000000000000053e+00 2.764358531473283698e+00 2.525816687616009748e+00 1.000000000000000000e+00 0.000000000000000000e+00 0.000000000000000000e+00 1.470043553165323091e+00 0.000000000000000000e+00 -0.000000000000000000e+00 -9.949874371066200762e-01
3.320000000000000284e+00 2.764358531473283698e+00 2.535394674752795563e+00 1.000000000000000000e+00 0.000000000000000000e+00 0.000000000000000000e+00 1.473536482582444407e+00 0.000000000000000000e+00 -0.000000000000000000e+00 -9.949874371066200762e-01
3.330000000000000071e+00 2.764358531473283254e+00 2.558363763642907074e+00 1.000000000000000000e+00 0.000000000000000000e+00 0.000000000000000000e+00 1.487697615702501919e+00 0.000000000000000000e+00 -0.000000000000000000e+00 -9.949874371066198542e-01
3.340000000000000302e+00 2.764358531473283698e+00 2.574777631281844226e+00 1.000000000000000000e+00 0.000000000000000000e+00 0.000000000000000000e+00 1.496156732247951648e+00 0.000000000000000000e+00 -0.000000000000000000e+00 -9.949874371066200762e-01
3.350000000000000089e+00 2.764358531473283254e+00 2.583768732969017989e+00 1.000000000000000000e+00 0.000000000000000000e+00 0.000000000000000000e+00 1.500310876334674859e+00 0.000000000000000000e+00 -0.000000000000000000e+00 -9.949874371066198542e-01
3.360000000000000320e+00 2.764358531473283698e+00 2.600317210707191240e+00 1.000000000000000000e+00 0.000000000000000000e+00 0.000000000000000000e+00 1.507904514224503778e+00 0.000000000000000000e+00 -0.000000000000000000e+00 -9.949874371066200762e-01
3.370000000000000107e+00 2.764358531473283698e+00 2.611646099139731891e+00 1.000000000000000000e+00 0.000000000000000000e+00 0.000000000000000000e+00 1.512810203091624617e+00 0.000000000000000000e+00 -0.000000000000000000e+00 -9.949874371066200762e-01
3.380000000000000338e+00 2.764358531473283698e+00 2.629850397330104617e+00 1.000000000000000000e+00 0.000000000000000000e+00 0.000000000000000000e+00 1.520105981366183689e+00 0.000000000000000000e+00 -0.000000000000000000e+00 -9.949874371066200762e-01
3.390000000000000124e+00 2.764358531473283254e+00 2.651982730051286374e+00 1.000000000000000000e+00 0.000000000000000000e+00 0.000000000000000000e+00 1.531506726658293127e+00 0.000000000000000000e+00 -0.000000000000000000e+00 -9.949874371066198542e-01
3.400000000000000355e+00 2.764358531473283698e+00 2.659650630287358819e+00 1.000000000000000000e+00 0.000000000000000000e+00 0.000000000000000000e+00 1.535094361362956628e+00 0.000000000000000000e+00 -0.000000000000000000e+00 -9.949874371066200762e-01
3.410000000000000142e+00 2.764358531473283254e+00 2.671959079655160885e+00 1.000000000000000000e+00 0.000000000000000000e+00 0.000000000000000000e+00 1.538556170975256876e+00 0.000000000000000000e+00 -0.000000000000000000e+00 -9.949874371066198542e-01
3.420000000000000373e+00 2.764358531473283698e+00 2.693618847534892335e+00 1.000000000000000000e+00 0.000000000000000000e+00 0.000000000000000000e+00 1.552285403825607313e+00 0.000000000000000000e+00 -0.000000000000000000e+00 -9.949874371066200762e-01
3.430000000000000160e+00 2.764358531473283698e+00 2.706840891936921789e+00 1.000000000000000000e+00 0.000000000000000000e+00 0.000000000000000000e+00 1.555534635532926258e+00 0.000000000000000000e+00 -0.000000000000000000e+00 -9.949874371066200762e-01
3.440000000000000391e+00 2.764358531473283254e+00 2.727941923297229287e+00 1.000000000000000000e+00 0.000000000000000000e+00 0.000000000000000000e+00 1.566004463660400026e+00 0.000000000000000000e+00 -0.000000000000000000e+00 -9.949874371066198542e-01
3.450000000000000178e+00 2.764358531473283254e+00 2.744437044155180416e+00 1.000000000000000000e+00 0.000000000000000000e+00 0.000000000000000000e+00 1.573320891740157101e+00 0.000000000000000000e+00 -0.000000000000000000e+00 -9.949874371066198542e-01
3.460000000000000409e+00 2.764358531473283698e+00 2.752318290241009269e+00 1.000000000000000000e+00 0.000000000000000000e+00 0.000000000000000000e+00 1.577644776975001717e+00 0.000000000000000000e+00 -0.000000000000000000e+00 -9.949874371066200762e-01
3.470000000000000195e+00 2.764358531473283698e+00 2.775275229420704814e+00 1.000000000000000000e+00 0.000000000000000000e+00 0.000000000000000000e+00 1.583237184806594033e+00 0.000000000000000000e+00 -0.000000000000000000e+00 -9.949874371066200762e-01
3.480000000000000426e+00 2.764358531473283254e+00 2.785617055260870778e+00 1.000000000000000000e+00 0.000000000000000000e+00 0.000000000000000000e+00 1.591050129256314172e+00 0.000000000000000000e+00 -0.000000000000000000e+00 -9.949874371066198542e-01
3.490000000000000213e+00 2.764358531473283254e+00 2.809607802755175854e+00 1.000000000000000000e+00 0.000000000000000000e+00 0.000000000000000000e+00 1.605051111248202655e+00 0.000000000000000000e+00 -0.000000000000000000e+00 -9.949874371066198542e-01
3.500000000000000000e+00 2.764358531473283254e+00 2.825697429880600353e+00 1.000000000000000000e+00 0.000000000000000000e+00 0.000000000000000000e+00 1.612425223782482098e+00 0.000000000000000000e+00 -0.000000000000000000e+00 -9.949874371066198542e-01
3.510000000000000231e+00 2.764358531473283254e+00 2.832153395140410090e+00 1.000000000000000000e+00 0.000000000000000000e+00 0.000000000000000000e+00 1.615029247558919190e+00 0.000000000000000000e+00 -0.000000000000000000e+00 -9.949874371066198542e-01
3.520000000000000018e+00 2.764358531473283254e+00 2.857271456988337732e+00 1.000000000000000000e+00 0.000000000000000000e+00 0.000000000000000000e+00 1.625443304694952795e+00 0.000000000000000000e+00 -0.000000000000000000e+00 -9.949874371066198542e-01
3.530000000000000249e+00 2.764358531473283254e+00 2.871929228215801544e+00 1.000000000000000000e+00 0.000000000000000000e+00 0.000000000000000000e+00 1.631544696486757928e+00 0.000000000000000000e+00 -0.000000000000000000e+00 -9.949874371066198542e-01
3.540000000000000036e+00 2.764358531473283698e+00 2.888281607534777695e+00 1.000000000000000000e+00 0.000000000000000000e+00 0.000000000000000000e+00 1.637555550011831729e+00 0.000000000000000000e+00 -0.000000000000000000e+00 -9.949874371066200762e-01
3.550000000000000266e+00 2.764358531473283254e+00 2.891560716717290092e+00 1.000000000000000000e+00 0.000000000000000000e+00 0.000000000000000000e+00 1.639554591256014771e+00 0.000000000000000000e+00 -0.000000000000000000e+00 -9.949874371066198542e-01
3.560000000000000053e+00 2.764358531473283698e+00 2.921207677310320161e+00 1.000000000000000000e+00 0.000000000000000000e+00 0.000000000000000000e+00 1.653772774300124704e+00 0.000000000000000000e+00 -0.000000000000000000e+00 -9.949874371066200762e-01
3.570000000000000284e+00 2.764358531473283698e+00 2.937786612383613605e+00 1.000000000000000000e+00 0.000000000000000000e+00 0.000000000000000000e+00 1.661404131327609335e+00 0.000000000000000000e+00 -0.000000000000000000e+00 -9.949874371066200762e-01
3.580000000000000071e+00 2.764358531473283698e+00 2.937786612383613605e+00 1.000000000000000000e+00 0.000000000000000000e+00 0.000000000000000000e+00 1.661404131327609335e+00 0.000000000000000000e+00 -0.000000000000000000e+00 -9.949874371066200762e-01
3.590000000000000302e+00 2.764358531473283254e+00 2.972005141994288557e+00 1.000000000000000000e+00 0.000000000000000000e+00 0.000000000000000000e+00 1.676062148623253867e+00 0.000000000000000000e+00 -0.000000000000000000e+00 -9.949874371066198542e-01
3.600000000000000089e+00 2.764358531473283254e+00 2.974520218778851088e+00 1.000000000000000000e+00 0.000000000000000000e+00 0.000000000000000000e+00 1.676717856374957183e+00 0.000000000000000000e+00 -0.000000000000000000e+00 -9.949874371066198542e-01
3.610000000000000320e+00 2.764358531473283254e+00 2.997222527165748218e+00 1.000000000000000000e+00 0.000000000000000000e+00 0.000000000000000000e+00 1.685836069223531020e+00 0.000000000000000000e+00 -0.000000000000000000e+00 -9.949874371066198542e-01
3.620000000000000107e+00 2.764358531473283254e+00 3.021745769681773996e+00 1.000000000000000000e+00 0.000000000000000000e+00 0.000000000000000000e+00 1.696104089422077132e+00 0.000000000000000000e+00 -0.000000000000000000e+00 -9.949874371066198542e-01
3.630000000000000338e+00 2.764358531473282810e+00 3.033639202200382634e+00 1.000000000000000000e+00 0.000000000000000000e+00 0.000000000000000000e+00 1.699061788372633997e+00 0.000000000000000000e+00 -0.000000000000000000e+00 -9.949874371066196321e-01
3.640000000000000124e+00 2.764358531473283254e+00 3.047277020840835515e+00 1.000000000000000000e+00 0.000000000000000000e+00 0.000000000000000000e+00 1.706643373217288984e+00 0.000000000000000000e+00 -0.000000000000000000e+00 -9.949874371066198542e-01
3.650000000000000355e+00 2.764358531473282810e+00 3.059250813835801885e+00 1.000000000000000000e+00 0.000000000000000000e+00 0.000000000000000000e+00 1.710541856423847040e+00 0.000000000000000000e+00 -0.000000000000000000e+00 -9.949874371066196321e-01
3.660000000000000142e+00 2.764358531473283254e+00 3.080727314501905401e+00 1.000000000000000000e+00 0.000000000000000000e+00 0.000000000000000000e+00 1.718120053288256788e+00 0.000000000000000000e+00 -0.000000000000000000e+00 -9.949874371066198542e-01
3.670000000000000373e+00 2.764358531473283254e+00 3.107514557315756765e+00 1.000000000000000000e+00 0.000000000000000000e+00 0.000000000000000000e+00 1.733085007646208986e+00 0.000000000000000000e+00 -0.000000000000000000e+00 -9.949874371066198542e-01
3.680000000000000160e+00 2.764358531473283254e+00 3.119664469384138439e+00 1.000000000000000000e+00 0.000000000000000000e+00 0.000000000000000000e+00 1.735701724054495854e+00 0.000000000000000000e+00 -0.000000000000000000e+00 -9.949874371066198542e-01
3.690000000000000391e+00 2.764358531473283254e+00 3.133589944110628078e+00 1.000000000000000000e+00 0.000000000000000000e+00 0.000000000000000000e+00 1.742377597131258504e+00 0.000000000000000000e+00 -0.000000000000000000e+00 -9.949874371066198542e-01
3.700000000000000178e+00 2.764358531473283254e+00 3.145810863267225699e+00 1.000000000000000000e+00 0.000000000000000000e+00 0.000000000000000000e+00 1.745845593799630890e+00 0.000000000000000000e+00 -0.000000000000000000e+00 -9.949874371066198542e-01
3.710000000000000409e+00 2.764358531473283254e+00 3.178280349464832621e+00 1.000000000000000000e+00 0.000000000000000000e+00 0.000000000000000000e+00 1.759964554715519602e+00 0.000000000000000000e+00 -0.000000000000000000e+00 -9.949874371066198542e-01
3.720000000000000195e+00 2.764358531473283254e+00 3.195055087387647763e+00 1.000000000000000000e+00 0.000000000000000000e+00 0.000000000000000000e+00 1.769100703812606978e+00 0.000000000000000000e+00 -0.000000000000000000e+00 -9.949874371066198542e-01
3.730000000000000426e+00 2.764358531473283254e+00 3.207460684625494274e+00 1.000000000000000000e+00 0.000000000000000000e+00 0.000000000000000000e+00 1.772228176835298541e+00 0.000000000000000000e+00 -0.000000000000000000e+00 -9.949874371066198542e-01
3.740000000000000213e+00 2.764358531473283254e+00 3.221683968275704579e+00 1.000000000000000000e+00 0.000000000000000000e+00 0.000000000000000000e+00 1.780288383870016533e+00 0.000000000000000000e+00 -0.000000000000000000e+00 -9.949874371066198542e-01
3.750000000000000444e+00 2.764358531473283254e+00 3.248473514722446165e+00 1.000000000000000000e+00 0.000000000000000000e+00 0.000000000000000000e+00 1.789648037705869443e+00 0.000000000000000000e+00 -0.000000000000000000e+00 -9.949874371066198542e-01
3.760000000000000231e+00 2.764358531473283254e+00 3.261026283191756470e+00 1.000000000000000000e+00 0.000000000000000000e+00 0.000000000000000000e+00 1.793252638472870641e+00 0.000000000000000000e+00 -0.000000000000000000e+00 -9.949874371066198542e-01
3.770000000000000018e+00 2.764358531473283254e+00 3.284426401291758335e+00 1.000000000000000000e+00 0.000000000000000000e+00 0.000000000000000000e+00 1.804195440014954022e+00 0.000000000000000000e+00 -0.000000000000000000e+00 -9.949874371066198542e-01
3.780000000000000249e+00 2.764358531473283254e+00 3.297075914330059199e+00 1.000000000000000000e+00 0.000000000000000000e+00 0.000000000000000000e+00 1.808526249319936108e+00 0.000000000000000000e+00 -0.000000000000000000e+00 -9.949874371066198542e-01
3.790000000000000036e+00 2.764358531473283254e+00 3.311576780848747070e+00 1.000000000000000000e+00 0.000000000000000000e+00 0.000000000000000000e+00 1.815237173751182986e+00 0.000000000000000000e+00 -0.000000000000000000e+00 -9.949874371066198542e-01
3.800000000000000266e+00 2.764358531473283254e+00 3.339811722502621816e+00 1.000000000000000000e+00 0.000000000000000000e+00 0.000000000000000000e+00 1.827484460974151625e+00 0.000000000000000000e+00 -0.000000000000000000e+00 -9.949874371066198542e-01
3.810000000000000053e+00 2.764358531473283254e+00 3.351707991427761879e+00 1.000000000000000000e+00 0.000000000000000000e+00 0.000000000000000000e+00 1.830195219252331418e+00 0.000000000000000000e+00 -0.000000000000000000e+00 -9.949874371066198542e-01
3.820000000000000284e+00 2.764358531473283254e+00 3.375593965737519131e+00 1.000000000000000000e+00 0.000000000000000000e+00 0.000000000000000000e+00 1.841587018098092665e+00 0.000000000000000000e+00 -0.000000000000000000e+00 -9.949874371066198542e-01
3.830000000000000071e+00 2.764358531473283254e+00 3.389427096423540231e+00 1.000000000000000000e+00 0.000000000000000000e+00 0.000000000000000000e+00 1.846721939825096248e+00 0.000000000000000000e+00 -0.000000000000000000e+00 -9.949874371066198542e-01
3.840000000000000302e+00 2.764358531473283254e+00 3.408855654913679700e+00 1.000000000000000000e+00 0.000000000000000000e+00 0.000000000000000000e+00 1.852827355064945447e+00 0.000000000000000000e+00 -0.000000000000000000e+00 -9.949874371066198542e-01
3.850000000000000089e+00 2.764358531473283254e+00 3.425568083452583235e+00 1.000000000000000000e+00 0.000000000000000000e+00 0.000000000000000000e+00 1.859892102374836487e+00 0.000000000000000000e+00 -0.000000000000000000e+00 -9.949874371066198542e-01
3.860000000000000320e+00 2.764358531473283254e+00 3.451680304354697526e+00 1.000000000000000000e+00 0.000000000000000000e+00 0.000000000000000000e+00 1.869962263478172737e+00 0.000000000000000000e+00 -0.000000000000000000e+00 -9.949874371066198542e-01
3.870000000000000107e+00 2.764358531473283254e+00 3.469482924128103107e+00 1.000000000000000000e+00 0.000000000000000000e+00 0.000000000000000000e+00 1.877426635816176415e+00 0.000000000000000000e+00 -0.000000000000000000e+00 -9.949874371066198542e-01
3.880000000000000338e+00 2.764358531473283254e+00 3.486413328756358343e+00 1.000000000000000000e+00 0.000000000000000000e+00 0.000000000000000000e+00 1.884306832130574483e+00 0.000000000000000000e+00 -0.000000000000000000e+00 -9.949874371066198542e-01
3.890000000000000124e+00 2.764358531473283254e+00 3.504352402683915901e+00 1.000000000000000000e+00 0.000000000000000000e+00 0.000000000000000000e+00 1.891499122255377419e+00 0.000000000000000000e+00 -0.000000000000000000e+00 -9.949874371066198542e-01
3.900000000000000355e+00 2.764358531473283254e+00 3.523306486321867936e+00 1.000000000000000000e+00 0.000000000000000000e+00 0.000000000000000000e+00 1.898679380696576047e+00 0.000000000000000000e+00 -0.000000000000000000e+00 -9.949874371066198542e-01
3.910000000000000142e+00 2.764358531473283254e+00 3.545186907588582237e+00 1.000000000000000000e+00 0.000000000000000000e+00 0.000000000000000000e+00 1.906251763760276718e+00 0.000000000000000000e+00 -0.000000000000000000e+00 -9.949874371066198542e-01
3.920000000000000373e+00 2.764358531473283254e+00 3.561415587720571096e+00 1.000000000000000000e+00 0.000000000000000000e+00 0.000000000000000000e+00 1.911623467075890037e+00 0.000000000000000000e+00 -0.000000000000000000e+00 -9.949874371066198542e-01
3.930000000000000160e+00 2.764358531473283254e+00 3.582491464061118513e+00 1.000000000000000000e+00 0.000000000000000000e+00 0.000000000000000000e+00 1.919733306244422844e+00 0.000000000000000000e+00 -0.000000000000000000e+00 -9.949874371066198542e-01
3.940000000000000391e+00 2.764358531473283254e+00 3.597874275118319254e+00 1.000000000000000000e+00 0.000000000000000000e+00 0.000000000000000000e+00 1.925260523097198861e+00 0.000000000000000000e+00 -0.000000000000000000e+00 -9.949874371066198542e-01
3.950000000000000178e+00 2.764358531473283254e+00 3.612339228632245103e+00 1.000000000000000000e+00 0.000000000000000000e+00 0.000000000000000000e+00 1.931332318356092648e+00 0.000000000000000000e+00 -0.000000000000000000e+00 -9.949874371066198542e-01
3.960000000000000409e+00 2.764358531473283254e+00 3.638485981793413426e+00 1.000000000000000000e+00 0.000000000000000000e+00 0.000000000000000000e+00 1.941886626575479502e+00 0.000000000000000000e+00 -0.000000000000000000e+00 -9.949874371066198542e-01
3.970000000000000195e+00 2.764358531473283254e+00 3.660869789932897689e+00 1.000000000000000000e+00 0.000000000000000000e+00 0.000000000000000000e+00 1.950089016704940503e+00 0.000000000000000000e+00 -0.000000000000000000e+00 -9.949874371066198542e-01
3.980000000000000426e+00 2.764358531473283254e+00 3.667701246509281976e+00 1.000000000000000000e+00 0.000000000000000000e+00 0.000000000000000000e+00 1.952887275591189242e+00 0.000000000000000000e+00 -0.000000000000000000e+00 -9.949874371066198542e-01
3.990000000000000213e+00 2.764358531473283254e+00 3.697072148330497132e+00 1.000000000000000000e+00 0.000000000000000000e+00 0.000000000000000000e+00 1.962824025001152606e+00 0.000000000000000000e+00 -0.000000000000000000e+00 -9.949874371066198542e-01
4.000000000000000000e+00 2.764358531473283254e+00 3.711813365088275862e+00 1.000000000000000000e+00 0.000000000000000000e+00 0.000000000000000000e+00 1.967860987790235328e+00 0.000000000000000000e+00 -0.000000000000000000e+00 -9.949874371066198542e-01
4.010000000000000675e+00 2.764358531473283254e+00 3.730541062169352440e+00 1.000000000000000000e+00 0.000000000000000000e+00 0.000000000000000000e+00 1.973266165787186166e+00 0.000000000000000000e+00 -0.000000000000000000e+00 -9.949874371066198542e-01
4.020000000000000462e+00 2.764358531473283254e+00 3.759251309521013162e+00 1.000000000000000000e+00 0.000000000000000000e+00 0.000000000000000000e+00 1.985251764686116527e+00 0.000000000000000000e+00 -0.000000000000000000e+00 -9.949874371066198542e-01
4.030000000000000249e+00 2.764358531473283254e+00 3.779144271395507459e+00 1.000000000000000000e+00 0.000000000000000000e+00 0.000000000000000000e+00 1.992995125650987687e+00 0.000000000000000000e+00 -0.000000000000000000e+00 -9.949874371066198542e-01
4.040000000000000036e+00 2.764358531473283254e+00 3.798115042476153391e+00 1.000000000000000000e+00 0.000000000000000000e+00 0.000000000000000000e+00 2.000412505237967764e+00 0.000000000000000000e+00 -0.000000000000000000e+00 -9.949874371066198542e-01
4.049999999999999822e+00 2.764358531473283254e+00 3.816150471965573665e+00 1.000000000000000000e+00 0.000000000000000000e+00 0.000000000000000000e+00 2.005946403658998012e+00 0.000000000000000000e+00 -0.000000000000000000e+00 -9.949874371066198542e-01
4.060000000000000497e+00 2.764358531473283254e+00 3.841293733448855274e+00 1.000000000000000000e+00 0.000000000000000000e+00 0.000000000000000000e+00 2.015453672990170642e+00 0.000000000000000000e+00 -0.000000000000000000e+00 -9.949874371066198542e-01
4.070000000000000284e+00 2.764358531473283254e+00 3.851379989673228810e+00 1.000000000000000000e+00 0.000000000000000000e+00 0.000000000000000000e+00 2.018723009496578680e+00 0.000000000000000000e+00 -0.000000000000000000e+00 -9.949874371066198542e-01
4.080000000000000071e+00 2.764358531473283254e+00 3.877682263756890180e+00 1.000000000000000000e+00 0.000000000000000000e+00 0.000000000000000000e+00 2.025974302528997573e+00 0.000000000000000000e+00 -0.000000000000000000e+00 -9.949874371066198542e-01
4.089999999999999858e+00 2.764358531473283254e+00 3.899012565975501499e+00 1.000000000000000000e+00 0.000000000000000000e+00 0.000000000000000000e+00 2.035086780207428614e+00 0.000000000000000000e+00 -0.000000000000000000e+00 -9.949874371066198542e-01
4.100000000000000533e+00 2.764358531473283254e+00 3.921445747953051342e+00 1.000000000000000000e+00 0.000000000000000000e+00 0.000000000000000000e+00 2.043355572853567725e+00 0.000000000000000000e+00 -0.000000000000000000e+00 -9.949874371066198542e-01
4.110000000000000320e+00 2.764358531473283254e+00 3.939869094688840612e+00 1.000000000000000000e+00 0.000000000000000000e+00 0.000000000000000000e+00 2.050366664485351986e+00 0.000000000000000000e+00 -0.000000000000000000e+00 -9.949874371066198542e-01
4.120000000000000107e+00 2.764358531473283254e+00 3.957327162612377158e+00 1.000000000000000000e+00 0.000000000000000000e+00 0.000000000000000000e+00 2.055446655798963018e+00 0.000000000000000000e+00 -0.000000000000000000e+00 -9.949874371066198542e-01
4.129999999999999893e+00 2.764358531473283254e+00 3.981033171626297218e+00 1.000000000000000000e+00 0.000000000000000000e+00 0.000000000000000000e+00 2.065312401532322539e+00 0.000000000000000000e+00 -0.000000000000000000e+00 -9.949874371066198542e-01
4.140000000000000568e+00 2.764358531473283254e+00 3.999649809401450096e+00 1.000000000000000000e+00 0.000000000000000000e+00 0.000000000000000000e+00 2.070016693902370974e+00 0.000000000000000000e+00 -0.000000000000000000e+00 -9.949874371066198542e-01
4.150000000000000355e+00 2.764358531473283254e+00 4.022475918592905764e+00 1.000000000000000000e+00 0.000000000000000000e+00 0.000000000000000000e+00 2.075100835586856096e+00 0.000000000000000000e+00 -0.000000000000000000e+00 -9.949874371066198542e-01
4.160000000000000142e+00 2.764358531473283254e+00 4.041212360523188885e+00 1.000000000000000000e+00 0.000000000000000000e+00 0.000000000000000000e+00 2.084765557389129054e+00 0.000000000000000000e+00 -0.000000000000000000e+00 -9.949874371066198542e-01
4.169999999999999929e+00 2.764358531473283254e+00 4.061051751184423075e+00 1.000000000000000000e+00 0.000000000000000000e+00 0.000000000000000000e+00 2.090529387284612017e+00 0.000000000000000000e+00 -0.000000000000000000e+00 -9.949874371066198542e-01
4.180000000000000604e+00 2.764358531473283254e+00 4.073616009508685742e+00 1.000000000000000000e+00 0.000000000000000000e+00 0.000000000000000000e+00 2.095725536767802488e+00 0.000000000000000000e+00 -0.000000000000000000e+00 -9.949874371066198542e-01
4.190000000000000391e+00 2.764358531473283698e+00 4.105146755069705833e+00 1.000000000000000000e+00 0.000000000000000000e+00 0.000000000000000000e+00 2.107714540410565718e+00 0.000000000000000000e+00 -0.000000000000000000e+00 -9.949874371066200762e-01
4.200000000000000178e+00 2.764358531473283698e+00 4.127322460036421781e+00 1.000000000000000000e+00 0.000000000000000000e+00 0.000000000000000000e+00 2.115205593083102631e+00 0.000000000000000000e+00 -0.000000000000000000e+00 -9.949874371066200762e-01
4.209999999999999964e+00 2.764358531473283698e+00 4.133673593851614925e+00 1.000000000000000000e+00 0.000000000000000000e+00 0.000000000000000000e+00 2.117044605064301255e+00 0.000000000000000000e+00 -0.000000000000000000e+00 -9.949874371066200762e-01
4.220000000000000639e+00 2.764358531473283698e+00 4.170846262937082827e+00 1.000000000000000000e+00 0.000000000000000000e+00 0.000000000000000000e+00 2.129799627483678570e+00 0.000000000000000000e+00 -0.000000000000000000e+00 -9.949874371066200762e-01
4.230000000000000426e+00 2.764358531473283698e+00 4.186839479520662266e+00 1.000000000000000000e+00 0.000000000000000000e+00 0.000000000000000000e+00 2.133917678984587507e+00 0.000000000000000000e+00 -0.000000000000000000e+00 -9.949874371066200762e-01
4.240000000000000213e+00 2.764358531473283698e+00 4.212508032756304921e+00 1.000000000000000000e+00 0.000000000000000000e+00 0.000000000000000000e+00 2.143075105524994139e+00 0.000000000000000000e+00 -0.000000000000000000e+00 -9.949874371066200762e-01
4.250000000000000000e+00 2.764358531473283698e+00 4.229677236718112354e+00 1.000000000000000000e+00 0.000000000000000000e+00 0.000000000000000000e+00 2.148900470003792584e+00 0.000000000000000000e+00 -0.000000000000000000e+00 -9.949874371066200762e-01
4.260000000000000675e+00 2.764358531473283698e+00 4.250127383535247994e+00 1.000000000000000000e+00 0.000000000000000000e+00 0.000000000000000000e+00 2.154533936454956944e+00 0.000000000000000000e+00 -0.000000000000000000e+00 -9.949874371066200762e-01
4.270000000000000462e+00 2.764358531473283698e+00 4.268483530688009786e+00 1.000000000000000000e+00 0.000000000000000000e+00 0.000000000000000000e+00 2.162675673786495167e+00 0.000000000000000000e+00 -0.000000000000000000e+00 -9.949874371066200762e-01
4.280000000000000249e+00 2.764358531473283698e+00 4.295580212177211088e+00 1.000000000000000000e+00 0.000000000000000000e+00 0.000000000000000000e+00 2.172291827796751118e+00 0.000000000000000000e+00 -0.000000000000000000e+00 -9.949874371066200762e-01
4.290000000000000036e+00 2.764358531473283698e+00 4.316251133533933526e+00 1.000000000000000000e+00 0.000000000000000000e+00 0.000000000000000000e+00 2.179032946679412941e+00 0.000000000000000000e+00 -0.000000000000000000e+00 -9.949874371066200762e-01
4.300000000000000711e+00 2.764358531473283698e+00 4.333706137172369743e+00 1.000000000000000000e+00 0.000000000000000000e+00 0.000000000000000000e+00 2.184022999584118274e+00 0.000000000000000000e+00 -0.000000000000000000e+00 -9.949874371066200762e-01
4.310000000000000497e+00 2.764358531473283698e+00 4.358871457514943870e+00 1.000000000000000000e+00 0.000000000000000000e+00 0.000000000000000000e+00 2.191272791584789381e+00 0.000000000000000000e+00 -0.000000000000000000e+00 -9.949874371066200762e-01
4.320000000000000284e+00 2.764358531473283698e+00 4.372036495862039018e+00 1.000000000000000000e+00 0.000000000000000000e+00 0.000000000000000000e+00 2.196079579842243223e+00 0.000000000000000000e+00 -0.000000000000000000e+00 -9.949874371066200762e-01
4.330000000000000071e+00 2.764358531473283698e+00 4.400648014601406643e+00 1.000000000000000000e+00 0.000000000000000000e+00 0.000000000000000000e+00 2.204698962600287970e+00 0.000000000000000000e+00 -0.000000000000000000e+00 -9.949874371066200762e-01
4.339999999999999858e+00 2.764358531473283698e+00 4.430492719513905442e+00 1.000000000000000000e+00 0.000000000000000000e+00 0.000000000000000000e+00 2.214152759505491730e+00 0.000000000000000000e+00 -0.000000000000000000e+00 -9.949874371066200762e-01
4.350000000000000533e+00 2.764358531473283698e+00 4.447134017190458088e+00 1.000000000000000000e+00 0.000000000000000000e+00 0.000000000000000000e+00 2.221605535880920801e+00 0.000000000000000000e+00 -0.000000000000000000e+00 -9.949874371066200762e-01
4.360000000000000320e+00 2.764358531473283698e+00 4.469390366603462894e+00 1.000000000000000000e+00 0.000000000000000000e+00 0.000000000000000000e+00 2.227346489142485453e+00 0.000000000000000000e+00 -0.000000000000000000e+00 -9.949874371066200762e-01
4.370000000000000107e+00 2.764358531473283698e+00 4.498432074016902149e+00 1.000000000000000000e+00 0.000000000000000000e+00 0.000000000000000000e+00 2.233977493341498199e+00 0.000000000000000000e+00 -0.000000000000000000e+00 -9.949874371066200762e-01
4.379999999999999893e+00 2.764358531473283698e+00 4.512995606302467877e+00 1.000000000000000000e+00 0.000000000000000000e+00 0.000000000000000000e+00 2.242505345121971860e+00 0.000000000000000000e+00 -0.000000000000000000e+00 -9.949874371066200762e-01
4.390000000000000568e+00 2.764358531473283698e+00 4.542206428251904349e+00 1.000000000000000000e+00 0.000000000000000000e+00 0.000000000000000000e+00 2.250878446866062976e+00 0.000000000000000000e+00 -0.000000000000000000e+00 -9.949874371066200762e-01
