2.000000000000000042e-02 3.333109739206143729e-01 0.000000000000000000e+00 0.000000000000000000e+00 0.000000000000000000e+00 0.000000000000000000e+00 0.000000000000000000e+00 0.000000000000000000e+00 -0.000000000000000000e+00 5.551115123125782702e-17
3.000000000000000236e-02 3.333109739206143729e-01 0.000000000000000000e+00 0.000000000000000000e+00 0.000000000000000000e+00 0.000000000000000000e+00 0.000000000000000000e+00 0.000000000000000000e+00 -0.000000000000000000e+00 5.551115123125782702e-17
4.000000000000000083e-02 3.333109739206143729e-01 0.000000000000000000e+00 0.000000000000000000e+00 0.000000000000000000e+00 0.000000000000000000e+00 0.000000000000000000e+00 0.000000000000000000e+00 -0.000000000000000000e+00 5.551115123125782702e-17
5.000000000000000278e-02 3.333108853986437303e-01 0.000000000000000000e+00 0.000000000000000000e+00 -2.384185793236071049e-08 -2.384185793236071049e-08 0.000000000000000000e+00 0.000000000000000000e+00 -0.000000000000000000e+00 5.551115123125782702e-17
6.000000000000000472e-02 3.333108853986437303e-01 0.000000000000000000e+00 0.000000000000000000e+00 -2.384185793236071049e-08 -2.384185793236071049e-08 0.000000000000000000e+00 0.000000000000000000e+00 -0.000000000000000000e+00 5.551115123125782702e-17
7.000000000000000666e-02 3.333108853986437303e-01 0.000000000000000000e+00 0.000000000000000000e+00 -2.384185793236071049e-08 -2.384185793236071049e-08 0.000000000000000000e+00 0.000000000000000000e+00 -0.000000000000000000e+00 5.551115123125782702e-17
8.000000000000000167e-02 3.333108853986437303e-01 0.000000000000000000e+00 0.000000000000000000e+00 -2.384185793236071049e-08 -2.384185793236071049e-08 0.000000000000000000e+00 0.000000000000000000e+00 -0.000000000000000000e+00 5.551115123125782702e-17
9.000000000000001055e-02 3.333108853986437303e-01 0.000000000000000000e+00 0.000000000000000000e+00 -2.384185793236071049e-08 -2.384185793236071049e-08 0.000000000000000000e+00 0.000000000000000000e+00 -0.000000000000000000e+00 5.551115123125782702e-17
1.000000000000000056e-01 3.333108853986437303e-01 0.000000000000000000e+00 0.000000000000000000e+00 -2.384185793236071049e-08 -2.384185793236071049e-08 0.000000000000000000e+00 0.000000000000000000e+00 -0.000000000000000000e+00 5.551115123125782702e-17
1.100000000000000006e-01 3.333108853986437303e-01 0.000000000000000000e+00 0.000000000000000000e+00 -2.384185793236071049e-08 -2.384185793236071049e-08 0.000000000000000000e+00 0.000000000000000000e+00 -0.000000000000000000e+00 5.551115123125782702e-17
1.200000000000000094e-01 3.333108853986437303e-01 0.000000000000000000e+00 0.000000000000000000e+00 -2.384185793236071049e-08 -2.384185793236071049e-08 0.000000000000000000e+00 0.000000000000000000e+00 -0.000000000000000000e+00 5.551115123125782702e-17
1.300000000000000044e-01 3.333108853986437303e-01 0.000000000000000000e+00 0.000000000000000000e+00 -2.384185793236071049e-08 -2.384185793236071049e-08 0.000000000000000000e+00 0.000000000000000000e+00 -0.000000000000000000e+00 5.551115123125782702e-17
1.400000000000000133e-01 3.333108853986437303e-01 0.000000000000000000e+00 0.000000000000000000e+00 -2.384185793236071049e-08 -2.384185793236071049e-08 0.000000000000000000e+00 0.000000000000000000e+00 -0.000000000000000000e+00 5.551115123125782702e-17
1.500000000000000222e-01 3.333108853986437303e-01 0.000000000000000000e+00 0.000000000000000000e+00 -2.384185793236071049e-08 -2.384185793236071049e-08 0.000000000000000000e+00 0.000000000000000000e+00 -0.000000000000000000e+00 5.551115123125782702e-17
1.600000000000000033e-01 3.333108853986437303e-01 0.000000000000000000e+00 0.000000000000000000e+00 -2.384185793236071049e-08 -2.384185793236071049e-08 0.000000000000000000e+00 0.000000000000000000e+00 -0.000000000000000000e+00 5.551115123125782702e-17
1.700000000000000122e-01 3.333108853986437303e-01 0.000000000000000000e+00 0.000000000000000000e+00 -2.384185793236071049e-08 -2.384185793236071049e-08 0.000000000000000000e+00 0.000000000000000000e+00 -0.000000000000000000e+00 5.551115123125782702e-17
1.800000000000000211e-01 3.333108853986437303e-01 0.000000000000000000e+00 0.000000000000000000e+00 -2.384185793236071049e-08 -2.384185793236071049e-08 0.000000000000000000e+00 0.000000000000000000e+00 -0.000000000000000000e+00 5.551115123125782702e-17
1.900000000000000022e-01 3.333108853986437303e-01 0.000000000000000000e+00 0.000000000000000000e+00 -2.384185793236071049e-08 -2.384185793236071049e-08 0.000000000000000000e+00 0.000000000000000000e+00 -0.000000000000000000e+00 5.551115123125782702e-17
2.000000000000000111e-01 3.333108853986437303e-01 0.000000000000000000e+00 0.000000000000000000e+00 -2.384185793236071049e-08 -2.384185793236071049e-08 0.000000000000000000e+00 0.000000000000000000e+00 -0.000000000000000000e+00 5.551115123125782702e-17
2.100000000000000200e-01 3.333108853986437303e-01 0.000000000000000000e+00 0.000000000000000000e+00 -2.384185793236071049e-08 -2.384185793236071049e-08 0.000000000000000000e+00 0.000000000000000000e+00 -0.000000000000000000e+00 5.551115123125782702e-17
2.200000000000000011e-01 3.333108853986437303e-01 0.000000000000000000e+00 0.000000000000000000e+00 -2.384185793236071049e-08 -2.384185793236071049e-08 0.000000000000000000e+00 0.000000000000000000e+00 -0.000000000000000000e+00 5.551115123125782702e-17
2.300000000000000100e-01 3.333108853986437303e-01 0.000000000000000000e+00 0.000000000000000000e+00 -2.384185793236071049e-08 -2.384185793236071049e-08 0.000000000000000000e+00 0.000000000000000000e+00 -0.000000000000000000e+00 5.551115123125782702e-17
2.400000000000000189e-01 3.333108853986437303e-01 0.000000000000000000e+00 0.000000000000000000e+00 -2.384185793236071049e-08 -2.384185793236071049e-08 0.000000000000000000e+00 0.000000000000000000e+00 -0.000000000000000000e+00 5.551115123125782702e-17
2.500000000000000000e-01 3.333108853986437303e-01 0.000000000000000000e+00 0.000000000000000000e+00 -2.384185793236071049e-08 -2.384185793236071049e-08 0.000000000000000000e+00 0.000000000000000000e+00 -0.000000000000000000e+00 5.551115123125782702e-17
2.600000000000000089e-01 3.333108853986437303e-01 0.000000000000000000e+00 0.000000000000000000e+00 -2.384185793236071049e-08 -2.384185793236071049e-08 0.000000000000000000e+00 0.000000000000000000e+00 -0.000000000000000000e+00 5.551115123125782702e-17
2.700000000000000178e-01 3.333108853986437303e-01 0.000000000000000000e+00 0.000000000000000000e+00 -2.384185793236071049e-08 -2.384185793236071049e-08 0.000000000000000000e+00 0.000000000000000000e+00 -0.000000000000000000e+00 5.551115123125782702e-17
2.800000000000000266e-01 3.333108853986437303e-01 0.000000000000000000e+00 0.000000000000000000e+00 -2.384185793236071049e-08 -2.384185793236071049e-08 0.000000000000000000e+00 0.000000000000000000e+00 -0.000000000000000000e+00 5.551115123125782702e-17
2.900000000000000355e-01 3.333108853986437303e-01 0.000000000000000000e+00 0.000000000000000000e+00 -2.384185793236071049e-08 -2.384185793236071049e-08 0.000000000000000000e+00 0.000000000000000000e+00 -0.000000000000000000e+00 5.551115123125782702e-17
3.000000000000000444e-01 3.333108853986437303e-01 0.000000000000000000e+00 0.000000000000000000e+00 -2.384185793236071049e-08 -2.384185793236071049e-08 0.000000000000000000e+00 0.000000000000000000e+00 -0.000000000000000000e+00 5.551115123125782702e-17
3.099999999999999978e-01 3.333108853986437303e-01 0.000000000000000000e+00 0.000000000000000000e+00 -2.384185793236071049e-08 -2.384185793236071049e-08 0.000000000000000000e+00 0.000000000000000000e+00 -0.000000000000000000e+00 5.551115123125782702e-17
3.200000000000000067e-01 3.333108853986437303e-01 0.000000000000000000e+00 0.000000000000000000e+00 -2.384185793236071049e-08 -2.384185793236071049e-08 0.000000000000000000e+00 0.000000000000000000e+00 -0.000000000000000000e+00 5.551115123125782702e-17
3.300000000000000155e-01 3.333108853986437303e-01 0.000000000000000000e+00 0.000000000000000000e+00 -2.384185793236071049e-08 -2.384185793236071049e-08 0.000000000000000000e+00 0.000000000000000000e+00 -0.000000000000000000e+00 5.551115123125782702e-17
3.400000000000000244e-01 3.333108853986437303e-01 0.000000000000000000e+00 0.000000000000000000e+00 -2.384185793236071049e-08 -2.384185793236071049e-08 0.000000000000000000e+00 0.000000000000000000e+00 -0.000000000000000000e+00 5.551115123125782702e-17
3.500000000000000333e-01 3.333108853986437303e-01 0.000000000000000000e+00 0.000000000000000000e+00 -2.384185793236071049e-08 -2.384185793236071049e-08 0.000000000000000000e+00 0.000000000000000000e+00 -0.000000000000000000e+00 5.551115123125782702e-17
3.600000000000000422e-01 3.333108853986437303e-01 0.000000000000000000e+00 0.000000000000000000e+00 -2.384185793236071049e-08 -2.384185793236071049e-08 0.000000000000000000e+00 0.000000000000000000e+00 -0.000000000000000000e+00 5.551115123125782702e-17
3.699999999999999956e-01 3.333108853986437303e-01 0.000000000000000000e+00 0.000000000000000000e+00 -2.384185793236071049e-08 -2.384185793236071049e-08 0.000000000000000000e+00 0.000000000000000000e+00 -0.000000000000000000e+00 5.551115123125782702e-17
3.800000000000000044e-01 3.333108853986437303e-01 0.000000000000000000e+00 0.000000000000000000e+00 -2.384185793236071049e-08 -2.384185793236071049e-08 0.000000000000000000e+00 0.000000000000000000e+00 -0.000000000000000000e+00 5.551115123125782702e-17
3.900000000000000133e-01 3.333108853986437303e-01 0.000000000000000000e+00 0.000000000000000000e+00 -2.384185793236071049e-08 -2.384185793236071049e-08 0.000000000000000000e+00 0.000000000000000000e+00 -0.000000000000000000e+00 5.551115123125782702e-17
4.000000000000000222e-01 3.333108853986437303e-01 0.000000000000000000e+00 0.000000000000000000e+00 -2.384185793236071049e-08 -2.384185793236071049e-08 0.000000000000000000e+00 0.000000000000000000e+00 -0.000000000000000000e+00 5.551115123125782702e-17
4.100000000000000311e-01 3.333108853986437303e-01 0.000000000000000000e+00 0.000000000000000000e+00 -2.384185793236071049e-08 -2.384185793236071049e-08 0.000000000000000000e+00 0.000000000000000000e+00 -0.000000000000000000e+00 5.551115123125782702e-17
4.200000000000000400e-01 3.333108853986437303e-01 0.000000000000000000e+00 0.000000000000000000e+00 -2.384185793236071049e-08 -2.384185793236071049e-08 0.000000000000000000e+00 0.000000000000000000e+00 -0.000000000000000000e+00 5.551115123125782702e-17
4.300000000000000488e-01 3.333108853986437303e-01 0.000000000000000000e+00 0.000000000000000000e+00 -2.384185793236071049e-08 -2.384185793236071049e-08 0.000000000000000000e+00 0.000000000000000000e+00 -0.000000000000000000e+00 5.551115123125782702e-17
4.400000000000000022e-01 3.333108853986437303e-01 0.000000000000000000e+00 0.000000000000000000e+00 -2.384185793236071049e-08 -2.384185793236071049e-08 0.000000000000000000e+00 0.000000000000000000e+00 -0.000000000000000000e+00 5.551115123125782702e-17
4.500000000000000111e-01 3.333108853986437303e-01 0.000000000000000000e+00 0.000000000000000000e+00 -2.384185793236071049e-08 -2.384185793236071049e-08 0.000000000000000000e+00 0.000000000000000000e+00 -0.000000000000000000e+00 5.551115123125782702e-17
4.600000000000000200e-01 3.333108853986437303e-01 0.000000000000000000e+00 0.000000000000000000e+00 -2.384185793236071049e-08 -2.384185793236071049e-08 0.000000000000000000e+00 0.000000000000000000e+00 -0.000000000000000000e+00 5.551115123125782702e-17
4.700000000000000289e-01 3.333108853986437303e-01 0.000000000000000000e+00 0.000000000000000000e+00 -2.384185793236071049e-08 -2.384185793236071049e-08 0.000000000000000000e+00 0.000000000000000000e+00 -0.000000000000000000e+00 5.551115123125782702e-17
4.800000000000000377e-01 3.333108853986437303e-01 0.000000000000000000e+00 0.000000000000000000e+00 -2.384185793236071049e-08 -2.384185793236071049e-08 0.000000000000000000e+00 0.000000000000000000e+00 -0.000000000000000000e+00 5.551115123125782702e-17
4.900000000000000466e-01 3.333108853986437303e-01 0.000000000000000000e+00 0.000000000000000000e+00 -2.384185793236071049e-08 -2.384185793236071049e-08 0.000000000000000000e+00 0.000000000000000000e+00 -0.000000000000000000e+00 5.551115123125782702e-17
5.000000000000000000e-01 3.333108853986437303e-01 0.000000000000000000e+00 0.000000000000000000e+00 -2.384185793236071049e-08 -2.384185793236071049e-08 0.000000000000000000e+00 0.000000000000000000e+00 -0.000000000000000000e+00 5.551115123125782702e-17
5.104999989999999821e-01 3.333108853986437303e-01 0.000000000000000000e+00 0.000000000000000000e+00 -2.384185793236071049e-08 -2.384185793236071049e-08 0.000000000000000000e+00 0.000000000000000000e+00 -0.000000000000000000e+00 5.551115123125782702e-17
5.204999989999999910e-01 3.333108853986437303e-01 0.000000000000000000e+00 0.000000000000000000e+00 -2.384185793236071049e-08 -2.384185793236071049e-08 0.000000000000000000e+00 0.000000000000000000e+00 -0.000000000000000000e+00 5.551115123125782702e-17
5.304999989999999999e-01 3.333108853986437303e-01 0.000000000000000000e+00 0.000000000000000000e+00 -2.384185793236071049e-08 -2.384185793236071049e-08 0.000000000000000000e+00 0.000000000000000000e+00 -0.000000000000000000e+00 5.551115123125782702e-17
5.404999990000000087e-01 3.333108853986437303e-01 0.000000000000000000e+00 0.000000000000000000e+00 -2.384185793236071049e-08 -2.384185793236071049e-08 0.000000000000000000e+00 0.000000000000000000e+00 -0.000000000000000000e+00 5.551115123125782702e-17
5.504999990000000176e-01 3.333108853986437303e-01 0.000000000000000000e+00 0.000000000000000000e+00 -2.384185793236071049e-08 -2.384185793236071049e-08 0.000000000000000000e+00 0.000000000000000000e+00 -0.000000000000000000e+00 5.551115123125782702e-17
5.604999990000000265e-01 3.333108853986437303e-01 0.000000000000000000e+00 0.000000000000000000e+00 -2.384185793236071049e-08 -2.384185793236071049e-08 0.000000000000000000e+00 0.000000000000000000e+00 -0.000000000000000000e+00 5.551115123125782702e-17
5.704999990000000354e-01 3.333108853986437303e-01 0.000000000000000000e+00 0.000000000000000000e+00 -2.384185793236071049e-08 -2.384185793236071049e-08 0.000000000000000000e+00 0.000000000000000000e+00 -0.000000000000000000e+00 5.551115123125782702e-17
5.804999990000000443e-01 3.333108853986437303e-01 0.000000000000000000e+00 0.000000000000000000e+00 -2.384185793236071049e-08 -2.384185793236071049e-08 0.000000000000000000e+00 0.000000000000000000e+00 -0.000000000000000000e+00 5.551115123125782702e-17
5.904999990000000532e-01 3.333108853986437303e-01 0.000000000000000000e+00 0.000000000000000000e+00 -2.384185793236071049e-08 -2.384185793236071049e-08 0.000000000000000000e+00 0.000000000000000000e+00 -0.000000000000000000e+00 5.551115123125782702e-17
6.004999990000000620e-01 3.333108853986437303e-01 0.000000000000000000e+00 0.000000000000000000e+00 -2.384185793236071049e-08 -2.384185793236071049e-08 0.000000000000000000e+00 0.000000000000000000e+00 -0.000000000000000000e+00 5.551115123125782702e-17
6.104999990000000709e-01 3.333108853986437303e-01 0.000000000000000000e+00 0.000000000000000000e+00 -2.384185793236071049e-08 -2.384185793236071049e-08 0.000000000000000000e+00 0.000000000000000000e+00 -0.000000000000000000e+00 5.551115123125782702e-17
6.204999990000000798e-01 3.333108853986437303e-01 0.000000000000000000e+00 0.000000000000000000e+00 -2.384185793236071049e-08 -2.384185793236071049e-08 0.000000000000000000e+00 0.000000000000000000e+00 -0.000000000000000000e+00 5.551115123125782702e-17
6.304999990000000887e-01 3.333108853986437303e-01 0.000000000000000000e+00 0.000000000000000000e+00 -2.384185793236071049e-08 -2.384185793236071049e-08 0.000000000000000000e+00 0.000000000000000000e+00 -0.000000000000000000e+00 5.551115123125782702e-17
6.404999989999999865e-01 3.333108853986437303e-01 0.000000000000000000e+00 0.000000000000000000e+00 -2.384185793236071049e-08 -2.384185793236071049e-08 0.000000000000000000e+00 0.000000000000000000e+00 -0.000000000000000000e+00 5.551115123125782702e-17
6.504999989999999954e-01 3.333108853986437303e-01 0.000000000000000000e+00 0.000000000000000000e+00 -2.384185793236071049e-08 -2.384185793236071049e-08 0.000000000000000000e+00 0.000000000000000000e+00 -0.000000000000000000e+00 5.551115123125782702e-17
6.604999990000000043e-01 3.333108853986437303e-01 0.000000000000000000e+00 0.000000000000000000e+00 -2.384185793236071049e-08 -2.384185793236071049e-08 0.000000000000000000e+00 0.000000000000000000e+00 -0.000000000000000000e+00 5.551115123125782702e-17
6.704999990000000132e-01 3.333108853986437303e-01 0.000000000000000000e+00 0.000000000000000000e+00 -2.384185793236071049e-08 -2.384185793236071049e-08 0.000000000000000000e+00 0.000000000000000000e+00 -0.000000000000000000e+00 5.551115123125782702e-17
6.804999990000000221e-01 3.333108853986437303e-01 0.000000000000000000e+00 0.000000000000000000e+00 -2.384185793236071049e-08 -2.384185793236071049e-08 0.000000000000000000e+00 0.000000000000000000e+00 -0.000000000000000000e+00 5.551115123125782702e-17
6.904999990000000309e-01 3.333108853986437303e-01 0.000000000000000000e+00 0.000000000000000000e+00 -2.384185793236071049e-08 -2.384185793236071049e-08 0.000000000000000000e+00 0.000000000000000000e+00 -0.000000000000000000e+00 5.551115123125782702e-17
7.004999990000000398e-01 3.333108853986437303e-01 0.000000000000000000e+00 0.000000000000000000e+00 -2.384185793236071049e-08 -2.384185793236071049e-08 0.000000000000000000e+00 0.000000000000000000e+00 -0.000000000000000000e+00 5.551115123125782702e-17
7.104999990000000487e-01 3.333108853986437303e-01 0.000000000000000000e+00 0.000000000000000000e+00 -2.384185793236071049e-08 -2.384185793236071049e-08 0.000000000000000000e+00 0.000000000000000000e+00 -0.000000000000000000e+00 5.551115123125782702e-17
7.204999990000000576e-01 3.333108853986437303e-01 0.000000000000000000e+00 0.000000000000000000e+00 -2.384185793236071049e-08 -2.384185793236071049e-08 0.000000000000000000e+00 0.000000000000000000e+00 -0.000000000000000000e+00 5.551115123125782702e-17
7.304999990000000665e-01 3.333108853986437303e-01 0.000000000000000000e+00 0.000000000000000000e+00 -2.384185793236071049e-08 -2.384185793236071049e-08 0.000000000000000000e+00 0.000000000000000000e+00 -0.000000000000000000e+00 5.551115123125782702e-17
7.404999990000000754e-01 3.333108853986437303e-01 0.000000000000000000e+00 0.000000000000000000e+00 -2.384185793236071049e-08 -2.384185793236071049e-08 0.000000000000000000e+00 0.000000000000000000e+00 -0.000000000000000000e+00 5.551115123125782702e-17
7.504999990000000842e-01 3.333108853986437303e-01 0.000000000000000000e+00 0.000000000000000000e+00 -2.384185793236071049e-08 -2.384185793236071049e-08 0.000000000000000000e+00 0.000000000000000000e+00 -0.000000000000000000e+00 5.551115123125782702e-17
7.604999990000000931e-01 3.333108853986437303e-01 0.000000000000000000e+00 0.000000000000000000e+00 -2.384185793236071049e-08 -2.384185793236071049e-08 0.000000000000000000e+00 0.000000000000000000e+00 -0.000000000000000000e+00 5.551115123125782702e-17
7.704999990000001020e-01 3.333108853986437303e-01 0.000000000000000000e+00 0.000000000000000000e+00 -2.384185793236071049e-08 -2.384185793236071049e-08 0.000000000000000000e+00 0.000000000000000000e+00 -0.000000000000000000e+00 5.551115123125782702e-17
7.804999989999999999e-01 3.333108853986437303e-01 0.000000000000000000e+00 0.000000000000000000e+00 -2.384185793236071049e-08 -2.384185793236071049e-08 0.000000000000000000e+00 0.000000000000000000e+00 -0.000000000000000000e+00 5.551115123125782702e-17
7.904999990000000087e-01 3.333108853986437303e-01 0.000000000000000000e+00 0.000000000000000000e+00 -2.384185793236071049e-08 -2.384185793236071049e-08 0.000000000000000000e+00 0.000000000000000000e+00 -0.000000000000000000e+00 5.551115123125782702e-17
8.004999990000000176e-01 3.333108853986437303e-01 0.000000000000000000e+00 0.000000000000000000e+00 -2.384185793236071049e-08 -2.384185793236071049e-08 0.000000000000000000e+00 0.000000000000000000e+00 -0.000000000000000000e+00 5.551115123125782702e-17
8.104999990000000265e-01 3.333108853986437303e-01 0.000000000000000000e+00 0.000000000000000000e+00 -2.384185793236071049e-08 -2.384185793236071049e-08 0.000000000000000000e+00 0.000000000000000000e+00 -0.000000000000000000e+00 5.551115123125782702e-17
8.204999990000000354e-01 3.333108853986437303e-01 0.000000000000000000e+00 0.000000000000000000e+00 -2.384185793236071049e-08 -2.384185793236071049e-08 0.000000000000000000e+00 0.000000000000000000e+00 -0.000000000000000000e+00 5.551115123125782702e-17
8.304999990000000443e-01 3.333108853986437303e-01 0.000000000000000000e+00 0.000000000000000000e+00 -2.384185793236071049e-08 -2.384185793236071049e-08 0.000000000000000000e+00 0.000000000000000000e+00 -0.000000000000000000e+00 5.551115123125782702e-17
8.404999990000000532e-01 3.333108853986437303e-01 0.000000000000000000e+00 0.000000000000000000e+00 -2.384185793236071049e-08 -2.384185793236071049e-08 0.000000000000000000e+00 0.000000000000000000e+00 -0.000000000000000000e+00 5.551115123125782702e-17
8.504999990000000620e-01 3.333108853986437303e-01 0.000000000000000000e+00 0.000000000000000000e+00 -2.384185793236071049e-08 -2.384185793236071049e-08 0.000000000000000000e+00 0.000000000000000000e+00 -0.000000000000000000e+00 5.551115123125782702e-17
8.604999990000000709e-01 3.333108853986437303e-01 0.000000000000000000e+00 0.000000000000000000e+00 -2.384185793236071049e-08 -2.384185793236071049e-08 0.000000000000000000e+00 0.000000000000000000e+00 -0.000000000000000000e+00 5.551115123125782702e-17
8.704999990000000798e-01 3.333108853986437303e-01 0.000000000000000000e+00 0.000000000000000000e+00 -2.384185793236071049e-08 -2.384185793236071049e-08 0.000000000000000000e+00 0.000000000000000000e+00 -0.000000000000000000e+00 5.551115123125782702e-17
8.804999990000000887e-01 3.333108853986437303e-01 0.000000000000000000e+00 0.000000000000000000e+00 -2.384185793236071049e-08 -2.384185793236071049e-08 0.000000000000000000e+00 0.000000000000000000e+00 -0.000000000000000000e+00 5.551115123125782702e-17
8.904999990000000976e-01 3.333108853986437303e-01 0.000000000000000000e+00 0.000000000000000000e+00 -2.384185793236071049e-08 -2.384185793236071049e-08 0.000000000000000000e+00 0.000000000000000000e+00 -0.000000000000000000e+00 5.551115123125782702e-17
9.004999990000001064e-01 3.333108853986437303e-01 0.000000000000000000e+00 0.000000000000000000e+00 -2.384185793236071049e-08 -2.384185793236071049e-08 0.000000000000000000e+00 0.000000000000000000e+00 -0.000000000000000000e+00 5.551115123125782702e-17
9.104999990000000043e-01 3.333108853986437303e-01 0.000000000000000000e+00 0.000000000000000000e+00 -2.384185793236071049e-08 -2.384185793236071049e-08 0.000000000000000000e+00 0.000000000000000000e+00 -0.000000000000000000e+00 5.551115123125782702e-17
9.204999990000000132e-01 3.333108853986437303e-01 0.000000000000000000e+00 0.000000000000000000e+00 -2.384185793236071049e-08 -2.384185793236071049e-08 0.000000000000000000e+00 0.000000000000000000e+00 -0.000000000000000000e+00 5.551115123125782702e-17
9.304999990000000221e-01 3.333108853986437303e-01 0.000000000000000000e+00 0.000000000000000000e+00 -2.384185793236071049e-08 -2.384185793236071049e-08 0.000000000000000000e+00 0.000000000000000000e+00 -0.000000000000000000e+00 5.551115123125782702e-17
9.404999990000000309e-01 3.333108853986437303e-01 0.000000000000000000e+00 0.000000000000000000e+00 -2.384185793236071049e-08 -2.384185793236071049e-08 0.000000000000000000e+00 0.000000000000000000e+00 -0.000000000000000000e+00 5.551115123125782702e-17
9.504999990000000398e-01 3.333108853986437303e-01 0.000000000000000000e+00 0.000000000000000000e+00 -2.384185793236071049e-08 -2.384185793236071049e-08 0.000000000000000000e+00 0.000000000000000000e+00 -0.000000000000000000e+00 5.551115123125782702e-17
9.604999990000000487e-01 3.333108853986437303e-01 0.000000000000000000e+00 0.000000000000000000e+00 -2.384185793236071049e-08 -2.384185793236071049e-08 0.000000000000000000e+00 0.000000000000000000e+00 -0.000000000000000000e+00 5.551115123125782702e-17
9.704999990000000576e-01 3.333108853986437303e-01 0.000000000000000000e+00 0.000000000000000000e+00 -2.384185793236071049e-08 -2.384185793236071049e-08 0.000000000000000000e+00 0.000000000000000000e+00 -0.000000000000000000e+00 5.551115123125782702e-17
9.804999990000000665e-01 3.333108853986437303e-01 0.000000000000000000e+00 0.000000000000000000e+00 -2.384185793236071049e-08 -2.384185793236071049e-08 0.000000000000000000e+00 0.000000000000000000e+00 -0.000000000000000000e+00 5.551115123125782702e-17
9.904999990000000754e-01 3.333108853986437303e-01 0.000000000000000000e+00 0.000000000000000000e+00 -2.384185793236071049e-08 -2.384185793236071049e-08 0.000000000000000000e+00 0.000000000000000000e+00 -0.000000000000000000e+00 5.551115123125782702e-17
1.000499999000000084e+00 3.333108853986437303e-01 0.000000000000000000e+00 0.000000000000000000e+00 -2.384185793236071049e-08 -2.384185793236071049e-08 0.000000000000000000e+00 0.000000000000000000e+00 -0.000000000000000000e+00 5.551115123125782702e-17
1.010499999000000093e+00 3.333108853986437303e-01 0.000000000000000000e+00 0.000000000000000000e+00 -2.384185793236071049e-08 -2.384185793236071049e-08 0.000000000000000000e+00 0.000000000000000000e+00 -0.000000000000000000e+00 5.551115123125782702e-17
1.020499999000000102e+00 3.333108853986437303e-01 0.000000000000000000e+00 0.000000000000000000e+00 -2.384185793236071049e-08 -2.384185793236071049e-08 0.000000000000000000e+00 0.000000000000000000e+00 -0.000000000000000000e+00 5.551115123125782702e-17
1.030499999000000111e+00 3.333108853986663789e-01 5.213236147140358634e-08 5.234075951894751135e-08 -2.384185793236071049e-08 -2.384185793236071049e-08 2.663940349491821975e-05 2.674217767661642004e-05 -4.305593624409631559e-07 -4.322805146617092475e-07
1.040499999000000120e+00 3.333108854238575058e-01 1.741654778136617364e-06 1.752844486574900940e-06 -2.384185793236071049e-08 -2.384185793236071049e-08 3.896417385215997014e-04 3.928574289896863132e-04 -1.438426632210942913e-05 -1.447668173487626220e-05
1.050499999000000129e+00 3.333108863564321345e-01 1.070720552605690673e-05 1.083027538507879636e-05 -2.384185793236071049e-08 -2.384185793236071049e-08 1.474605027640830957e-03 1.496813919605066625e-03 -8.843043869605216045e-05 -8.944686839157389713e-05
1.060499999000000138e+00 3.333108951860002667e-01 3.412923859166549264e-05 3.471760282389186475e-05 -2.384185793236071049e-08 -2.384185793236071049e-08 3.217375700927584820e-03 3.293607040525343976e-03 -2.818722006935892033e-04 -2.867314806913601188e-04
1.070499999000000146e+00 3.333109361374370638e-01 7.742532091075625931e-05 7.932389659830434842e-05 -2.384185793236071049e-08 -2.384185793236071049e-08 5.352731408454680997e-03 5.543905078079334678e-03 -6.394530893447103459e-04 -6.551333640089085364e-04
1.080499999000000155e+00 3.333110592546206785e-01 1.427082720707661338e-04 1.474296282025972828e-04 -2.384185793236071049e-08 -2.384185793236071049e-08 7.611759246746802737e-03 7.984399100900449117e-03 -1.178622994920941469e-03 -1.217616545331978717e-03
1.090499999000000164e+00 3.333113446701583826e-01 2.310557590329602397e-04 2.404805238745489943e-04 -2.384185793236071049e-08 -2.384185793236071049e-08 9.955578558097786385e-03 1.050345576424909118e-02 -1.908282899824753631e-03 -1.986121885118041774e-03
1.100499999000000173e+00 3.333119051528842247e-01 3.436749413796364372e-04 3.589319123409896446e-04 -2.384185793236071049e-08 -2.384185793236071049e-08 1.249525983579700440e-02 1.307495787211094239e-02 -2.838404047654619067e-03 -2.964411487187845751e-03
1.110499998999999960e+00 3.333129005644860920e-01 4.838968088254720287e-04 5.038231850541420717e-04 -2.384185793236071049e-08 -2.384185793236071049e-08 1.550118456271752480e-02 1.580393506697741132e-02 -3.996499898670791140e-03 -4.161072815919042434e-03
1.120499998999999969e+00 3.333145627358324870e-01 6.573709677497256276e-04 6.770292684889777941e-04 -2.384185793236071049e-08 -2.384185793236071049e-08 1.912781613376973722e-02 1.873503506686876804e-02 -5.429236486572952547e-03 -5.591596713002022767e-03
1.130499998999999978e+00 3.333172220236980676e-01 8.706526345803273842e-04 8.811582385522855054e-04 -2.384185793236071049e-08 -2.384185793236071049e-08 2.340963967212932040e-02 2.198920182716638042e-02 -7.190765367648899176e-03 -7.277533552111081772e-03
1.140499998999999987e+00 3.333213329725689400e-01 1.129393993799929522e-03 1.120019147561701449e-03 -2.384185793236071049e-08 -2.384185793236071049e-08 2.813957374366282682e-02 2.566875630247092074e-02 -9.327790565220650532e-03 -9.250359965749355151e-03
1.150499998999999995e+00 3.333274711037927385e-01 1.435969176552608952e-03 1.397980328528460568e-03 -2.384185793236071049e-08 -2.384185793236071049e-08 3.294419237393250710e-02 2.981434502889932989e-02 -1.185995829155378489e-02 -1.154618353461150937e-02
1.160499999000000004e+00 3.333363144992230742e-01 1.789450803995421609e-03 1.719207060827202807e-03 -2.384185793236071049e-08 -2.384185793236071049e-08 3.747130009671866685e-02 3.423729588454793582e-02 -1.477966759142124165e-02 -1.419945274099360111e-02
1.170499999000000013e+00 3.333486018442483600e-01 2.187162880273959067e-03 2.085541763371626545e-03 -2.384185793236071049e-08 -2.384185793236071049e-08 4.183554384587967467e-02 3.879535709651407704e-02 -1.806489933841776141e-02 -1.722545481909770748e-02
1.180499999000000022e+00 3.333651356558372525e-01 2.627892739212722879e-03 2.496173414674300074e-03 -2.384185793236071049e-08 -2.384185793236071049e-08 4.614392885867269617e-02 4.309054931634793972e-02 -2.170575140305336381e-02 -2.061758916324724078e-02
1.190499999000000031e+00 3.333868626082419073e-01 3.114142609015757828e-03 2.949519225618586152e-03 -2.384185793236071049e-08 -2.384185793236071049e-08 5.093546656737209938e-02 4.734952343086997611e-02 -2.572305174297451202e-02 -2.436291317386796162e-02
1.200499999000000040e+00 3.334149358543045949e-01 3.650335542129993886e-03 3.445259884979438685e-03 -2.384185793236071049e-08 -2.384185793236071049e-08 5.615711795414356222e-02 5.165525555839339811e-02 -3.015356165810922917e-02 -2.845896206509346271e-02
1.210499999000000049e+00 3.334508316115374349e-01 4.241746061025694278e-03 3.986618139394159342e-03 -2.384185793236071049e-08 -2.384185793236071049e-08 6.182855562427060081e-02 5.642133589950731193e-02 -3.504117034869175251e-02 -3.293259346427801493e-02
1.220499999000000058e+00 3.334962296488386269e-01 4.890287434133756828e-03 4.578345306824987450e-03 -2.384185793236071049e-08 -2.384185793236071049e-08 6.762146267253948961e-02 6.178281396997301750e-02 -4.040210591958365294e-02 -3.782338259289158566e-02
1.230499999000000066e+00 3.335529799516903648e-01 5.595494219852023207e-03 5.225357646142451094e-03 -2.384185793236071049e-08 -2.384185793236071049e-08 7.308066513091120153e-02 6.734731931519166714e-02 -4.623305985374642768e-02 -4.317238720629029691e-02
1.240499999000000075e+00 3.336228732798473540e-01 6.354577755949462892e-03 5.928810592214086433e-03 -2.384185793236071049e-08 -2.384185793236071049e-08 7.843162882631583843e-02 7.301172877447426046e-02 -5.251164103899835789e-02 -4.898971620817121897e-02
1.250499999000000084e+00 3.337077448373599320e-01 7.166432152400519645e-03 6.686853227502833827e-03 -2.384185793236071049e-08 -2.384185793236071049e-08 8.374440586986622859e-02 7.831663299387790766e-02 -5.922950942772031713e-02 -5.526075698436205830e-02
1.260499999000000093e+00 3.338097295006879350e-01 8.033629809091379428e-03 7.497373250091776166e-03 -2.384185793236071049e-08 -2.384185793236071049e-08 8.942748157617569360e-02 8.347073518742859077e-02 -6.640894503047795050e-02 -6.196887037343185023e-02
1.270499999000000102e+00 3.339312988418302597e-01 8.959815396775913654e-03 8.359609979869501994e-03 -2.384185793236071049e-08 -2.384185793236071049e-08 9.562709479394108925e-02 8.881137757192562876e-02 -7.408136927437247721e-02 -6.910875724207465876e-02
1.280499999000000111e+00 3.340755753113119342e-01 9.949492002249550257e-03 9.277190598908585314e-03 -2.384185793236071049e-08 -2.384185793236071049e-08 1.019838124802053964e-01 9.448867727804288741e-02 -8.228565916272762015e-02 -7.671167145449026004e-02
1.290499999000000120e+00 3.342458471163775591e-01 1.100328551960646703e-02 1.025477288488441281e-02 -2.384185793236071049e-08 -2.384185793236071049e-08 1.083902214454918189e-01 1.007469272291401652e-01 -9.102894556649548941e-02 -8.481773488333038680e-02
1.300499999000000129e+00 3.344452763195869816e-01 1.211866986933075874e-02 1.129513346429406213e-02 -2.384185793236071049e-08 -2.384185793236071049e-08 1.143739340953111860e-01 1.070478288122761468e-01 -1.002925652852085237e-01 -9.345187053190839865e-02
1.310499999000000138e+00 3.346769947377113974e-01 1.329332422605610485e-02 1.239856068601621376e-02 -2.384185793236071049e-08 -2.384185793236071049e-08 1.201933580569664595e-01 1.132090303491796179e-01 -1.100598898265240932e-01 -1.026187664704095726e-01
1.320499999000000146e+00 3.349439929302210350e-01 1.452629409239651441e-02 1.356156807038750613e-02 -2.384185793236071049e-08 -2.384185793236071049e-08 1.261939787939245494e-01 1.190969837604082676e-01 -1.203260287965593478e-01 -1.122921226435247277e-01
1.330499999000000155e+00 3.352500045487813995e-01 1.582073981520728048e-02 1.478220585545338139e-02 -2.384185793236071049e-08 -2.384185793236071049e-08 1.324459574482343971e-01 1.247467264495898120e-01 -1.311208823721202732e-01 -1.224587519798520652e-01
1.340499999000000164e+00 3.355994908020103473e-01 1.718081731113772423e-02 1.606106477492436069e-02 -2.384185793236071049e-08 -2.384185793236071049e-08 1.392452622728677369e-01 1.307595215669579425e-01 -1.424834266642776015e-01 -1.331270672998069449e-01
1.350499999000000173e+00 3.359974449654843376e-01 1.860880203357957383e-02 1.740152846898107911e-02 -2.384185793236071049e-08 -2.384185793236071049e-08 1.460496470908159705e-01 1.371412269389969407e-01 -1.544378388507081645e-01 -1.443294182823757765e-01
1.360499999000000182e+00 3.364491625350726767e-01 2.010451738192554905e-02 1.880841758731614105e-02 -2.384185793236071049e-08 -2.384185793236071049e-08 1.526357569067120501e-01 1.438566150981804570e-01 -1.669886850779675469e-01 -1.561110559517602248e-01
1.370499999000000191e+00 3.369590510039456310e-01 2.166405823349583024e-02 2.028249771366498130e-02 -2.384185793236071049e-08 -2.384185793236071049e-08 1.589505766190111025e-01 1.506318077131543198e-01 -1.801100394381789371e-01 -1.684842815917742542e-01
1.380499998999999978e+00 3.375315609480266099e-01 2.328536246606639770e-02 2.182233351237451366e-02 -2.384185793236071049e-08 -2.384185793236071049e-08 1.650211173790010200e-01 1.569579575077077183e-01 -1.937921902974255595e-01 -1.814438178645437771e-01
1.390499998999999987e+00 3.381714138270145442e-01 2.496919877584360958e-02 2.342455007355402977e-02 -2.384185793236071049e-08 -2.384185793236071049e-08 1.714405148386438649e-01 1.631053040284490552e-01 -2.080503018456210107e-01 -1.949688613189138331e-01
1.400499998999999995e+00 3.388842081943111428e-01 2.671851133161383396e-02 2.508714052477909254e-02 -2.384185793236071049e-08 -2.384185793236071049e-08 1.782090118365291798e-01 1.691901783630925526e-01 -2.229193802031250726e-01 -2.090509381680991097e-01
1.410499999000000004e+00 3.396772291368776453e-01 2.853779095655739617e-02 2.681257964471533278e-02 -2.384185793236071049e-08 -2.384185793236071049e-08 1.852425898674562033e-01 1.755871782209119381e-01 -2.384495006211139190e-01 -2.237206815658394632e-01
1.420499999000000013e+00 3.405576757196435156e-01 3.042740649787515836e-02 2.860441945998838664e-02 -2.384185793236071049e-08 -2.384185793236071049e-08 1.923170230682603454e-01 1.825211815748565836e-01 -2.546577208670313119e-01 -2.390196245456386315e-01
1.430499999000000022e+00 3.415325857733322867e-01 3.238532536906022635e-02 3.046596292401081846e-02 -2.384185793236071049e-08 -2.384185793236071049e-08 1.988894956991173746e-01 1.894554229315550953e-01 -2.715424235638170813e-01 -2.549893093591744653e-01
1.440499999000000031e+00 3.426081411746927374e-01 3.440821657045581988e-02 3.239723470986107662e-02 -2.384185793236071049e-08 -2.384185793236071049e-08 2.052804401673162527e-01 1.963340202949464819e-01 -2.890925738581846538e-01 -2.716454251592334002e-01
1.450499999000000040e+00 3.437899873719111876e-01 3.649410741138901099e-02 3.439456347616973164e-02 -2.384185793236071049e-08 -2.384185793236071049e-08 2.116662549686413597e-01 2.028034969054504089e-01 -3.073108235644036457e-01 -2.889737446629649931e-01
1.460499999000000049e+00 3.450855548077930712e-01 3.864556301379130226e-02 3.645543926566909704e-02 -2.384185793236071049e-08 -2.384185793236071049e-08 2.183056487857039651e-01 2.090015542620207445e-01 -3.262422284052967081e-01 -3.069719096269194480e-01
1.470499999000000058e+00 3.465034892482914408e-01 4.086595093358078024e-02 3.857907951408101610e-02 -2.384185793236071049e-08 -2.384185793236071049e-08 2.254771971038012912e-01 2.154655689186854017e-01 -3.459430133594846302e-01 -3.256549610561965125e-01
1.480499999000000066e+00 3.480541511626278339e-01 4.315809589993836737e-02 4.076849884153812414e-02 -2.384185793236071049e-08 -2.384185793236071049e-08 2.326156931396462235e-01 2.221864731875822785e-01 -3.664696034897320098e-01 -3.450746859195137350e-01
1.490499999000000075e+00 3.497481536032564509e-01 4.552177648391781545e-02 4.302812739507019119e-02 -2.384185793236071049e-08 -2.384185793236071049e-08 2.396317059441992747e-01 2.293323905994887613e-01 -3.878566514674925969e-01 -3.653002767543265250e-01
1.500499999000000084e+00 3.515940029943870893e-01 4.795293254888876450e-02 4.535881120467661481e-02 -2.384185793236071049e-08 -2.384185793236071049e-08 2.462745244242441622e-01 2.364841138001155252e-01 -4.101093237467529073e-01 -3.863745227756179013e-01
1.510499999000000093e+00 3.536003392131658596e-01 5.044911942437348834e-02 4.775935653508168316e-02 -2.384185793236071049e-08 -2.384185793236071049e-08 2.526234206372118818e-01 2.431968961312140354e-01 -4.332529863751694021e-01 -4.083274457391694590e-01
1.520499999000000102e+00 3.557758706110143443e-01 5.301012999836633016e-02 5.022574336988099714e-02 -2.384185793236071049e-08 -2.384185793236071049e-08 2.592747385021806350e-01 2.496920314418585585e-01 -4.573411255442930701e-01 -4.311689599325041478e-01
1.530499999000000111e+00 3.581317101772165112e-01 5.563868651518953656e-02 5.275557413783572847e-02 -2.384185793236071049e-08 -2.384185793236071049e-08 2.662028780885338786e-01 2.560198459631407575e-01 -4.824652620068609066e-01 -4.549302651467331815e-01
1.540499999000000120e+00 3.606825500580702615e-01 5.833908508797620851e-02 5.535065419764596123e-02 -2.384185793236071049e-08 -2.384185793236071049e-08 2.734563881225556270e-01 2.626595934258913467e-01 -5.087467444669793171e-01 -4.796910622491862286e-01
1.550499999000000129e+00 3.634431949472825552e-01 6.111178541165881301e-02 5.801415701683711179e-02 -2.384185793236071049e-08 -2.384185793236071049e-08 2.807339436980727521e-01 2.697947574198043541e-01 -5.362881504865950610e-01 -5.055573539323697796e-01
1.560499999000000138e+00 3.664288243988266802e-01 6.395506682917283248e-02 6.074966250926526479e-02 -2.384185793236071049e-08 -2.384185793236071049e-08 2.875133507940258459e-01 2.769461904064434710e-01 -5.651916888231089953e-01 -5.326567426099453328e-01
1.570499999000000146e+00 3.696526714346228815e-01 6.686513604670865640e-02 6.355699918506460544e-02 -2.384185793236071049e-08 -2.384185793236071049e-08 2.940899394660151933e-01 2.840589268640220655e-01 -5.955642668366133430e-01 -5.611015510465680034e-01
1.580499999000000155e+00 3.731278641526937223e-01 6.983975758040741888e-02 6.643258432499704602e-02 -2.384185793236071049e-08 -2.384185793236071049e-08 3.005912789779461303e-01 2.907163090486207246e-01 -6.275628073065477874e-01 -5.909947044103002201e-01
1.590499999000000164e+00 3.768719395520431226e-01 7.288116333228659982e-02 6.937363884342724607e-02 -2.384185793236071049e-08 -2.384185793236071049e-08 3.073484941454657227e-01 2.970956907513471745e-01 -6.614429809685995476e-01 -6.224790183255323184e-01
1.600499999000000173e+00 3.809060182115432958e-01 7.599242673121744951e-02 7.237888261463960859e-02 -2.384185793236071049e-08 -2.384185793236071049e-08 3.146211863813488385e-01 3.036947741041686188e-01 -6.975485041725467683e-01 -6.557581488559369731e-01
1.610499999000000182e+00 3.852569443346687827e-01 7.917653497800508644e-02 7.545114889243799416e-02 -2.384185793236071049e-08 -2.384185793236071049e-08 3.218512337937817214e-01 3.105109110259693939e-01 -7.363425247923227612e-01 -6.911495311219577609e-01
1.620499999000000191e+00 3.899544457188286462e-01 8.243314821809891169e-02 7.859459555984740775e-02 -2.384185793236071049e-08 -2.384185793236071049e-08 3.289834655694575116e-01 3.177735738109993546e-01 -7.784374664531956700e-01 -7.290943587517508817e-01
1.630499999000000200e+00 3.950284928681307428e-01 8.575822980379357863e-02 8.181017354397851493e-02 -2.384185793236071049e-08 -2.384185793236071049e-08 3.357001531120266113e-01 3.250188764283926113e-01 -8.247142160200819916e-01 -7.701658363225883930e-01
1.640499999000000209e+00 4.005158499279440898e-01 8.914918017911835357e-02 8.509685978389146255e-02 -2.384185793236071049e-08 -2.384185793236071049e-08 3.421253019130455764e-01 3.318660383400675040e-01 -8.766763320338667453e-01 -8.151930930053226110e-01
1.650499998999999995e+00 4.064643536857442951e-01 9.260536076332805122e-02 8.845045080160011952e-02 -2.384185793236071049e-08 -2.384185793236071049e-08 3.488202181028239313e-01 3.384718238261070766e-01 -9.372509254742290574e-01 -8.654781544885299382e-01
1.660499999000000004e+00 4.129507932436197182e-01 9.612946827970518526e-02 9.186845421600285666e-02 -2.384185793236071049e-08 -2.384185793236071049e-08 3.557562589852825141e-01 3.448572488118875623e-01 -1.013811872519736923e+00 -9.234691459856283480e-01
1.670499999000000013e+00 4.201375892317104621e-01 9.972562643796401005e-02 9.535224878283467265e-02 -2.384185793236071049e-08 -2.384185793236071049e-08 3.630534976200705533e-01 3.515577097762788150e-01 -1.152418526402676058e+00 -9.949023237417810028e-01
1.680499999000000022e+00 4.282538049800311275e-01 1.033944104463510039e-01 9.890485869588731827e-02 -2.384185793236071049e-08 -2.384185793236071049e-08 3.703646660625377063e-01 3.587284753617160371e-01 -1.208998879531320902e+00 -1.103497822583647814e+00
1.690499999000000031e+00 4.370823597810014061e-01 1.071342565658692236e-01 1.025299854310380288e-01 -2.384185793236071049e-08 -2.384185793236071049e-08 3.771832518075362017e-01 3.659261261256389064e-01 -1.218792764493500602e+00 -1.206717222699191350e+00
1.700499999000000040e+00 4.462206147339502493e-01 1.109411413002417551e-01 1.062273588707285527e-01 -2.384185793236071049e-08 -2.384185793236071049e-08 3.837874453915363637e-01 3.730933663642219122e-01 -1.228635267494292638e+00 -1.216429253256742893e+00
1.710499999000000049e+00 4.555961999120075046e-01 1.148127250163203383e-01 1.099934790756202929e-01 -2.384185793236071049e-08 -2.384185793236071049e-08 3.902825647115136243e-01 3.797842019656767487e-01 -1.238516823695746005e+00 -1.226196941061921564e+00
1.720499999000000058e+00 4.652110072447970257e-01 1.187510485294589468e-01 1.138254136808843492e-01 -2.384185793236071049e-08 -2.384185793236071049e-08 3.970361231772140953e-01 3.861954055593795343e-01 -1.248439206495907339e+00 -1.236008992384266314e+00
1.730499999000000066e+00 4.750698127791174175e-01 1.227590687367322714e-01 1.177216553281050931e-01 -2.384185793236071049e-08 -2.384185793236071049e-08 4.042935124440891759e-01 3.927982163484623479e-01 -1.258406248920822090e+00 -1.245858144026578351e+00
1.740499999000000075e+00 4.851829361023292098e-01 1.268398751949314784e-01 1.216849395401218836e-01 -2.384185793236071049e-08 -2.384185793236071049e-08 4.115136077406946757e-01 3.996045451176486463e-01 -1.268421788331559164e+00 -1.255747910648135957e+00
1.750499999000000084e+00 4.955581618541978206e-01 1.309931111443653207e-01 1.257193060200145762e-01 -2.384185793236071049e-08 -2.384185793236071049e-08 4.186520744585242593e-01 4.068712210392767537e-01 -1.278481038673132453e+00 -1.265684706157820472e+00
1.760499999000000093e+00 5.061949688243432277e-01 1.352148152614488785e-01 1.298258193277848915e-01 -2.384185793236071049e-08 -2.384185793236071049e-08 4.253549748834096200e-01 4.141094041072717613e-01 -1.288570770539544830e+00 -1.275667304826220594e+00
1.770499999000000102e+00 5.170917679368598474e-01 1.395023100131522475e-01 1.340035185826279895e-01 -2.384185793236071049e-08 -2.384185793236071049e-08 4.317716406695044085e-01 4.209707360693483724e-01 -1.298681330870700812e+00 -1.285689584591496626e+00
1.780499999000000111e+00 5.282449744946741133e-01 1.438547905373395996e-01 1.382481366378333076e-01 -2.384185793236071049e-08 -2.384185793236071049e-08 4.384407280756043024e-01 4.275775648508688409e-01 -1.308807790720214470e+00 -1.295737836118750597e+00
1.790499999000000120e+00 5.396576368921585098e-01 1.482749324484112785e-01 1.425571404842601031e-01 -2.384185793236071049e-08 -2.384185793236071049e-08 4.453394713406158001e-01 4.339461042373516375e-01 -1.318953310257195088e+00 -1.305802972406340245e+00
1.800499999000000129e+00 5.513395061251660234e-01 1.527667724496515333e-01 1.469317256172230357e-01 -2.384185793236071049e-08 -2.384185793236071049e-08 4.526096544939671174e-01 4.406273294149303799e-01 -1.329123830612551238e+00 -1.315884812629493972e+00
1.810499999000000138e+00 5.632982903173240352e-01 1.573309313021635236e-01 1.513748521629056376e-01 -2.384185793236071049e-08 -2.384185793236071049e-08 4.598877461775514597e-01 4.477661232828382687e-01 -1.339317273557999677e+00 -1.325987064375994340e+00
1.820499999000000146e+00 5.755399797072588974e-01 1.619658964147429325e-01 1.558902565142163410e-01 -2.384185793236071049e-08 -2.384185793236071049e-08 4.666808979226884091e-01 4.549417047016869886e-01 -1.349526875815837634e+00 -1.336114853044360284e+00
1.830499999000000155e+00 5.880617288432176126e-01 1.666675771129910444e-01 1.604776656540756186e-01 -2.384185793236071049e-08 -2.384185793236071049e-08 4.732544994981401909e-01 4.620921100540418824e-01 -1.359740552474160147e+00 -1.346264093358694680e+00
1.840499999000000164e+00 6.008585256759766402e-01 1.714335865023451644e-01 1.651336371654364699e-01 -2.384185793236071049e-08 -2.384185793236071049e-08 4.796989580238526507e-01 4.687535753015686923e-01 -1.369950387224176058e+00 -1.356423921663810983e+00
1.850499999000000173e+00 6.139316330406933142e-01 1.762658542468430456e-01 1.698551527962435526e-01 -2.384185793236071049e-08 -2.384185793236071049e-08 4.864081844987969139e-01 4.751399472300267823e-01 -1.380157847177315933e+00 -1.366584848324936097e+00
1.860499999000000182e+00 6.272855181284000547e-01 1.811672787562036424e-01 1.746405943501576630e-01 -2.384185793236071049e-08 -2.384185793236071049e-08 4.936103122726286929e-01 4.816987950108073679e-01 -1.390366215276900519e+00 -1.376740741349857355e+00
1.870499999000000191e+00 6.409310493071187498e-01 1.861410306342329846e-01 1.794926659669762725e-01 -2.384185793236071049e-08 -2.384185793236071049e-08 5.007840110268776401e-01 4.884585175497485054e-01 -1.400579031537303454e+00 -1.386894683760942382e+00
1.880499999000000200e+00 6.548760545762456475e-01 1.911867372114994246e-01 1.844153226593302775e-01 -2.384185793236071049e-08 -2.384185793236071049e-08 5.078822731820480385e-01 4.956822512642279910e-01 -1.410792390529477913e+00 -1.397052044380574287e+00
1.890499999000000209e+00 6.691194678328593604e-01 1.963004862334120637e-01 1.894096910441503689e-01 -2.384185793236071049e-08 -2.384185793236071049e-08 5.145352348870935177e-01 5.028720309889210816e-01 -1.420995464988787038e+00 -1.407212061775503731e+00
1.900499999000000217e+00 6.836074749840054254e-01 2.014795604721134059e-01 1.944748397104696658e-01 -2.384185793236071049e-08 -2.384185793236071049e-08 5.209062345199485522e-01 5.096972327828248606e-01 -1.421115262755894726e+00 -1.407205311701523964e+00
1.910499999000000226e+00 6.982799013403231392e-01 2.067230866788529464e-01 1.996064858982766199e-01 -2.384185793236071049e-08 -2.384185793236071049e-08 5.275210799193145172e-01 5.162617633648277637e-01 -1.421064812371354513e+00 -1.407033822056201977e+00
1.920499999000000013e+00 7.131361609066055873e-01 2.120337396776546812e-01 2.048020894052540453e-01 -2.384185793236071049e-08 -2.384185793236071049e-08 5.343609409739247251e-01 5.225802961464374174e-01 -1.420940580455603897e+00 -1.406784640706699951e+00
1.930499999000000022e+00 7.281826123098605885e-01 2.174155100043445032e-01 2.100627448719912527e-01 -2.384185793236071049e-08 -2.384185793236071049e-08 5.415783949819087395e-01 5.292098198909531703e-01 -1.420743940728213195e+00 -1.406453664894288469e+00
1.940499999000000031e+00 7.434233919042337879e-01 2.228690507705044233e-01 2.153913730045940167e-01 -2.384185793236071049e-08 -2.384185793236071049e-08 5.487986446967623166e-01 5.362871586963615655e-01 -1.420471164970414479e+00 -1.406041798189071379e+00
1.950499999000000040e+00 7.588607511699311248e-01 2.283928891444048925e-01 2.207917387866806525e-01 -2.384185793236071049e-08 -2.384185793236071049e-08 5.555446444749733148e-01 5.434136678851692048e-01 -1.420115735425653281e+00 -1.405552705085507226e+00
1.960499999000000049e+00 7.744874996013217938e-01 2.339829157513814151e-01 2.262635894714765117e-01 -2.384185793236071049e-08 -2.384185793236071049e-08 5.620656352837214431e-01 5.505153717321793483e-01 -1.419672895544582758e+00 -1.404988833382153413e+00
1.970499999000000058e+00 7.902944050804850962e-01 2.396367248464888466e-01 2.318035257467525589e-01 -2.384185793236071049e-08 -2.384185793236071049e-08 5.684479185953705827e-01 5.571233934936552501e-01 -1.419142770941094422e+00 -1.404348132648377323e+00
1.980499999000000066e+00 8.062787554218883157e-01 2.453561898796610963e-01 2.374084917906635894e-01 -2.384185793236071049e-08 -2.384185793236071049e-08 5.750998157123955457e-01 5.634604866903495379e-01 -1.418528990439888116e+00 -1.403624777254688372e+00
1.990499999000000075e+00 8.224411050267106393e-01 2.511441674190850182e-01 2.430767960477380474e-01 -2.384185793236071049e-08 -2.384185793236071049e-08 5.822365386795312903e-01 5.699561456851449659e-01 -1.417834567504221432e+00 -1.402813324407966356e+00
2.000499999000000084e+00 8.387886377106190672e-01 2.570038956623341697e-01 2.488111246263720044e-01 -2.384185793236071049e-08 -2.384185793236071049e-08 5.893525522615508105e-01 5.766515485044897416e-01 -1.417058318521431826e+00 -1.401911806805873351e+00
2.010499999000000315e+00 8.553250355285966222e-01 2.629349939765534550e-01 2.546153711843247014e-01 -2.384185793236071049e-08 -2.384185793236071049e-08 5.963988580607544332e-01 5.838148043392492603e-01 -1.416194703816568978e+00 -1.400922764535601051e+00
2.020499999000000102e+00 8.720452066767365729e-01 2.689336004353601872e-01 2.604907281096442428e-01 -2.384185793236071049e-08 -2.384185793236071049e-08 6.029921437887841851e-01 5.909405197423944767e-01 -1.415238085614894281e+00 -1.399849779329054300e+00
2.030499999000000333e+00 8.889426763004010246e-01 2.749969693156741335e-01 2.664363004961644577e-01 -2.384185793236071049e-08 -2.384185793236071049e-08 6.093082562457404761e-01 5.977141301183543920e-01 -1.414186018051608373e+00 -1.398693557955562827e+00
2.040499999000000120e+00 9.060087674856504014e-01 2.811241731086208118e-01 2.724478040425933334e-01 -2.384185793236071049e-08 -2.384185793236071049e-08 6.158606564893472912e-01 6.042220755613427752e-01 -1.413041026523942145e+00 -1.397450315394394016e+00
2.050499998999999907e+00 9.232423123364279505e-01 2.873178912745897318e-01 2.785227018422891110e-01 -2.384185793236071049e-08 -2.384185793236071049e-08 6.226344877427044677e-01 6.104781464508950428e-01 -1.411806739072636319e+00 -1.396114275637122315e+00
2.060499999000000138e+00 9.406488350858572822e-01 2.935820762757649360e-01 2.846620021078017371e-01 -2.384185793236071049e-08 -2.384185793236071049e-08 6.297924367754232922e-01 6.170444240151278237e-01 -1.410484080563003451e+00 -1.394681293483540419e+00
2.070499998999999924e+00 9.582318029309350171e-01 2.999174159850477861e-01 2.908685937249185227e-01 -2.384185793236071049e-08 -2.384185793236071049e-08 6.369475039223009283e-01 6.240485401900611739e-01 -1.409069455646459801e+00 -1.393151888123047133e+00
2.080499999000000155e+00 9.759929065202380682e-01 3.063224851306969865e-01 2.971462800737925125e-01 -2.384185793236071049e-08 -2.384185793236071049e-08 6.436425770786140532e-01 6.311179082382325500e-01 -1.407556769675694763e+00 -1.391529244874886828e+00
2.090499998999999942e+00 9.939243907522182786e-01 3.127931728260990862e-01 3.034948362550561884e-01 -2.384185793236071049e-08 -2.384185793236071049e-08 6.501052645719922474e-01 6.381585318107152460e-01 -1.405942086255649759e+00 -1.389816059489234368e+00
2.100499999000000173e+00 1.012016490923654422e+00 3.193270653587809704e-01 3.099108916293614180e-01 -2.384185793236071049e-08 -2.384185793236071049e-08 6.564258881855994376e-01 6.447052226268358277e-01 -1.404226032875800056e+00 -1.388011050812568481e+00
2.110499998999999960e+00 1.030265822657407071e+00 3.259260085460395362e-01 3.163913769907014117e-01 -2.384185793236071049e-08 -2.384185793236071049e-08 6.630191317152156483e-01 6.509840223725416042e-01 -1.402412043047654766e+00 -1.386109067209292167e+00
2.120499999000000191e+00 1.048672163535480983e+00 3.325928245639375724e-01 3.229345493076235529e-01 -2.384185793236071049e-08 -2.384185793236071049e-08 6.700911832968596826e-01 6.574112647305144774e-01 -1.400502810213547278e+00 -1.384105071962457245e+00
2.130499998999999978e+00 1.067241999830172539e+00 3.393308075987241379e-01 3.295430850894756070e-01 -2.384185793236071049e-08 -2.384185793236071049e-08 6.771489219784965208e-01 6.640378080976855335e-01 -1.398496795558112460e+00 -1.381996713106824037e+00
2.140499999000000209e+00 1.085978181706326096e+00 3.461395687049801384e-01 3.362208282017672967e-01 -2.384185793236071049e-08 -2.384185793236071049e-08 6.841413472466963963e-01 6.711351662526100492e-01 -1.396388689732000588e+00 -1.379785992678358886e+00
2.150499998999999995e+00 1.104875113010626242e+00 3.530152875095884935e-01 3.429690281260169837e-01 -2.384185793236071049e-08 -2.384185793236071049e-08 6.906743166886162300e-01 6.781923186668799008e-01 -1.394173558573509997e+00 -1.377476424269343358e+00
2.160499999000000226e+00 1.123925727235914884e+00 3.599551960591592104e-01 3.497868258184642642e-01 -2.384185793236071049e-08 -2.384185793236071049e-08 6.969345703285894089e-01 6.849088010780701730e-01 -1.391849434899606663e+00 -1.375069024772924697e+00
2.170499999000000013e+00 1.143120725246317804e+00 3.669583183833484141e-01 3.566699380766241712e-01 -2.384185793236071049e-08 -2.384185793236071049e-08 7.034235544173829124e-01 6.913546100211721557e-01 -1.389419035218757426e+00 -1.372560847381759208e+00
2.180499999000000244e+00 1.162458274782382839e+00 3.740273352378875593e-01 3.636158315101409300e-01 -2.384185793236071049e-08 -2.384185793236071049e-08 7.101315803431500484e-01 6.975444861302306787e-01 -1.386885632596948081e+00 -1.369946603415681530e+00
2.190499999000000031e+00 1.181942891143176633e+00 3.811661467756286559e-01 3.706254205879396246e-01 -2.384185793236071049e-08 -2.384185793236071049e-08 7.172266576984198672e-01 7.040407764997164142e-01 -1.384249667787347926e+00 -1.367222054144532795e+00
2.200499999000000262e+00 1.201577275064091843e+00 3.883754875059261535e-01 3.777015738935877720e-01 -2.384185793236071049e-08 -2.384185793236071049e-08 7.243166259491641279e-01 7.109680406624919735e-01 -1.381507563418785889e+00 -1.364387280401418323e+00
2.210499999000000049e+00 1.221362499249942113e+00 3.956540007009158866e-01 3.848481553263911614e-01 -2.384185793236071049e-08 -2.384185793236071049e-08 7.309622179427376354e-01 7.179785222301653391e-01 -1.378653492538354453e+00 -1.361444920441836182e+00
2.220499999000000280e+00 1.241290234443697793e+00 4.029975687273257834e-01 3.920649711128567638e-01 -2.384185793236071049e-08 -2.384185793236071049e-08 7.373674690771305773e-01 7.249570066404164015e-01 -1.375684166386264451e+00 -1.358397804823701094e+00
2.230499999000000066e+00 1.261350215579153611e+00 4.104037673627947136e-01 3.993486912680575540e-01 -2.384185793236071049e-08 -2.384185793236071049e-08 7.436254602062000174e-01 7.314406242571903638e-01 -1.372600568009935795e+00 -1.355245266403514171e+00
2.240499999000000297e+00 1.281538319624779154e+00 4.178744069083124013e-01 4.066962295614225398e-01 -2.384185793236071049e-08 -2.384185793236071049e-08 7.501602993970895028e-01 7.376604928941189465e-01 -1.369405872764398513e+00 -1.351982691766878020e+00
2.250499999000000084e+00 1.301853435826691996e+00 4.254122688401772434e-01 4.141057791364415874e-01 -2.384185793236071049e-08 -2.384185793236071049e-08 7.571665403519367565e-01 7.440160381153264613e-01 -1.366102415605620513e+00 -1.348605344039694121e+00
2.260499999000000315e+00 1.322301200573583468e+00 4.330207220824870973e-01 4.215800061126137033e-01 -2.384185793236071049e-08 -2.384185793236071049e-08 7.641668711249828272e-01 7.505704639912671450e-01 -1.362688241704613112e+00 -1.345110412993066218e+00
2.270499999000000102e+00 1.342883491649105032e+00 4.406993719231172002e-01 4.291226956907299162e-01 -2.384185793236071049e-08 -2.384185793236071049e-08 7.711083402947772614e-01 7.576003741751292653e-01 -1.359158179141553902e+00 -1.341499327165189825e+00
2.280499999000000333e+00 1.363594221512849147e+00 4.484444552556937635e-01 4.367351770863739935e-01 -2.384185793236071049e-08 -2.384185793236071049e-08 7.775821095941838346e-01 7.645871436261164611e-01 -1.355507821763746623e+00 -1.337775429244048464e+00
2.290499999000000120e+00 1.384425717620402008e+00 4.562531718749853749e-01 4.444166379914674114e-01 -2.384185793236071049e-08 -2.384185793236071049e-08 7.837879949699103621e-01 7.712473540489706014e-01 -1.351735542699189274e+00 -1.333939941745420743e+00
2.300499999000000351e+00 1.405368037607845233e+00 4.641244747204733012e-01 4.521627893207722515e-01 -2.384185793236071049e-08 -2.384185793236071049e-08 7.902114750388403719e-01 7.776290700925626576e-01 -1.347844157502853468e+00 -1.329990624945593058e+00
2.310499999000000138e+00 1.426418584126552425e+00 4.720610370344395235e-01 4.599710933714579175e-01 -2.384185793236071049e-08 -2.384185793236071049e-08 7.968525673724528025e-01 7.837513058089486950e-01 -1.343836530675149410e+00 -1.325922559416134572e+00
2.320499998999999924e+00 1.447580702028670840e+00 4.800667095683109897e-01 4.678423613883614940e-01 -2.384185793236071049e-08 -2.384185793236071049e-08 8.038849815679796063e-01 7.901753956056215555e-01 -1.339712600217601191e+00 -1.321731357071560531e+00
2.330499999000000155e+00 1.468856203490424672e+00 4.881422932792971459e-01 4.757794391965879388e-01 -2.384185793236071049e-08 -2.384185793236071049e-08 8.109102307475355431e-01 7.970221662272324314e-01 -1.335468718882192540e+00 -1.317416590968236267e+00
2.340499998999999942e+00 1.490245486594102386e+00 4.962865313060326189e-01 4.837862803087831232e-01 -2.384185793236071049e-08 -2.384185793236071049e-08 8.175117572063551608e-01 8.039761242836244159e-01 -1.331099182916261059e+00 -1.312980270040083219e+00
2.350499999000000173e+00 1.511739640690216380e+00 5.044952886928468772e-01 4.918627318249759739e-01 -2.384185793236071049e-08 -2.384185793236071049e-08 8.238624719464928692e-01 8.108953234461991899e-01 -1.326601202359271259e+00 -1.308425269875468366e+00
2.360499998999999960e+00 1.533327938759425857e+00 5.127661208387120917e-01 5.000055272106849191e-01 -2.384185793236071049e-08 -2.384185793236071049e-08 8.300567572405163075e-01 8.173173808998004386e-01 -1.321975978748597402e+00 -1.303751416968534471e+00
2.370499999000000191e+00 1.555005377882239026e+00 5.211007636860767178e-01 5.082115359142435063e-01 -2.384185793236071049e-08 -2.384185793236071049e-08 8.365315556756995896e-01 8.234792063780996818e-01 -1.317226383483772745e+00 -1.298954546727159709e+00
2.380499998999999978e+00 1.576769822443753633e+00 5.295019462198482518e-01 5.164788647416840295e-01 -2.384185793236071049e-08 -2.384185793236071049e-08 8.434681922149479538e-01 8.297596550877075483e-01 -1.312354363303923188e+00 -1.294030139341039387e+00
2.390499999000000209e+00 1.598625912171893537e+00 5.379731535360909866e-01 5.248101727027786323e-01 -2.384185793236071049e-08 -2.384185793236071049e-08 8.504135183865992875e-01 8.362403162038273274e-01 -1.307357481345013284e+00 -1.288974831618847849e+00
2.400499998999999995e+00 1.620574424855459439e+00 5.465140056846417016e-01 5.332091810260577436e-01 -2.384185793236071049e-08 -2.384185793236071049e-08 8.573111848290594361e-01 8.432051312676174248e-01 -1.302230621458934534e+00 -1.283789422367759059e+00
2.410499999000000226e+00 1.642608820018121696e+00 5.551208277251958867e-01 5.416773408279172974e-01 -2.384185793236071049e-08 -2.384185793236071049e-08 8.637282266216630422e-01 8.501219861340384432e-01 -1.296969732473856052e+00 -1.278476968165834560e+00
2.420499999000000013e+00 1.664720811132751832e+00 5.637907710519994842e-01 5.502139145816076216e-01 -2.384185793236071049e-08 -2.384185793236071049e-08 8.698840154566613858e-01 8.567333648375227151e-01 -1.291573389162702146e+00 -1.273038811345599930e+00
2.430499999000000244e+00 1.686899736236727509e+00 5.725226619968609709e-01 5.588145866912157533e-01 -2.384185793236071049e-08 -2.384185793236071049e-08 8.762396914860208774e-01 8.630534978083974629e-01 -1.286044431181463388e+00 -1.267473340756235078e+00
2.440499999000000031e+00 1.709142112963845550e+00 5.813191562401203161e-01 5.674768037002949628e-01 -2.384185793236071049e-08 -2.384185793236071049e-08 8.828094223443557764e-01 8.691068338169504193e-01 -1.280385258953755656e+00 -1.261775905144622234e+00
2.450499999000000262e+00 1.731449884408648110e+00 5.901840492356683621e-01 5.762012312290334393e-01 -2.384185793236071049e-08 -2.384185793236071049e-08 8.897828314892524126e-01 8.754597725554721377e-01 -1.274595301204513031e+00 -1.255941908376494442e+00
2.460499999000000049e+00 1.753823911231227273e+00 5.991182811947950437e-01 5.849907068720664460e-01 -2.384185793236071049e-08 -2.384185793236071049e-08 8.967454681790251181e-01 8.822212251449639275e-01 -1.268670742575200183e+00 -1.249970289491725506e+00
2.470499999000000280e+00 1.776263667626996279e+00 6.081206761590595145e-01 5.938492348508126462e-01 -2.384185793236071049e-08 -2.384185793236071049e-08 9.033057404509751143e-01 8.891144627138165557e-01 -1.262605901904022332e+00 -1.243862347955805969e+00
2.480499999000000066e+00 1.798759627161746089e+00 6.171870710456538456e-01 6.027766992479571817e-01 -2.384185793236071049e-08 -2.384185793236071049e-08 9.096019965389491313e-01 8.959680825971175766e-01 -1.256398370780868579e+00 -1.237620908672770526e+00
2.490499999000000297e+00 1.821300591594669172e+00 6.263149888541268417e-01 6.117698919102431132e-01 -2.384185793236071049e-08 -2.384185793236071049e-08 9.157340927662677155e-01 9.023245262715124948e-01 -1.250049468396711383e+00 -1.231246169962569414e+00
2.500000000000000000e+00 1.842751522578336854e+00 6.350452680785512172e-01 6.203717557478898303e-01 -2.384185793236071049e-08 -2.384185793236071049e-08 9.219093164542199181e-01 9.082517217048633462e-01 -1.243889078615364241e+00 -1.225063065688353436e+00
2.510000000000000231e+00 1.865364655252984560e+00 6.442972288236256118e-01 6.294859610528442673e-01 -2.384185793236071049e-08 -2.384185793236071049e-08 9.280702385673587074e-01 9.142500879818771242e-01 -1.237269467640001785e+00 -1.218418784196690474e+00
2.520000000000000018e+00 1.888001004081889089e+00 6.536085272691484205e-01 6.386603025090729080e-01 -2.384185793236071049e-08 -2.384185793236071049e-08 9.338575020690533801e-01 9.203585468711799056e-01 -1.230510068324011108e+00 -1.211638347343994004e+00
2.530000000000000249e+00 1.910655681335775569e+00 6.629764108059293948e-01 6.478969873397296686e-01 -2.384185793236071049e-08 -2.384185793236071049e-08 9.393897621245066443e-01 9.266640835176268576e-01 -1.223606889720372459e+00 -1.204723975101440470e+00
2.540000000000000036e+00 1.933326824286448531e+00 6.724002216168071255e-01 6.571986668327460812e-01 -2.384185793236071049e-08 -2.384185793236071049e-08 9.451702998864683902e-01 9.334246820518932175e-01 -1.216556079137962376e+00 -1.197675794957689721e+00
2.550000000000000266e+00 1.956017966977726896e+00 6.818833525423537711e-01 6.665685183562439775e-01 -2.384185793236071049e-08 -2.384185793236071049e-08 9.512154900745016795e-01 9.401910457741604610e-01 -1.209354169138430413e+00 -1.190489882456487125e+00
2.560000000000000053e+00 1.978728761510856415e+00 6.914297421964404888e-01 6.760061089368591958e-01 -2.384185793236071049e-08 -2.384185793236071049e-08 9.577487454018630553e-01 9.469083296774457592e-01 -1.202001258555909224e+00 -1.183160787705813233e+00
2.570000000000000284e+00 2.001452418178855552e+00 7.010411510048208950e-01 6.855078972393016112e-01 -2.384185793236071049e-08 -2.384185793236071049e-08 9.642473183034794282e-01 9.531253392528619139e-01 -1.194499928833120617e+00 -1.175684553329391147e+00
2.580000000000000071e+00 2.024180499495368046e+00 7.107173552950122319e-01 6.950709733339801577e-01 -2.384185793236071049e-08 -2.384185793236071049e-08 9.705525588544589022e-01 9.591079956171353338e-01 -1.186851652241713850e+00 -1.168059461517573450e+00
2.590000000000000302e+00 2.046901472288042090e+00 7.204543132780987236e-01 7.046936276899149476e-01 -2.384185793236071049e-08 -2.384185793236071049e-08 9.765378405995964739e-01 9.652102565230854525e-01 -1.179055988844764036e+00 -1.160287948217026077e+00
2.600000000000000089e+00 2.069611297972998809e+00 7.302497892855699391e-01 7.143787320505325944e-01 -2.384185793236071049e-08 -2.384185793236071049e-08 9.822505298101472659e-01 9.715395636823276337e-01 -1.171108369369389113e+00 -1.152371555323280727e+00
2.610000000000000320e+00 2.092309013528413697e+00 7.401036067061932400e-01 7.241298394085106116e-01 -2.384185793236071049e-08 -2.384185793236071049e-08 9.882519681126996636e-01 9.783686452927772281e-01 -1.163003942794225365e+00 -1.144309745529126010e+00
2.620000000000000107e+00 2.114995141696903058e+00 7.500185375448500391e-01 7.339489816227623420e-01 -2.384185793236071049e-08 -2.384185793236071049e-08 9.945280993678426995e-01 9.851431334954071639e-01 -1.154739807090415793e+00 -1.136098605695283092e+00
2.630000000000000338e+00 2.137668370647116234e+00 7.599986856428944115e-01 7.438354278229302174e-01 -2.384185793236071049e-08 -2.384185793236071049e-08 1.001131677592524749e+00 9.916909101331824461e-01 -1.146315869424097356e+00 -1.127732343911494350e+00
2.640000000000000124e+00 2.160319203227964113e+00 7.700445985274336769e-01 7.537849329760735184e-01 -2.384185793236071049e-08 -2.384185793236071049e-08 1.007732471513981265e+00 9.978915372409448148e-01 -1.137734886566385217e+00 -1.119208207370035346e+00
2.650000000000000355e+00 2.182937385262466279e+00 7.801544985374245789e-01 7.637949040584314231e-01 -2.384185793236071049e-08 -2.384185793236071049e-08 1.013869737436329244e+00 1.003808185043306711e+00 -1.128997629230283684e+00 -1.110526141777595122e+00
2.660000000000000142e+00 2.205513761374930048e+00 7.903246969406858558e-01 7.738656319096152147e-01 -2.384185793236071049e-08 -2.384185793236071049e-08 1.019803508346953880e+00 1.010045242793129683e+00 -1.120101815108903054e+00 -1.101688448082161376e+00
2.670000000000000373e+00 2.228043656449563592e+00 8.005529985246645497e-01 7.839999585356332013e-01 -2.384185793236071049e-08 -2.384185793236071049e-08 1.025623881563232809e+00 1.016598055309507975e+00 -1.111042880337259842e+00 -1.092696189015786024e+00
2.680000000000000160e+00 2.250528181824681617e+00 8.108412504272772825e-01 7.942020582349214042e-01 -2.384185793236071049e-08 -2.384185793236071049e-08 1.031722429161513466e+00 1.023427143688538710e+00 -1.101815348305866360e+00 -1.083546376782059006e+00
2.689999999999999947e+00 2.272965177245624524e+00 8.211924670030110729e-01 8.044721659097539002e-01 -2.384185793236071049e-08 -2.384185793236071049e-08 1.038293368915830683e+00 1.030257345789336476e+00 -1.092417661987668431e+00 -1.074234270634421229e+00
2.700000000000000178e+00 2.295350125610277292e+00 8.316099449193860016e-01 8.148082240132477061e-01 -2.384185793236071049e-08 -2.384185793236071049e-08 1.044885626260911415e+00 1.036581611844376249e+00 -1.082850413024035952e+00 -1.064754605762801898e+00
2.709999999999999964e+00 2.317672935697355996e+00 8.420936158155630791e-01 8.252064579591993354e-01 -2.384185793236071049e-08 -2.384185793236071049e-08 1.051415351143485166e+00 1.042677056288894732e+00 -1.073115537104603945e+00 -1.055105402477811039e+00
2.720000000000000195e+00 2.339921134375806400e+00 8.526397825068826597e-01 8.356644619657875861e-01 -2.384185793236071049e-08 -2.384185793236071049e-08 1.057502947489217249e+00 1.048702522529558312e+00 -1.063213390640379119e+00 -1.045288518539177147e+00
2.729999999999999982e+00 2.362088253204744692e+00 8.632457326913622886e-01 8.461844913882169417e-01 -2.384185793236071049e-08 -2.384185793236071049e-08 1.063322271688183829e+00 1.054990976107424538e+00 -1.053139819301605051e+00 -1.035305140316298278e+00
2.740000000000000213e+00 2.384170312774947398e+00 8.739102805686816966e-01 8.567697539361204262e-01 -2.384185793236071049e-08 -2.384185793236071049e-08 1.069350254196386629e+00 1.061798063756925314e+00 -1.042889828179994538e+00 -1.025154832548325068e+00
2.750000000000000000e+00 2.406166772098329520e+00 8.846360163060297266e-01 8.674231842978807894e-01 -2.384185793236071049e-08 -2.384185793236071049e-08 1.075569141660044803e+00 1.068554479600168472e+00 -1.032458759263245707e+00 -1.014833195312660585e+00
2.760000000000000231e+00 2.428074608700789394e+00 8.954268231548605517e-01 8.781442663838592289e-01 -2.384185793236071049e-08 -2.384185793236071049e-08 1.082229247654969306e+00 1.075205866412605848e+00 -1.021845252855413611e+00 -1.004334288450275281e+00
2.770000000000000018e+00 2.449884217185794189e+00 9.062837796882120545e-01 8.889289720511233117e-01 -2.384185793236071049e-08 -2.384185793236071049e-08 1.088864007982186077e+00 1.081421309566610089e+00 -1.011051260818717878e+00 -9.936549110260085582e-01
2.780000000000000249e+00 2.471585161492812155e+00 9.172058574140160569e-01 8.997745619851218457e-01 -2.384185793236071049e-08 -2.384185793236071049e-08 1.095131001579508601e+00 1.087355423473238547e+00 -1.000077382041368645e+00 -9.827940933383509936e-01
2.790000000000000036e+00 2.493166022517158353e+00 9.281889777341690850e-01 9.106803376415645301e-01 -2.384185793236071049e-08 -2.384185793236071049e-08 1.101146608264290450e+00 1.093538530928163111e+00 -9.889222496526963724e-01 -9.717539617366727223e-01
2.800000000000000266e+00 2.514620667348661076e+00 9.392308523296258871e-01 9.216491761645013714e-01 -2.384185793236071049e-08 -2.384185793236071049e-08 1.106972989868800772e+00 1.099997079940872258e+00 -9.775809728541372534e-01 -9.605347524330831721e-01
2.810000000000000053e+00 2.535947353199152321e+00 9.503327079905972141e-01 9.326851472808103116e-01 -2.384185793236071049e-08 -2.384185793236071049e-08 1.113086654762347028e+00 1.106806796899509449e+00 -9.660473336584078918e-01 -9.491329652220670265e-01
2.820000000000000284e+00 2.557142152265596380e+00 9.614973310702810139e-01 9.437887876416906074e-01 -2.384185793236071049e-08 -2.384185793236071049e-08 1.119631524068091188e+00 1.113606971041641858e+00 -9.543184349277830103e-01 -9.375434550595349581e-01
2.830000000000000071e+00 2.578199736155275534e+00 9.727284083843584783e-01 9.549585082971534522e-01 -2.384185793236071049e-08 -2.384185793236071049e-08 1.126250376591156011e+00 1.119943743097494560e+00 -9.423932489021199510e-01 -9.257602055384431816e-01
2.840000000000000302e+00 2.599108773970520758e+00 9.840258411067166477e-01 9.661902597754694622e-01 -2.384185793236071049e-08 -2.384185793236071049e-08 1.132817976110377600e+00 1.126029962245157723e+00 -9.302732902375546731e-01 -9.137811536450299865e-01
2.850000000000000089e+00 2.619856295519049638e+00 9.953861360030004102e-01 9.774815561812574272e-01 -2.384185793236071049e-08 -2.384185793236071049e-08 1.138918621080141191e+00 1.132002483888522315e+00 -9.179587650051796999e-01 -9.016076238655125197e-01
2.860000000000000320e+00 2.640434066822189507e+00 1.006806413199865968e+00 9.888344280787493279e-01 -2.384185793236071049e-08 -2.384185793236071049e-08 1.144760032151976414e+00 1.138253234894312627e+00 -9.054453804236137771e-01 -8.892399675760355171e-01
2.870000000000000107e+00 2.660836035276048950e+00 1.018285260065783460e+00 1.000251996748772187e+00 -2.384185793236071049e-08 -2.384185793236071049e-08 1.150776352430520788e+00 1.145007154329937382e+00 -8.927276325800119761e-01 -8.766767919362049577e-01
2.880000000000000338e+00 2.681059323691273200e+00 1.029825187290779320e+00 1.011737315215324617e+00 -2.384185793236071049e-08 -2.384185793236071049e-08 1.156976542232848182e+00 1.151720695673101424e+00 -8.797995561486218197e-01 -8.639125646716341311e-01
2.890000000000000124e+00 2.701098691475510183e+00 1.041429978302137016e+00 1.023289864082087552e+00 -2.384185793236071049e-08 -2.384185793236071049e-08 1.163621789759462288e+00 1.158337307858501530e+00 -8.666583705691687234e-01 -8.509406965042979332e-01
2.900000000000000355e+00 2.720943388258087126e+00 1.053100744260913046e+00 1.034905652507310148e+00 -2.384185793236071049e-08 -2.384185793236071049e-08 1.170235376769355184e+00 1.164508210288739187e+00 -8.533049058681756449e-01 -8.377576771298331781e-01
2.910000000000000142e+00 2.740581933051692509e+00 1.064836511733347368e+00 1.046581928047633614e+00 -2.384185793236071049e-08 -2.384185793236071049e-08 1.176494089178133029e+00 1.170403120881289283e+00 -8.397389474833059086e-01 -8.243619942358062502e-01
2.920000000000000373e+00 2.760001892509559074e+00 1.076633163193033482e+00 1.058317906510395590e+00 -2.384185793236071049e-08 -2.384185793236071049e-08 1.182493147387880139e+00 1.176536905570342295e+00 -8.259588179446353262e-01 -8.107550005230613754e-01
2.930000000000000160e+00 2.779195334717719401e+00 1.088488386211663883e+00 1.070116462430235948e+00 -2.384185793236071049e-08 -2.384185793236071049e-08 1.188293535961496783e+00 1.182941859308551225e+00 -8.119589279785101033e-01 -7.969355500258119562e-01
2.940000000000000391e+00 2.798157766693344595e+00 1.100403286299193484e+00 1.081981611928407583e+00 -2.384185793236071049e-08 -2.384185793236071049e-08 1.194377568651861843e+00 1.189703200322569598e+00 -7.977318495327130332e-01 -7.828986191982432175e-01
2.950000000000000178e+00 2.816882901852718391e+00 1.112380614469627993e+00 1.093913945493004913e+00 -2.384185793236071049e-08 -2.384185793236071049e-08 1.200885091746915823e+00 1.196453670514286083e+00 -7.832730467835492538e-01 -7.686378999928611400e-01
2.959999999999999964e+00 2.835363213631742596e+00 1.124424075945891666e+00 1.105911919228548701e+00 -2.384185793236071049e-08 -2.384185793236071049e-08 1.207474012505246108e+00 1.202748215328550918e+00 -7.685796286912265352e-01 -7.541464248557070427e-01
2.970000000000000195e+00 2.853586110465713865e+00 1.136533554364751009e+00 1.117971450708468595e+00 -2.384185793236071049e-08 -2.384185793236071049e-08 1.214006640666072112e+00 1.208785203084653981e+00 -7.536518405161544143e-01 -7.394215623005542248e-01
2.979999999999999982e+00 2.871537714228482141e+00 1.148705550999323366e+00 1.130090039104514110e+00 -2.384185793236071049e-08 -2.384185793236071049e-08 1.220070971519114922e+00 1.214706941472305957e+00 -7.384890701361642718e-01 -7.244637644484077654e-01
2.990000000000000213e+00 2.889207948828551142e+00 1.160937156354620692e+00 1.142269686627300995e+00 -2.384185793236071049e-08 -2.384185793236071049e-08 1.225874317324605833e+00 1.220905933418984013e+00 -7.230860726445645925e-01 -7.092717598722009242e-01
3.000000000000000000e+00 2.906588382511270829e+00 1.173226901644617515e+00 1.154513475207758599e+00 -2.384185793236071049e-08 -2.384185793236071049e-08 1.231844425210881111e+00 1.227602433162589879e+00 -7.074361083567215491e-01 -6.938422958216587944e-01
3.010000000000000231e+00 2.923673003097603473e+00 1.185577259479418055e+00 1.166824458463342040e+00 -2.384185793236071049e-08 -2.384185793236071049e-08 1.237995400177580141e+00 1.234260033048638405e+00 -6.915312007534646366e-01 -6.781678570776588089e-01
3.020000000000000018e+00 2.940453722918959567e+00 1.197991964393412934e+00 1.179202099421409189e+00 -2.384185793236071049e-08 -2.384185793236071049e-08 1.244590064232188542e+00 1.240821143187153419e+00 -6.753662477545402387e-01 -6.622403661276110576e-01
3.030000000000000249e+00 2.956918081151833633e+00 1.210472131035834176e+00 1.191642416536472515e+00 -2.384185793236071049e-08 -2.384185793236071049e-08 1.251149410368883164e+00 1.246931973896830970e+00 -6.589400342368932906e-01 -6.460552555869387703e-01
3.040000000000000036e+00 2.973053025139571037e+00 1.223016812596827263e+00 1.204142648005566585e+00 -2.384185793236071049e-08 -2.384185793236071049e-08 1.257363061102165336e+00 1.252770569539124912e+00 -6.422505463114672741e-01 -6.296096565592312899e-01
3.050000000000000266e+00 2.988844707253301536e+00 1.235621876785686135e+00 1.216701948850982262e+00 -2.384185793236071049e-08 -2.384185793236071049e-08 1.263312473261746227e+00 1.258840409754681700e+00 -6.252948106451683419e-01 -6.129031968224201155e-01
3.060000000000000053e+00 3.004282717243277112e+00 1.248285012579592124e+00 1.229323194125619523e+00 -2.384185793236071049e-08 -2.384185793236071049e-08 1.269055272059375739e+00 1.265176161461302851e+00 -6.080654599057456755e-01 -5.959322151194998973e-01
3.070000000000000284e+00 3.019358946320034764e+00 1.261007198067387591e+00 1.242010339051776047e+00 -2.384185793236071049e-08 -2.384185793236071049e-08 1.275079520457041315e+00 1.271877476401803042e+00 -5.905526568156878042e-01 -5.786889586051615630e-01
3.080000000000000071e+00 3.034063859246966643e+00 1.273791149001552547e+00 1.254764068177529168e+00 -2.384185793236071049e-08 -2.384185793236071049e-08 1.281509798035695757e+00 1.278561079949989354e+00 -5.727487968960972564e-01 -5.611646758540880242e-01
3.090000000000000302e+00 3.048386793743790957e+00 1.286640581743617062e+00 1.267582896209086041e+00 -2.384185793236071049e-08 -2.384185793236071049e-08 1.288043478372649764e+00 1.284810206365187391e+00 -5.546475512047488454e-01 -5.433501453829534533e-01
3.100000000000000089e+00 3.062313242935782664e+00 1.299555420200107614e+00 1.280462728847387099e+00 -2.384185793236071049e-08 -2.384185793236071049e-08 1.294519197638617447e+00 1.290790876282970512e+00 -5.362462781032021342e-01 -5.252408004444202305e-01
3.110000000000000320e+00 3.075827775074176706e+00 1.312532246037402928e+00 1.293401027037140771e+00 -2.384185793236071049e-08 -2.384185793236071049e-08 1.300523304024646443e+00 1.296641674925169685e+00 -5.175419365292500684e-01 -5.068346933988958636e-01
3.120000000000000107e+00 3.088917532718871595e+00 1.325568126944239866e+00 1.306399713013169928e+00 -2.384185793236071049e-08 -2.384185793236071049e-08 1.306276278958686810e+00 1.302779172757618120e+00 -4.985266408335116139e-01 -4.881272327439738490e-01
3.130000000000000338e+00 3.101570598652124477e+00 1.338661475851600891e+00 1.319461802631354264e+00 -2.384185793236071049e-08 -2.384185793236071049e-08 1.312175520649999871e+00 1.309406638952743895e+00 -4.791905471878635803e-01 -4.691114764034047813e-01
3.140000000000000124e+00 3.113776654585501902e+00 1.351814802461271281e+00 1.332590611583864160e+00 -2.384185793236071049e-08 -2.384185793236071049e-08 1.318249978000294309e+00 1.316014089600089365e+00 -4.595211079857595138e-01 -4.497756251447384557e-01
3.150000000000000355e+00 3.125523391598362011e+00 1.365031667543471716e+00 1.345785589381669922e+00 -2.384185793236071049e-08 -2.384185793236071049e-08 1.324783078177739881e+00 1.322547249805519298e+00 -4.395084204213960399e-01 -4.301080670004338025e-01
3.160000000000000142e+00 3.136795624966252305e+00 1.378313407695920034e+00 1.359042915936919504e+00 -2.384185793236071049e-08 -2.384185793236071049e-08 1.331276349534781911e+00 1.328607267397253100e+00 -4.191462546494820751e-01 -4.101006495298613608e-01
3.170000000000000373e+00 3.147577562796571637e+00 1.391659313362134220e+00 1.372359771339730639e+00 -2.384185793236071049e-08 -2.384185793236071049e-08 1.337470975418139751e+00 1.334407010614933720e+00 -3.984278345767418017e-01 -3.897464852728098617e-01
3.180000000000000160e+00 3.157852609984305836e+00 1.405065193756540820e+00 1.385735000659346738e+00 -2.384185793236071049e-08 -2.384185793236071049e-08 1.343381970596353447e+00 1.340405993041301258e+00 -3.773461570641694074e-01 -3.690408892174807942e-01
3.190000000000000391e+00 3.167606289750833248e+00 1.418528735780527628e+00 1.399171486984120749e+00 -2.384185793236071049e-08 -2.384185793236071049e-08 1.349056844283628598e+00 1.346653189336102452e+00 -3.558886773739341480e-01 -3.479744445146275567e-01
3.200000000000000178e+00 3.176824949747663940e+00 1.432050554034072887e+00 1.412673079720225822e+00 -2.384185793236071049e-08 -2.384185793236071049e-08 1.355016952808254960e+00 1.353310197687022098e+00 -3.340394702089026779e-01 -3.265333078824852464e-01
3.210000000000000409e+00 3.185493870048567988e+00 1.445633300178933212e+00 1.426240802813158570e+00 -2.384185793236071049e-08 -2.384185793236071049e-08 1.361336125548440856e+00 1.359931662477710246e+00 -3.117832038584421595e-01 -3.047022523027242968e-01
3.220000000000000195e+00 3.193597208489291184e+00 1.459280817451085621e+00 1.439873397533138144e+00 -2.384185793236071049e-08 -2.384185793236071049e-08 1.367824844904484527e+00 1.366178162857322187e+00 -2.891048295837713722e-01 -2.824653727721129215e-01
3.229999999999999982e+00 3.201116578421345338e+00 1.472993146089403460e+00 1.453566681878555977e+00 -2.384185793236071049e-08 -2.384185793236071049e-08 1.374258106488708275e+00 1.372127274274032027e+00 -2.659934368024667872e-01 -2.598116705432933493e-01
3.240000000000000213e+00 3.208032991313754856e+00 1.486767129566559653e+00 1.467318022037581438e+00 -2.384185793236071049e-08 -2.384185793236071049e-08 1.380208750572081478e+00 1.377905010191843971e+00 -2.424376627642123028e-01 -2.367316230445497549e-01
3.250000000000000000e+00 3.214328306217505649e+00 1.500599629993385253e+00 1.481128996436985590e+00 -2.384185793236071049e-08 -2.384185793236071049e-08 1.385914189667815988e+00 1.383975935346327457e+00 -2.184208879901688993e-01 -2.132117873412442410e-01
3.260000000000000231e+00 3.219984396489886436e+00 1.514488788695829147e+00 1.495002476435544070e+00 -2.384185793236071049e-08 -2.384185793236071049e-08 1.391706475842170887e+00 1.390502816982033041e+00 -1.939230343999991391e-01 -1.892350359722598796e-01
3.270000000000000018e+00 3.224983231042748422e+00 1.528437068264967946e+00 1.508942182361640905e+00 -2.384185793236071049e-08 -2.384185793236071049e-08 1.397689570681645899e+00 1.397079188599878341e+00 -1.689182062512788463e-01 -1.647775002350040374e-01
3.280000000000000249e+00 3.229304974328380595e+00 1.542447845305137122e+00 1.522947722268331860e+00 -2.384185793236071049e-08 -2.384185793236071049e-08 1.404164938803884155e+00 1.403627820300432427e+00 -1.433816448363440799e-01 -1.398155811152772543e-01
3.290000000000000036e+00 3.232928152598506077e+00 1.556523065940069062e+00 1.537015754368543430e+00 -2.384185793236071049e-08 -2.384185793236071049e-08 1.410596860680240150e+00 1.409662333317633687e+00 -1.172901495027459662e-01 -1.143276728894200289e-01
3.300000000000000266e+00 3.235830328357347518e+00 1.570662280056469573e+00 1.551143139459459475e+00 -2.384185793236071049e-08 -2.384185793236071049e-08 1.416804797440522679e+00 1.415442745969801797e+00 -9.061965197711607800e-02 -8.829262288320016694e-02
3.310000000000000053e+00 3.237988308685036287e+00 1.584861245378486716e+00 1.565328153972717518e+00 -2.384185793236071049e-08 -2.384185793236071049e-08 1.422682339607195479e+00 1.421347997402022223e+00 -6.334530319176578939e-02 -6.168974431184315321e-02
3.320000000000000284e+00 3.239378713531121612e+00 1.599117578005720519e+00 1.579573610880584678e+00 -2.384185793236071049e-08 -2.384185793236071049e-08 1.428286970455128646e+00 1.427485704861698013e+00 -3.543306369855181437e-02 -3.448970113551519390e-02
3.330000000000000071e+00 3.239976983201339422e+00 1.613431148613924337e+00 1.593883063107145004e+00 -2.384185793236071049e-08 -2.384185793236071049e-08 1.434163070268463791e+00 1.434089680740231243e+00 -6.842224545000274993e-03 -6.656503904619581746e-03
3.340000000000000302e+00 3.239999828338625321e+00 1.627804582264190891e+00 1.608258235633096778e+00 -2.384185793236071049e-08 -2.384185793236071049e-08 1.440324290606439295e+00 1.440639055759936449e+00 0.000000000000000000e+00 0.000000000000000000e+00
3.350000000000000089e+00 3.239999828338625321e+00 1.642241817843738350e+00 1.622698189650058964e+00 -2.384185793236071049e-08 -2.384185793236071049e-08 1.446766426035053454e+00 1.446918571462865621e+00 0.000000000000000000e+00 0.000000000000000000e+00
3.360000000000000320e+00 3.239999828338625321e+00 1.656743156830449371e+00 1.637198649945401652e+00 -2.384185793236071049e-08 -2.384185793236071049e-08 1.453163120764558780e+00 1.452849812719717582e+00 0.000000000000000000e+00 0.000000000000000000e+00
3.370000000000000107e+00 3.239999828338625321e+00 1.671306096617083847e+00 1.651756887543647911e+00 -2.384185793236071049e-08 -2.384185793236071049e-08 1.459075240015126784e+00 1.458538298863585547e+00 0.000000000000000000e+00 0.000000000000000000e+00
3.380000000000000338e+00 3.239999828338625321e+00 1.685927133054323734e+00 1.666373758882411238e+00 -2.384185793236071049e-08 -2.384185793236071049e-08 1.464765068294803685e+00 1.464540124419277278e+00 0.000000000000000000e+00 0.000000000000000000e+00
3.390000000000000124e+00 3.239999828338625321e+00 1.700604108326434716e+00 1.681052054454780897e+00 -2.384185793236071049e-08 -2.384185793236071049e-08 1.470413149095166627e+00 1.470906532297016289e+00 0.000000000000000000e+00 0.000000000000000000e+00
