7.704999990000001020e-01 2.644268001474773477e+00 1.000000000000000000e+00 1.000000000000000000e+00 0.000000000000000000e+00 0.000000000000000000e+00 0.000000000000000000e+00 0.000000000000000000e+00 -4.474937185533099937e-01 -4.474937185533100492e-01 0.000000000000000000e+00 0.000000000000000000e+00
7.804999989999999999e-01 2.644268001474773477e+00 1.000000000000000000e+00 1.000000000000000000e+00 0.000000000000000000e+00 0.000000000000000000e+00 0.000000000000000000e+00 0.000000000000000000e+00 -4.474937185533099937e-01 -4.474937185533100492e-01 0.000000000000000000e+00 0.000000000000000000e+00
7.904999990000000087e-01 2.644268001474773477e+00 1.000000000000000000e+00 1.000000000000000000e+00 0.000000000000000000e+00 0.000000000000000000e+00 0.000000000000000000e+00 0.000000000000000000e+00 -4.474937185533099937e-01 -4.474937185533100492e-01 0.000000000000000000e+00 0.000000000000000000e+00
8.004999990000000176e-01 2.644268001474773477e+00 1.000000000000000000e+00 1.000000000000000000e+00 0.000000000000000000e+00 0.000000000000000000e+00 0.000000000000000000e+00 0.000000000000000000e+00 -4.474937185533099937e-01 -4.474937185533100492e-01 0.000000000000000000e+00 0.000000000000000000e+00
8.104999990000000265e-01 2.644268001474773477e+00 1.000000000000000000e+00 1.000000000000000000e+00 0.000000000000000000e+00 0.000000000000000000e+00 0.000000000000000000e+00 0.000000000000000000e+00 -4.474937185533099937e-01 -4.474937185533100492e-01 0.000000000000000000e+00 0.000000000000000000e+00
8.204999990000000354e-01 2.644268001474773477e+00 1.000000000000000000e+00 1.000000000000000000e+00 0.000000000000000000e+00 0.000000000000000000e+00 0.000000000000000000e+00 0.000000000000000000e+00 -4.474937185533099937e-01 -4.474937185533100492e-01 0.000000000000000000e+00 0.000000000000000000e+00
8.304999990000000443e-01 2.644268001474773477e+00 1.000000000000000000e+00 1.000000000000000000e+00 0.000000000000000000e+00 0.000000000000000000e+00 0.000000000000000000e+00 0.000000000000000000e+00 -4.474937185533099937e-01 -4.474937185533100492e-01 0.000000000000000000e+00 0.000000000000000000e+00
8.404999990000000532e-01 2.644268001474773477e+00 1.000000000000000000e+00 1.000000000000000000e+00 0.000000000000000000e+00 0.000000000000000000e+00 0.000000000000000000e+00 0.000000000000000000e+00 -4.474937185533099937e-01 -4.474937185533100492e-01 0.000000000000000000e+00 0.000000000000000000e+00
8.504999990000000620e-01 2.644268001474773477e+00 1.000000000000000000e+00 1.000000000000000000e+00 0.000000000000000000e+00 0.000000000000000000e+00 0.000000000000000000e+00 0.000000000000000000e+00 -4.474937185533099937e-01 -4.474937185533100492e-01 0.000000000000000000e+00 0.000000000000000000e+00
8.604999990000000709e-01 2.644268001474773477e+00 1.000000000000000000e+00 1.000000000000000000e+00 0.000000000000000000e+00 0.000000000000000000e+00 0.000000000000000000e+00 0.000000000000000000e+00 -4.474937185533099937e-01 -4.474937185533100492e-01 0.000000000000000000e+00 0.000000000000000000e+00
8.704999990000000798e-01 2.644268001474773477e+00 1.000000000000000000e+00 1.000000000000000000e+00 0.000000000000000000e+00 0.000000000000000000e+00 0.000000000000000000e+00 0.000000000000000000e+00 -4.474937185533099937e-01 -4.474937185533100492e-01 0.000000000000000000e+00 0.000000000000000000e+00
8.804999990000000887e-01 2.644268001474773477e+00 1.000000000000000000e+00 1.000000000000000000e+00 0.000000000000000000e+00 0.000000000000000000e+00 0.000000000000000000e+00 0.000000000000000000e+00 -4.474937185533099937e-01 -4.474937185533100492e-01 0.000000000000000000e+00 0.000000000000000000e+00
8.904999990000000976e-01 2.644268001474773477e+00 1.000000000000000000e+00 1.000000000000000000e+00 0.000000000000000000e+00 0.000000000000000000e+00 0.000000000000000000e+00 0.000000000000000000e+00 -4.474937185533099937e-01 -4.474937185533100492e-01 0.000000000000000000e+00 0.000000000000000000e+00
9.004999990000001064e-01 2.644268001474773477e+00 1.000000000000000000e+00 1.000000000000000000e+00 0.000000000000000000e+00 0.000000000000000000e+00 0.000000000000000000e+00 0.000000000000000000e+00 -4.474937185533099937e-01 -4.474937185533100492e-01 0.000000000000000000e+00 0.000000000000000000e+00
9.104999990000000043e-01 2.644268001474773477e+00 1.000000000000000000e+00 1.000000000000000000e+00 0.000000000000000000e+00 0.000000000000000000e+00 0.000000000000000000e+00 0.000000000000000000e+00 -4.474937185533099937e-01 -4.474937185533100492e-01 0.000000000000000000e+00 0.000000000000000000e+00
9.204999990000000132e-01 2.644268001474773477e+00 1.000000000000000000e+00 1.000000000000000000e+00 0.000000000000000000e+00 0.000000000000000000e+00 0.000000000000000000e+00 0.000000000000000000e+00 -4.474937185533099937e-01 -4.474937185533100492e-01 0.000000000000000000e+00 0.000000000000000000e+00
9.304999990000000221e-01 2.644268001474773477e+00 1.000000000000000000e+00 1.000000000000000000e+00 0.000000000000000000e+00 0.000000000000000000e+00 0.000000000000000000e+00 0.000000000000000000e+00 -4.474937185533099937e-01 -4.474937185533100492e-01 0.000000000000000000e+00 0.000000000000000000e+00
9.404999990000000309e-01 2.644268001474773477e+00 1.000000000000000000e+00 1.000000000000000000e+00 0.000000000000000000e+00 0.000000000000000000e+00 0.000000000000000000e+00 0.000000000000000000e+00 -4.474937185533099937e-01 -4.474937185533100492e-01 0.000000000000000000e+00 0.000000000000000000e+00
9.504999990000000398e-01 2.644268001474773477e+00 1.000000000000000000e+00 1.000000000000000000e+00 0.000000000000000000e+00 0.000000000000000000e+00 0.000000000000000000e+00 0.000000000000000000e+00 -4.474937185533099937e-01 -4.474937185533100492e-01 0.000000000000000000e+00 0.000000000000000000e+00
9.604999990000000487e-01 2.644268001474773477e+00 1.000000000000000000e+00 1.000000000000000000e+00 0.000000000000000000e+00 0.000000000000000000e+00 0.000000000000000000e+00 0.000000000000000000e+00 -4.474937185533099937e-01 -4.474937185533100492e-01 0.000000000000000000e+00 0.000000000000000000e+00
9.704999990000000576e-01 2.644268001474773477e+00 1.000000000000000000e+00 1.000000000000000000e+00 0.000000000000000000e+00 0.000000000000000000e+00 0.000000000000000000e+00 0.000000000000000000e+00 -4.474937185533099937e-01 -4.474937185533100492e-01 0.000000000000000000e+00 0.000000000000000000e+00
9.804999990000000665e-01 2.644268001474773477e+00 1.000000000000000000e+00 1.000000000000000000e+00 0.000000000000000000e+00 0.000000000000000000e+00 0.000000000000000000e+00 0.000000000000000000e+00 -4.474937185533099937e-01 -4.474937185533100492e-01 0.000000000000000000e+00 0.000000000000000000e+00
9.904999990000000754e-01 2.644268001474773477e+00 1.000000000000000000e+00 1.000000000000000000e+00 0.000000000000000000e+00 0.000000000000000000e+00 0.000000000000000000e+00 0.000000000000000000e+00 -4.474937185533099937e-01 -4.474937185533100492e-01 0.000000000000000000e+00 0.000000000000000000e+00
1.000499999000000084e+00 2.644268001474773477e+00 1.000000000000000000e+00 1.000000000000000000e+00 0.000000000000000000e+00 0.000000000000000000e+00 0.000000000000000000e+00 0.000000000000000000e+00 -4.474937185533099937e-01 -4.474937185533100492e-01 0.000000000000000000e+00 0.000000000000000000e+00
1.010499999000000093e+00 2.644268001474773477e+00 1.000000000000000000e+00 1.000000000000000000e+00 0.000000000000000000e+00 0.000000000000000000e+00 0.000000000000000000e+00 0.000000000000000000e+00 -4.474937185533099937e-01 -4.474937185533100492e-01 0.000000000000000000e+00 0.000000000000000000e+00
1.020499999000000102e+00 2.644268001474773477e+00 1.000000000000000000e+00 1.000000000000000000e+00 0.000000000000000000e+00 0.000000000000000000e+00 0.000000000000000000e+00 0.000000000000000000e+00 -4.474937185533099937e-01 -4.474937185533100492e-01 0.000000000000000000e+00 0.000000000000000000e+00
1.030499999000000111e+00 2.644268001474773477e+00 1.000000000000000000e+00 1.000000000000000000e+00 0.000000000000000000e+00 0.000000000000000000e+00 0.000000000000000000e+00 0.000000000000000000e+00 -4.474937185533099937e-01 -4.474937185533100492e-01 0.000000000000000000e+00 0.000000000000000000e+00
1.040499999000000120e+00 2.644268001474773477e+00 1.000000000000000000e+00 1.000000000000000000e+00 0.000000000000000000e+00 0.000000000000000000e+00 0.000000000000000000e+00 0.000000000000000000e+00 -4.474937185533099937e-01 -4.474937185533100492e-01 0.000000000000000000e+00 0.000000000000000000e+00
1.050499999000000129e+00 2.644268001474773477e+00 1.000000000000000000e+00 1.000000000000000000e+00 0.000000000000000000e+00 0.000000000000000000e+00 0.000000000000000000e+00 0.000000000000000000e+00 -4.474937185533099937e-01 -4.474937185533100492e-01 0.000000000000000000e+00 0.000000000000000000e+00
1.060499999000000138e+00 2.644268001474773477e+00 1.000000000000000000e+00 1.000000000000000000e+00 0.000000000000000000e+00 0.000000000000000000e+00 0.000000000000000000e+00 0.000000000000000000e+00 -4.474937185533099937e-01 -4.474937185533100492e-01 0.000000000000000000e+00 0.000000000000000000e+00
1.070499999000000146e+00 2.644268001474773477e+00 1.000000000000000000e+00 1.000000000000000000e+00 0.000000000000000000e+00 0.000000000000000000e+00 0.000000000000000000e+00 0.000000000000000000e+00 -4.474937185533099937e-01 -4.474937185533100492e-01 0.000000000000000000e+00 0.000000000000000000e+00
1.080499999000000155e+00 2.644268001474773477e+00 1.000000000000000000e+00 1.000000000000000000e+00 0.000000000000000000e+00 0.000000000000000000e+00 0.000000000000000000e+00 0.000000000000000000e+00 -4.474937185533099937e-01 -4.474937185533100492e-01 0.000000000000000000e+00 0.000000000000000000e+00
1.090499999000000164e+00 2.644268001474773477e+00 1.000000000000000000e+00 1.000000000000000000e+00 0.000000000000000000e+00 0.000000000000000000e+00 0.000000000000000000e+00 0.000000000000000000e+00 -4.474937185533099937e-01 -4.474937185533100492e-01 0.000000000000000000e+00 0.000000000000000000e+00
1.100499999000000173e+00 2.644268001474773477e+00 1.000000000000000000e+00 1.000000000000000000e+00 0.000000000000000000e+00 0.000000000000000000e+00 0.000000000000000000e+00 0.000000000000000000e+00 -4.474937185533099937e-01 -4.474937185533100492e-01 0.000000000000000000e+00 0.000000000000000000e+00
1.110499998999999960e+00 2.644268001557659176e+00 1.000000000092610364e+00 1.000000000000000000e+00 0.000000000000000000e+00 0.000000000000000000e+00 2.315259095553299464e-08 0.000000000000000000e+00 -4.474937185486561608e-01 -4.474937185070048673e-01 5.788147738883243036e-07 0.000000000000000000e+00
1.120499998999999969e+00 2.644268032882641783e+00 1.000000035093082884e+00 1.000000000000000000e+00 0.000000000000000000e+00 0.000000000000000000e+00 9.142786971950596500e-06 0.000000000000000000e+00 -4.474937167898159207e-01 -4.474937010067684962e-01 1.215226351325855367e-03 0.000000000000000000e+00
1.130499998999999978e+00 2.644268575509793440e+00 1.000000641388936629e+00 1.000000000000000000e+00 0.000000000000000000e+00 0.000000000000000000e+00 1.518443064618846966e-04 0.000000000000000000e+00 -4.474936863221987693e-01 -4.474933978588417349e-01 1.855528562654529257e-02 0.000000000000000000e+00
1.140499998999999987e+00 2.644269673693215417e+00 1.000001868426916296e+00 1.000000000000000000e+00 0.000000000000000000e+00 0.000000000000000000e+00 3.563121622936532475e-04 0.000000000000000000e+00 -4.474936246604386825e-01 -4.474927843398519012e-01 3.112744231348508334e-02 0.000000000000000000e+00
1.150499998999999995e+00 2.644282299398399871e+00 1.000015975572235982e+00 1.000000000000000000e+00 0.000000000000000000e+00 0.000000000000000000e+00 1.943480639531775444e-03 0.000000000000000000e+00 -4.474929156858251100e-01 -4.474857307671919471e-01 1.100583564629357830e-01 0.000000000000000000e+00
1.160499999000000004e+00 2.644308663196280662e+00 1.000045432844712590e+00 1.000000000000000000e+00 0.000000000000000000e+00 0.000000000000000000e+00 3.985097040804403204e-03 0.000000000000000000e+00 -4.474914349430837435e-01 -4.474710021309537544e-01 3.182537873857029243e-01 0.000000000000000000e+00
1.170499999000000013e+00 2.644372533650062529e+00 1.000116798132298479e+00 1.000000000000000000e+00 0.000000000000000000e+00 0.000000000000000000e+00 7.459619696168214020e-03 0.000000000000000000e+00 -4.474878457640288354e-01 -4.474353194871606987e-01 3.698315734641705044e-01 0.000000000000000000e+00
1.180499999000000022e+00 2.644422836071677718e+00 1.000173003659507120e+00 1.000000000000000000e+00 0.000000000000000000e+00 0.000000000000000000e+00 8.899004802475980053e-03 0.000000000000000000e+00 -4.474850171959534606e-01 -4.474072167235564890e-01 3.644531560322497032e-01 0.000000000000000000e+00
1.190499999000000031e+00 2.644552683313654562e+00 1.000318090419022532e+00 1.000000000000000000e+00 0.000000000000000000e+00 0.000000000000000000e+00 1.411065479595129298e-02 0.000000000000000000e+00 -4.474777082278865725e-01 -4.473346733437987832e-01 4.921084891513987647e-01 0.000000000000000000e+00
1.200499999000000040e+00 2.644653470713508536e+00 1.000430708363587051e+00 1.000000000000000000e+00 0.000000000000000000e+00 0.000000000000000000e+00 1.642215662954898264e-02 0.000000000000000000e+00 -4.474720275597383057e-01 -4.472783643715165236e-01 5.125589089941953169e-01 0.000000000000000000e+00
1.210499999000000049e+00 2.644653470713508536e+00 1.000430708363587051e+00 1.000000000000000000e+00 0.000000000000000000e+00 0.000000000000000000e+00 1.642215662954898264e-02 0.000000000000000000e+00 -4.474720275597383057e-01 -4.472783643715165236e-01 5.125589089941953169e-01 0.000000000000000000e+00
1.220499999000000058e+00 2.645136910788246531e+00 1.000970915125260596e+00 1.000000000000000000e+00 0.000000000000000000e+00 0.000000000000000000e+00 2.348725050754530558e-02 0.000000000000000000e+00 -4.474446889601816357e-01 -4.470082609906797511e-01 4.299800364198406166e-01 0.000000000000000000e+00
1.230499999000000066e+00 2.645429284735812736e+00 1.001297636368719379e+00 1.000000000000000000e+00 0.000000000000000000e+00 0.000000000000000000e+00 3.523098035988173754e-02 0.000000000000000000e+00 -4.474280824566780335e-01 -4.468449003689502486e-01 9.415285337743840577e-01 0.000000000000000000e+00
1.240499999000000075e+00 2.645776998662264567e+00 1.001686214597464764e+00 1.000000000000000000e+00 0.000000000000000000e+00 0.000000000000000000e+00 4.190803884716864242e-02 0.000000000000000000e+00 -4.474082613308805745e-01 -4.466506112545775564e-01 1.039281561800363463e+00 0.000000000000000000e+00
1.250499999000000084e+00 2.646183553693192358e+00 1.002140570979177303e+00 1.000000000000000000e+00 0.000000000000000000e+00 0.000000000000000000e+00 4.780384639276329117e-02 0.000000000000000000e+00 -4.473849876504235046e-01 -4.464234330637212866e-01 8.908602194447485800e-01 0.000000000000000000e+00
1.260499999000000093e+00 2.646183553693192358e+00 1.002140570979177303e+00 1.000000000000000000e+00 0.000000000000000000e+00 0.000000000000000000e+00 4.780384639276329117e-02 0.000000000000000000e+00 -4.473849876504235046e-01 -4.464234330637212866e-01 8.908602194447485800e-01 0.000000000000000000e+00
1.270499999000000102e+00 2.646910787044740143e+00 1.002953369104997439e+00 1.000000000000000000e+00 0.000000000000000000e+00 0.000000000000000000e+00 5.910216917278071636e-02 0.000000000000000000e+00 -4.473430917862261103e-01 -4.460170340008113299e-01 1.595807397163729657e+00 0.000000000000000000e+00
1.280499999000000111e+00 2.647819564734122721e+00 1.003969179212066187e+00 1.000000000000000000e+00 0.000000000000000000e+00 0.000000000000000000e+00 7.136439150421229616e-02 0.000000000000000000e+00 -4.472902597512767864e-01 -4.455091289472769556e-01 1.466474962065360099e+00 0.000000000000000000e+00
1.290499999000000120e+00 2.648495358051312643e+00 1.004724643036847054e+00 1.000000000000000000e+00 0.000000000000000000e+00 0.000000000000000000e+00 7.940029264209322313e-02 0.000000000000000000e+00 -4.472506282401272903e-01 -4.451313970348864113e-01 1.052762559423924271e+00 0.000000000000000000e+00
1.300499999000000129e+00 2.649244206480359409e+00 1.005561853077441947e+00 1.000000000000000000e+00 0.000000000000000000e+00 0.000000000000000000e+00 8.769825224460972568e-02 0.000000000000000000e+00 -4.472063694219072794e-01 -4.447127920145889646e-01 1.234501562464594748e+00 0.000000000000000000e+00
1.310499999000000138e+00 2.649605643884265227e+00 1.005965968613195205e+00 1.000000000000000000e+00 0.000000000000000000e+00 0.000000000000000000e+00 9.131464278054979289e-02 0.000000000000000000e+00 -4.471848784647083908e-01 -4.445107342467124467e-01 1.112543129554253607e+00 0.000000000000000000e+00
1.320499999000000146e+00 2.650645416251270259e+00 1.007128624943766981e+00 1.000000000000000000e+00 0.000000000000000000e+00 0.000000000000000000e+00 1.012397723973989250e-01 0.000000000000000000e+00 -4.471225849118247719e-01 -4.439294060814264475e-01 1.728914697048064664e+00 0.000000000000000000e+00
1.330499999000000155e+00 2.651647957042405412e+00 1.008249803772913955e+00 1.000000000000000000e+00 0.000000000000000000e+00 0.000000000000000000e+00 1.067789361092360695e-01 0.000000000000000000e+00 -4.470618623428893046e-01 -4.433688166668529607e-01 1.684770380424983616e+00 0.000000000000000000e+00
1.340499999000000164e+00 2.652902588252116889e+00 1.009653120631696099e+00 1.000000000000000000e+00 0.000000000000000000e+00 0.000000000000000000e+00 1.194523215738353683e-01 0.000000000000000000e+00 -4.469849578044919891e-01 -4.426671582374618885e-01 1.549079510677634053e+00 0.000000000000000000e+00
1.350499999000000173e+00 2.654276087370725623e+00 1.011189671180581007e+00 1.000000000000000000e+00 0.000000000000000000e+00 0.000000000000000000e+00 1.333968485748440458e-01 0.000000000000000000e+00 -4.468996017866069814e-01 -4.418988829630194348e-01 1.467637908559134896e+00 0.000000000000000000e+00
1.360499999000000182e+00 2.655259103435971380e+00 1.012289564717810064e+00 1.000000000000000000e+00 0.000000000000000000e+00 0.000000000000000000e+00 1.400996763440106596e-01 0.000000000000000000e+00 -4.468377636752979276e-01 -4.413489361944049061e-01 1.368943555256539879e+00 0.000000000000000000e+00
1.370499999000000191e+00 2.656497597370173658e+00 1.013675529627286576e+00 1.000000000000000000e+00 0.000000000000000000e+00 0.000000000000000000e+00 1.495192760520012987e-01 0.000000000000000000e+00 -4.467589641777880982e-01 -4.406559537396667614e-01 1.406989432659852657e+00 0.000000000000000000e+00
1.380499998999999978e+00 2.657743067604707576e+00 1.015069549633429213e+00 1.000000000000000000e+00 0.000000000000000000e+00 0.000000000000000000e+00 1.590530768385176319e-01 0.000000000000000000e+00 -4.466787187778332169e-01 -4.399589437365953315e-01 1.896799439855276104e+00 0.000000000000000000e+00
1.390499998999999987e+00 2.659514587541137232e+00 1.017052797325440405e+00 1.000000000000000000e+00 0.000000000000000000e+00 0.000000000000000000e+00 1.709881955349789595e-01 0.000000000000000000e+00 -4.465628466363269489e-01 -4.389673198905898466e-01 2.214321210359838421e+00 0.000000000000000000e+00
1.400499998999999995e+00 2.660686911314149583e+00 1.018365519285932663e+00 1.000000000000000000e+00 0.000000000000000000e+00 0.000000000000000000e+00 1.785058987019930710e-01 0.000000000000000000e+00 -4.464850460598414617e-01 -4.383109589103437176e-01 1.794292241437848601e+00 0.000000000000000000e+00
1.410499999000000004e+00 2.662668074305160726e+00 1.020584471894678824e+00 1.000000000000000000e+00 0.000000000000000000e+00 0.000000000000000000e+00 1.900157205468875898e-01 0.000000000000000000e+00 -4.463515349875231131e-01 -4.372014826059706372e-01 1.442858782573076093e+00 0.000000000000000000e+00
1.420499999000000013e+00 2.664689827580725368e+00 1.022849577660982057e+00 1.000000000000000000e+00 0.000000000000000000e+00 0.000000000000000000e+00 2.027041250514339810e-01 0.000000000000000000e+00 -4.462126513070072686e-01 -4.360689297228190209e-01 1.411713602240144638e+00 0.000000000000000000e+00
1.430499999000000022e+00 2.666356934279440871e+00 1.024717884005411195e+00 1.000000000000000000e+00 0.000000000000000000e+00 0.000000000000000000e+00 2.099372108843613194e-01 0.000000000000000000e+00 -4.460961220895636181e-01 -4.351347765506043408e-01 1.763760095543733808e+00 0.000000000000000000e+00
1.440499999000000031e+00 2.666833357299893237e+00 1.025251895562089954e+00 1.000000000000000000e+00 0.000000000000000000e+00 0.000000000000000000e+00 2.146676554368968093e-01 0.000000000000000000e+00 -4.460624866531693877e-01 -4.348677707722649610e-01 1.804774396397931024e+00 0.000000000000000000e+00
1.450499999000000040e+00 2.668998799214214124e+00 1.027679600707924745e+00 1.000000000000000000e+00 0.000000000000000000e+00 0.000000000000000000e+00 2.261870989839459001e-01 0.000000000000000000e+00 -4.459077332435603669e-01 -4.336539181993476766e-01 2.554545753173136369e+00 0.000000000000000000e+00
1.460499999000000049e+00 2.672459985093291746e+00 1.031561755800812996e+00 1.000000000000000000e+00 0.000000000000000000e+00 0.000000000000000000e+00 2.438078911501125601e-01 0.000000000000000000e+00 -4.456539882848233880e-01 -4.317128406529035511e-01 2.597837604257285271e+00 0.000000000000000000e+00
1.470499999000000058e+00 2.674456549265708194e+00 1.033802170145508459e+00 1.000000000000000000e+00 0.000000000000000000e+00 0.000000000000000000e+00 2.535636897320893701e-01 0.000000000000000000e+00 -4.455040310795544967e-01 -4.305926334805558198e-01 1.874444562485719334e+00 0.000000000000000000e+00
1.480499999000000066e+00 2.677001558299674677e+00 1.036659118525778078e+00 1.000000000000000000e+00 0.000000000000000000e+00 0.000000000000000000e+00 2.608039445051381078e-01 0.000000000000000000e+00 -4.453090664735901427e-01 -4.291641592904208991e-01 1.588093380050152437e+00 0.000000000000000000e+00
1.490499999000000075e+00 2.679415809254412029e+00 1.039370450524800260e+00 1.000000000000000000e+00 0.000000000000000000e+00 0.000000000000000000e+00 2.762957500479805706e-01 0.000000000000000000e+00 -4.451201565076184363e-01 -4.278084932909098081e-01 2.395207615771923759e+00 0.000000000000000000e+00
1.500499999000000084e+00 2.681926285968643242e+00 1.042191082670971713e+00 1.000000000000000000e+00 0.000000000000000000e+00 0.000000000000000000e+00 2.869605139765541435e-01 0.000000000000000000e+00 -4.449196136770235399e-01 -4.263981772178241925e-01 2.341831947412424064e+00 0.000000000000000000e+00
1.510499999000000093e+00 2.684666265404205276e+00 1.045271038823173182e+00 1.000000000000000000e+00 0.000000000000000000e+00 0.000000000000000000e+00 2.988615205788188178e-01 0.000000000000000000e+00 -4.446959483559664861e-01 -4.248581991417234582e-01 1.685776261512537344e+00 0.000000000000000000e+00
1.520499999000000102e+00 2.687651345897789312e+00 1.048628292788223781e+00 1.000000000000000000e+00 0.000000000000000000e+00 0.000000000000000000e+00 3.109658455171869229e-01 0.000000000000000000e+00 -4.444465670279393321e-01 -4.231795721591981585e-01 1.466248466993157251e+00 0.000000000000000000e+00
1.530499999000000111e+00 2.690038559921465122e+00 1.051314509533132213e+00 1.000000000000000000e+00 0.000000000000000000e+00 0.000000000000000000e+00 3.204592623529476381e-01 0.000000000000000000e+00 -4.442428348506297642e-01 -4.218364637867439426e-01 1.574389908843939256e+00 0.000000000000000000e+00
1.540499999000000120e+00 2.691041996680899828e+00 1.052443998376910717e+00 1.000000000000000000e+00 0.000000000000000000e+00 0.000000000000000000e+00 3.227110982224241087e-01 0.000000000000000000e+00 -4.441560551482852670e-01 -4.212717193648546909e-01 1.570382154034604572e+00 0.000000000000000000e+00
1.550499999000000129e+00 2.695933451446370199e+00 1.057953125549714102e+00 1.000000000000000000e+00 0.000000000000000000e+00 0.000000000000000000e+00 3.394846830574902441e-01 0.000000000000000000e+00 -4.437233056401825304e-01 -4.185171557784529983e-01 1.411121423216246562e+00 0.000000000000000000e+00
1.560499999000000138e+00 2.698870463693004318e+00 1.061263629003327047e+00 1.000000000000000000e+00 0.000000000000000000e+00 0.000000000000000000e+00 3.526924384023019110e-01 0.000000000000000000e+00 -4.434556823972841122e-01 -4.168619040516465257e-01 1.591013653752104240e+00 0.000000000000000000e+00
1.570499999000000146e+00 2.701091089486076680e+00 1.063767984024980739e+00 1.000000000000000000e+00 0.000000000000000000e+00 0.000000000000000000e+00 3.608476869518680852e-01 0.000000000000000000e+00 -4.432494418163069883e-01 -4.156097265408195685e-01 1.530509152659920158e+00 0.000000000000000000e+00
1.580499999000000155e+00 2.705676310007856245e+00 1.068942798609020306e+00 1.000000000000000000e+00 0.000000000000000000e+00 0.000000000000000000e+00 3.755639304661654854e-01 0.000000000000000000e+00 -4.428129287057493979e-01 -4.130223192487997852e-01 2.163521187414322089e+00 0.000000000000000000e+00
1.590499999000000164e+00 2.706683839003696690e+00 1.070080570489648997e+00 1.000000000000000000e+00 0.000000000000000000e+00 0.000000000000000000e+00 3.792572935428825120e-01 0.000000000000000000e+00 -4.427150798235009455e-01 -4.124534333084854398e-01 2.209867024853557904e+00 0.000000000000000000e+00
1.600499999000000173e+00 2.712382844801847881e+00 1.076521092036033744e+00 1.000000000000000000e+00 0.000000000000000000e+00 0.000000000000000000e+00 3.960211685616398802e-01 0.000000000000000000e+00 -4.421484288470314272e-01 -4.092331725352930660e-01 2.217173200940696365e+00 0.000000000000000000e+00
1.610499999000000182e+00 2.715785043910960095e+00 1.080369954980398006e+00 1.000000000000000000e+00 0.000000000000000000e+00 0.000000000000000000e+00 4.094220995821680753e-01 0.000000000000000000e+00 -4.417994203281377374e-01 -4.073087410631110461e-01 2.290102445040814949e+00 0.000000000000000000e+00
1.620499999000000191e+00 2.718348426131078188e+00 1.083271903832585314e+00 1.000000000000000000e+00 0.000000000000000000e+00 0.000000000000000000e+00 4.176882207096163646e-01 0.000000000000000000e+00 -4.415311305669203379e-01 -4.058577666370172810e-01 1.411807292618795229e+00 0.000000000000000000e+00
1.630499999000000200e+00 2.723618843818468527e+00 1.089244053216976260e+00 1.000000000000000000e+00 0.000000000000000000e+00 0.000000000000000000e+00 4.265820988850603790e-01 0.000000000000000000e+00 -4.409650416073455648e-01 -4.028716919448218081e-01 1.330984632514458976e+00 0.000000000000000000e+00
1.640499999000000209e+00 2.727697169456003934e+00 1.093870730465478447e+00 1.000000000000000000e+00 0.000000000000000000e+00 0.000000000000000000e+00 4.464371557258602907e-01 0.000000000000000000e+00 -4.405135420833918847e-01 -4.005583533205707147e-01 1.863546982849064948e+00 0.000000000000000000e+00
1.650499998999999995e+00 2.731278238209867926e+00 1.097937250868590064e+00 1.000000000000000000e+00 0.000000000000000000e+00 0.000000000000000000e+00 4.561483428758296155e-01 0.000000000000000000e+00 -4.401073465881186197e-01 -3.985250931190148505e-01 1.967272927478257660e+00 0.000000000000000000e+00
1.660499999000000004e+00 2.735761996133336371e+00 1.103034194142590740e+00 1.000000000000000000e+00 0.000000000000000000e+00 0.000000000000000000e+00 4.694669012995187352e-01 0.000000000000000000e+00 -4.395858239391916555e-01 -3.959766214820145125e-01 2.412415243927005459e+00 0.000000000000000000e+00
1.670499999000000013e+00 2.738047789840232671e+00 1.105634935521808915e+00 1.000000000000000000e+00 0.000000000000000000e+00 0.000000000000000000e+00 4.751553226077236958e-01 0.000000000000000000e+00 -4.393143859761690639e-01 -3.946762507924054253e-01 2.135799924000629346e+00 0.000000000000000000e+00
1.680499999000000022e+00 2.743998061646418574e+00 1.112412716802067880e+00 1.000000000000000000e+00 0.000000000000000000e+00 0.000000000000000000e+00 4.875936877511695133e-01 0.000000000000000000e+00 -4.385900218334295442e-01 -3.912873601522760536e-01 1.620719520783676204e+00 0.000000000000000000e+00
1.690499999000000031e+00 2.747702797221539761e+00 1.116638405524888578e+00 1.000000000000000000e+00 0.000000000000000000e+00 0.000000000000000000e+00 5.015172833053298529e-01 0.000000000000000000e+00 -4.381259574258559164e-01 -3.891745157908655939e-01 2.077040993782991674e+00 0.000000000000000000e+00
1.700499999000000040e+00 2.752825226148137183e+00 1.122488620684622962e+00 1.000000000000000000e+00 0.000000000000000000e+00 0.000000000000000000e+00 5.151118733822136475e-01 0.000000000000000000e+00 -4.374676434559154337e-01 -3.862494082109985127e-01 1.834886332400239350e+00 0.000000000000000000e+00
1.710499999000000049e+00 2.757843017510072325e+00 1.128227998353078965e+00 1.000000000000000000e+00 0.000000000000000000e+00 0.000000000000000000e+00 5.277931680416805271e-01 0.000000000000000000e+00 -4.368038570019107114e-01 -3.833797193767704004e-01 2.276861957994065655e+00 0.000000000000000000e+00
1.720499999000000058e+00 2.761095973940990600e+00 1.131953460539148137e+00 1.000000000000000000e+00 0.000000000000000000e+00 0.000000000000000000e+00 5.356934890685072226e-01 0.000000000000000000e+00 -4.363634423309162291e-01 -3.815169882837358140e-01 2.087651044456695804e+00 0.000000000000000000e+00
1.730499999000000066e+00 2.766780142387850194e+00 1.138472436442693470e+00 1.000000000000000000e+00 0.000000000000000000e+00 0.000000000000000000e+00 5.487746263448062267e-01 0.000000000000000000e+00 -4.355746330527073273e-01 -3.782575003319631479e-01 1.456961466625666723e+00 0.000000000000000000e+00
1.740499999000000075e+00 2.771376035223724887e+00 1.143752062108520207e+00 1.000000000000000000e+00 0.000000000000000000e+00 0.000000000000000000e+00 5.606566786610572839e-01 0.000000000000000000e+00 -4.349187901643542520e-01 -3.756176874990498904e-01 1.542768418353537729e+00 0.000000000000000000e+00
1.750499999000000084e+00 2.773582485108950557e+00 1.146289618673632882e+00 1.000000000000000000e+00 0.000000000000000000e+00 0.000000000000000000e+00 5.659370831672739799e-01 0.000000000000000000e+00 -4.345981385987766621e-01 -3.743489092164934418e-01 1.369035120247152904e+00 0.000000000000000000e+00
1.760499999000000093e+00 2.781579849198147603e+00 1.155503064988139705e+00 1.000000000000000000e+00 0.000000000000000000e+00 0.000000000000000000e+00 5.831162587583884616e-01 0.000000000000000000e+00 -4.334041228055638406e-01 -3.697421860592401410e-01 2.412507986841235130e+00 0.000000000000000000e+00
1.770499999000000102e+00 2.786439919757859762e+00 1.161114760966363457e+00 1.000000000000000000e+00 0.000000000000000000e+00 0.000000000000000000e+00 5.956233454948334227e-01 0.000000000000000000e+00 -4.326538826129649462e-01 -3.669363380701281541e-01 2.479186685425040615e+00 0.000000000000000000e+00
1.780499999000000111e+00 2.792170376438035007e+00 1.167744141874584418e+00 1.000000000000000000e+00 0.000000000000000000e+00 0.000000000000000000e+00 6.088577520416253996e-01 0.000000000000000000e+00 -4.317450244921691160e-01 -3.636216476160177846e-01 1.824884560098607222e+00 0.000000000000000000e+00
1.790499999000000120e+00 2.796940386119992628e+00 1.173273202504613089e+00 1.000000000000000000e+00 0.000000000000000000e+00 0.000000000000000000e+00 6.184332413680523333e-01 0.000000000000000000e+00 -4.309682309656410193e-01 -3.608571173010034494e-01 1.312712009882033071e+00 0.000000000000000000e+00
1.800499999000000129e+00 2.802054344500235494e+00 1.179212164281264741e+00 1.000000000000000000e+00 0.000000000000000000e+00 0.000000000000000000e+00 6.303512620828959356e-01 0.000000000000000000e+00 -4.301147173638223409e-01 -3.578876364126776233e-01 1.628703103294359522e+00 0.000000000000000000e+00
1.810499999000000138e+00 2.808076056374225526e+00 1.186220664426197224e+00 1.000000000000000000e+00 0.000000000000000000e+00 0.000000000000000000e+00 6.429842238885710159e-01 0.000000000000000000e+00 -4.290818644176134788e-01 -3.543833863402113815e-01 1.762736567228716300e+00 0.000000000000000000e+00
1.820499999000000146e+00 2.811963579999177565e+00 1.190754311194460069e+00 1.000000000000000000e+00 0.000000000000000000e+00 0.000000000000000000e+00 6.511739283812818524e-01 0.000000000000000000e+00 -4.283988739853583638e-01 -3.521165629560799593e-01 2.023230713736116293e+00 0.000000000000000000e+00
1.830499999000000155e+00 2.819296572535213485e+00 1.199326085079682302e+00 1.000000000000000000e+00 0.000000000000000000e+00 0.000000000000000000e+00 6.622936300858800474e-01 0.000000000000000000e+00 -4.270754381622656193e-01 -3.478306760134687314e-01 2.171305281790386399e+00 0.000000000000000000e+00
1.840499999000000164e+00 2.823881614264630802e+00 1.204699374985679139e+00 1.000000000000000000e+00 0.000000000000000000e+00 0.000000000000000000e+00 6.760738910828595349e-01 0.000000000000000000e+00 -4.262242882516956710e-01 -3.451440310604704242e-01 2.142950731598850744e+00 0.000000000000000000e+00
1.850499999000000173e+00 2.829397133023530131e+00 1.211177518300173839e+00 1.000000000000000000e+00 0.000000000000000000e+00 0.000000000000000000e+00 6.860075453937999335e-01 0.000000000000000000e+00 -4.251759021942677075e-01 -3.419049594032229633e-01 2.162921553479812964e+00 0.000000000000000000e+00
1.860499999000000182e+00 2.836769985871076649e+00 1.219862546581094387e+00 1.000000000000000000e+00 0.000000000000000000e+00 0.000000000000000000e+00 7.018551828223850153e-01 0.000000000000000000e+00 -4.237319788906637741e-01 -3.375624452627626892e-01 2.207789575898559509e+00 0.000000000000000000e+00
1.870499999000000191e+00 2.840354997973274287e+00 1.224096417293517591e+00 1.000000000000000000e+00 0.000000000000000000e+00 0.000000000000000000e+00 7.085765812065661917e-01 0.000000000000000000e+00 -4.230120274098498334e-01 -3.354455099065510870e-01 1.881055504544923540e+00 0.000000000000000000e+00
1.880499999000000200e+00 2.848834322394083074e+00 1.234139633093659816e+00 1.000000000000000000e+00 0.000000000000000000e+00 0.000000000000000000e+00 7.238239374819472882e-01 0.000000000000000000e+00 -4.212617917877584661e-01 -3.304239020064799748e-01 2.240980531795679465e+00 0.000000000000000000e+00
1.890499999000000209e+00 2.854987400916872975e+00 1.241454134844505397e+00 1.000000000000000000e+00 0.000000000000000000e+00 0.000000000000000000e+00 7.358545563163666481e-01 0.000000000000000000e+00 -4.199492190113710555e-01 -3.267666511310572952e-01 2.192599664449518038e+00 0.000000000000000000e+00
1.900499999000000217e+00 2.861532954259948802e+00 1.249260696438320828e+00 1.000000000000000000e+00 0.000000000000000000e+00 0.000000000000000000e+00 7.494095342401575488e-01 0.000000000000000000e+00 -4.185127975635828945e-01 -3.228633703341495798e-01 3.182540665397212809e+00 0.000000000000000000e+00
1.910499999000000226e+00 2.863733795421778972e+00 1.251891601435200396e+00 1.000000000000000000e+00 0.000000000000000000e+00 0.000000000000000000e+00 7.534774798878245416e-01 0.000000000000000000e+00 -4.180203790539921971e-01 -3.215479178357097956e-01 2.319354064661898640e+00 0.000000000000000000e+00
1.920499999000000013e+00 2.871350643426316296e+00 1.261021144301194941e+00 1.000000000000000000e+00 0.000000000000000000e+00 0.000000000000000000e+00 7.672537638908879520e-01 0.000000000000000000e+00 -4.162788150257997200e-01 -3.169831464027125234e-01 3.358508148719236086e+00 0.000000000000000000e+00
1.930499999000000022e+00 2.881023132893566707e+00 1.272670891077563482e+00 1.000000000000000000e+00 0.000000000000000000e+00 0.000000000000000000e+00 7.851043733460881802e-01 0.000000000000000000e+00 -4.139817903063262583e-01 -3.111582730145282527e-01 3.620405675760540731e+00 0.000000000000000000e+00
1.940499999000000031e+00 2.885265519077074625e+00 1.277801188532586618e+00 1.000000000000000000e+00 0.000000000000000000e+00 0.000000000000000000e+00 7.895718151196267076e-01 0.000000000000000000e+00 -4.129433717916708990e-01 -3.085931242870166846e-01 3.558875796393738078e+00 0.000000000000000000e+00
1.950499999000000040e+00 2.889867994290617137e+00 1.283381693907727827e+00 1.000000000000000000e+00 0.000000000000000000e+00 0.000000000000000000e+00 7.998654192242498073e-01 0.000000000000000000e+00 -4.117949969349065098e-01 -3.058028715994459690e-01 2.880082637553141645e+00 0.000000000000000000e+00
1.960499999000000049e+00 2.895835788446883274e+00 1.290641147195074723e+00 1.000000000000000000e+00 0.000000000000000000e+00 0.000000000000000000e+00 8.112705121249488283e-01 0.000000000000000000e+00 -4.102715215278140426e-01 -3.021731449557726323e-01 2.304295501626507203e+00 0.000000000000000000e+00
1.970499999000000058e+00 2.906242931463633550e+00 1.303366800330547415e+00 1.000000000000000000e+00 0.000000000000000000e+00 0.000000000000000000e+00 8.286380591509611149e-01 0.000000000000000000e+00 -4.075191865897801469e-01 -2.958103183880361753e-01 1.795799028741038583e+00 0.000000000000000000e+00
1.980499999000000066e+00 2.912699704283798319e+00 1.311306027399425478e+00 1.000000000000000000e+00 0.000000000000000000e+00 0.000000000000000000e+00 8.404287040969566913e-01 0.000000000000000000e+00 -4.057486565599791040e-01 -2.918407048535972548e-01 1.682627917406246398e+00 0.000000000000000000e+00
1.990499999000000075e+00 2.919902661641677888e+00 1.320204365810628611e+00 1.000000000000000000e+00 0.000000000000000000e+00 0.000000000000000000e+00 8.527625755856833578e-01 0.000000000000000000e+00 -4.037147482046642422e-01 -2.873915356479955774e-01 1.747080961775700603e+00 0.000000000000000000e+00
2.000499999000000084e+00 2.923702771727337169e+00 1.324917193456853326e+00 1.000000000000000000e+00 0.000000000000000000e+00 0.000000000000000000e+00 8.568777538590297560e-01 0.000000000000000000e+00 -4.026161118168328779e-01 -2.850351218248833307e-01 1.754319821590525574e+00 0.000000000000000000e+00
2.010499999000000315e+00 2.934859202928147059e+00 1.338829460190114062e+00 1.000000000000000000e+00 -2.384185793236071049e-08 -2.384185793236071049e-08 8.786949997407319524e-01 0.000000000000000000e+00 -3.992851658738190701e-01 -2.780789753392254315e-01 2.284697941717066971e+00 0.000000000000000000e+00
2.020499999000000102e+00 2.937671216135008478e+00 1.342354581893402843e+00 1.000000000000000000e+00 -2.384185793236071049e-08 -2.384185793236071049e-08 8.830862651697646282e-01 0.000000000000000000e+00 -3.984201043720407842e-01 -2.763164144875809303e-01 2.351913480633565978e+00 0.000000000000000000e+00
2.030499999000000333e+00 2.948293622404984937e+00 1.355741405625193297e+00 1.000000000000000000e+00 -2.384185793236071049e-08 -2.384185793236071049e-08 9.009678297542953462e-01 0.000000000000000000e+00 -3.950560939430757812e-01 -2.696230026216859255e-01 3.058343160964832386e+00 0.000000000000000000e+00
2.040499999000000120e+00 2.955440008201376312e+00 1.364813067537063773e+00 1.000000000000000000e+00 -2.384185793236071049e-08 -2.384185793236071049e-08 9.127355005108810371e-01 0.000000000000000000e+00 -3.927044013399877964e-01 -2.650871716657505761e-01 2.496813996575508288e+00 0.000000000000000000e+00
2.050499998999999907e+00 2.962996035402686079e+00 1.374464979972232381e+00 1.000000000000000000e+00 -2.384185793236071049e-08 -2.384185793236071049e-08 9.251340184458741733e-01 0.000000000000000000e+00 -3.901371712832668592e-01 -2.602612154481662721e-01 1.681952927060103020e+00 0.000000000000000000e+00
2.060499999000000138e+00 2.970239100755240447e+00 1.383777906104259880e+00 1.000000000000000000e+00 -2.384185793236071049e-08 -2.384185793236071049e-08 9.369041932246388038e-01 0.000000000000000000e+00 -3.875953818211239077e-01 -2.556047523821525225e-01 1.753858280969365024e+00 0.000000000000000000e+00
2.070499998999999924e+00 2.977524850616519725e+00 1.393208539722046391e+00 1.000000000000000000e+00 -2.384185793236071049e-08 -2.384185793236071049e-08 9.486754564990313998e-01 0.000000000000000000e+00 -3.849555354707643318e-01 -2.508894355732593784e-01 1.590421624242904119e+00 0.000000000000000000e+00
2.080499999000000155e+00 2.984115945463526209e+00 1.401796758656630892e+00 1.000000000000000000e+00 -2.384185793236071049e-08 -2.384185793236071049e-08 9.591879604903391643e-01 0.000000000000000000e+00 -3.824927594273804798e-01 -2.465953261059670165e-01 1.948500654762136408e+00 0.000000000000000000e+00
2.090499998999999942e+00 2.990368150544762571e+00 1.409995403836161509e+00 1.000000000000000000e+00 -2.384185793236071049e-08 -2.384185793236071049e-08 9.686614368100331385e-01 0.000000000000000000e+00 -3.800885440031719908e-01 -2.424960035162018190e-01 1.657157670646885350e+00 0.000000000000000000e+00
2.100499999000000173e+00 2.998124919627514373e+00 1.420240606877959166e+00 1.000000000000000000e+00 -2.384185793236071049e-08 -2.384185793236071049e-08 9.792671573409670316e-01 0.000000000000000000e+00 -3.770098492498193399e-01 -2.373734019953028795e-01 1.449040729734715427e+00 0.000000000000000000e+00
2.110499998999999960e+00 3.006658249869235799e+00 1.431610469801175123e+00 1.000000000000000000e+00 -2.384185793236071049e-08 -2.384185793236071049e-08 9.951405322105041362e-01 0.000000000000000000e+00 -3.734944635591564976e-01 -2.316884705336950123e-01 2.059335007205128409e+00 0.000000000000000000e+00
2.120499999000000191e+00 3.011124313938869257e+00 1.437604398190739818e+00 1.000000000000000000e+00 -2.384185793236071049e-08 -2.384185793236071049e-08 1.000457075830834874e+00 0.000000000000000000e+00 -3.715985783906957107e-01 -2.286915063389125535e-01 2.089252433187444691e+00 0.000000000000000000e+00
2.130499998999999978e+00 3.020080888663116969e+00 1.449719437204552763e+00 1.000000000000000000e+00 -2.384185793236071049e-08 -2.384185793236071049e-08 1.016337671370875162e+00 0.000000000000000000e+00 -3.676746563757142816e-01 -2.226339868320061921e-01 1.918888398246528793e+00 0.000000000000000000e+00
2.140499999000000209e+00 3.027940072851275310e+00 1.460459220949778647e+00 1.000000000000000000e+00 -2.384185793236071049e-08 -2.384185793236071049e-08 1.028744935039783259e+00 0.000000000000000000e+00 -3.640909910384412251e-01 -2.172640949593931392e-01 1.579056337137566768e+00 0.000000000000000000e+00
2.150499998999999995e+00 3.035439516449979003e+00 1.470808297642973050e+00 1.000000000000000000e+00 -2.384185793236071049e-08 -2.384185793236071049e-08 1.039892819906127253e+00 0.000000000000000000e+00 -3.605416607883314417e-01 -2.120895566127958265e-01 1.444984147526752860e+00 0.000000000000000000e+00
2.160499999000000226e+00 3.043324209946509207e+00 1.481801623981040539e+00 1.000000000000000000e+00 -2.384185793236071049e-08 -2.384185793236071049e-08 1.050227913805268587e+00 0.000000000000000000e+00 -3.566653426983698028e-01 -2.065928934437621933e-01 1.377018186136832245e+00 0.000000000000000000e+00
2.170499999000000013e+00 3.048959571133797120e+00 1.489733455447619592e+00 1.000000000000000000e+00 -2.384185793236071049e-08 -2.384185793236071049e-08 1.061725113501755358e+00 0.000000000000000000e+00 -3.537989552041515551e-01 -2.026269777104727776e-01 1.896729903623435520e+00 0.000000000000000000e+00
2.180499999000000244e+00 3.057976440262681894e+00 1.502562257014776526e+00 1.000000000000000000e+00 -2.384185793236071049e-08 -2.384185793236071049e-08 1.075545933642092944e+00 0.000000000000000000e+00 -3.490359193211242106e-01 -1.962125769268940889e-01 2.763822548349319952e+00 0.000000000000000000e+00
2.190499999000000031e+00 3.067360881010459117e+00 1.516106008368952818e+00 1.000000000000000000e+00 -2.384185793236071049e-08 -2.384185793236071049e-08 1.090627739601828683e+00 0.000000000000000000e+00 -3.438316009142557972e-01 -1.894407012498060539e-01 2.633557111896656977e+00 0.000000000000000000e+00
2.200499999000000262e+00 3.073357688693172385e+00 1.524870592692832316e+00 1.000000000000000000e+00 -2.384185793236071049e-08 -2.384185793236071049e-08 1.100052704032516093e+00 0.000000000000000000e+00 -3.403641490209907694e-01 -1.850584090878661936e-01 2.927938533363541929e+00 0.000000000000000000e+00
2.210499999000000049e+00 3.081958555966870072e+00 1.537601751422737362e+00 1.000000000000000000e+00 -2.384185793236071049e-08 -2.384185793236071049e-08 1.112930284537841041e+00 0.000000000000000000e+00 -3.351830537048318126e-01 -1.786928297229137819e-01 1.521568791748982630e+00 0.000000000000000000e+00
2.220499999000000280e+00 3.088296118610922125e+00 1.547111938320447910e+00 1.000000000000000000e+00 -2.384185793236071049e-08 -2.384185793236071049e-08 1.121205175937026288e+00 0.000000000000000000e+00 -3.311974790291199455e-01 -1.739377362740583965e-01 1.236642541764354508e+00 0.000000000000000000e+00
2.230499999000000066e+00 3.097206385718843435e+00 1.560682965322537585e+00 1.000000000000000000e+00 -2.384185793236071049e-08 -2.384185793236071049e-08 1.137755719257524945e+00 0.000000000000000000e+00 -3.253325032668706873e-01 -1.671522227730137811e-01 1.780486033499865339e+00 0.000000000000000000e+00
2.240499999000000297e+00 3.103485979436767739e+00 1.570398403750155492e+00 1.000000000000000000e+00 -2.384185793236071049e-08 -2.384185793236071049e-08 1.146518971183343449e+00 0.000000000000000000e+00 -3.210006445077881465e-01 -1.622945035592047169e-01 1.345181823001682764e+00 0.000000000000000000e+00
2.250499999000000084e+00 3.109000913994275361e+00 1.579041607696958227e+00 1.000000000000000000e+00 -2.384185793236071049e-08 -2.384185793236071049e-08 1.152427192907055975e+00 0.000000000000000000e+00 -3.170498697835549828e-01 -1.579729015858033492e-01 1.345874822988830877e+00 0.000000000000000000e+00
2.260499999000000315e+00 3.118855928062474359e+00 1.594766322900403654e+00 1.000000000000000000e+00 -2.384185793236071049e-08 -2.384185793236071049e-08 1.171845861190042415e+00 0.000000000000000000e+00 -3.096177446743244022e-01 -1.501105439840806355e-01 1.655339936927177291e+00 0.000000000000000000e+00
2.270499999000000102e+00 3.125006222376602416e+00 1.604777301792135624e+00 1.000000000000000000e+00 -2.384185793236071049e-08 -2.384185793236071049e-08 1.180122328110888352e+00 0.000000000000000000e+00 -3.047142820087757609e-01 -1.451050545382146506e-01 1.523143158314194334e+00 0.000000000000000000e+00
2.280499999000000333e+00 3.132892516010262529e+00 1.617858995263518285e+00 1.000000000000000000e+00 -2.384185793236071049e-08 -2.384185793236071049e-08 1.194253074374643786e+00 0.000000000000000000e+00 -2.980942384944819668e-01 -1.385642078025233204e-01 1.680572511546716274e+00 0.000000000000000000e+00
2.290499999000000120e+00 3.139628698702107368e+00 1.629271623747751363e+00 1.000000000000000000e+00 -2.384185793236071049e-08 -2.384185793236071049e-08 1.204866716425018192e+00 0.000000000000000000e+00 -2.921121275969258968e-01 -1.328578935604067812e-01 2.014907757647747211e+00 0.000000000000000000e+00
2.300499999000000351e+00 3.144892067511482203e+00 1.638356748099504712e+00 1.000000000000000000e+00 -2.384185793236071049e-08 -2.384185793236071049e-08 1.212229699185558784e+00 0.000000000000000000e+00 -2.872051471915654242e-01 -1.283153313845299959e-01 1.661207788650130412e+00 0.000000000000000000e+00
2.310499999000000138e+00 3.154229542548406595e+00 1.654876948077261156e+00 1.000000000000000000e+00 -2.384185793236071049e-08 -2.384185793236071049e-08 1.230771824237200995e+00 0.000000000000000000e+00 -2.779331967002098835e-01 -1.200552313956519956e-01 2.085618298928729075e+00 0.000000000000000000e+00
2.320499998999999924e+00 3.160008444885431089e+00 1.665388805643509107e+00 1.000000000000000000e+00 -2.384185793236071049e-08 -2.384185793236071049e-08 1.239049606475709719e+00 0.000000000000000000e+00 -2.717840537578348203e-01 -1.147993026125277982e-01 1.929386310533509841e+00 0.000000000000000000e+00
2.330499999000000155e+00 3.167357838872705056e+00 1.679118714852548599e+00 1.000000000000000000e+00 -2.384185793236071049e-08 -2.384185793236071049e-08 1.254344856530778651e+00 0.000000000000000000e+00 -2.634381761701351521e-01 -1.079343480080081630e-01 1.848512148856731541e+00 0.000000000000000000e+00
2.340499998999999942e+00 3.173575591507247218e+00 1.691091183519655372e+00 1.000000000000000000e+00 -2.384185793236071049e-08 -2.384185793236071049e-08 1.263797812822353928e+00 0.000000000000000000e+00 -2.558490936995155285e-01 -1.019481136744546657e-01 1.798122727975507429e+00 0.000000000000000000e+00
2.350499999000000173e+00 3.178391266976179352e+00 1.700618298214146895e+00 1.000000000000000000e+00 -2.384185793236071049e-08 -2.384185793236071049e-08 1.271161869609763961e+00 0.000000000000000000e+00 -2.495873302633777047e-01 -9.718455632720890414e-02 1.907373840680326449e+00 0.000000000000000000e+00
2.360499998999999960e+00 3.187136922763208702e+00 1.718579588956741455e+00 1.000000000000000000e+00 -2.384185793236071049e-08 -2.384185793236071049e-08 1.290967716685736288e+00 0.000000000000000000e+00 -2.371965311947982769e-01 -8.820391095591184616e-02 2.928576733418085887e+00 0.000000000000000000e+00
2.370499999000000191e+00 3.191977524231370378e+00 1.728946915864720379e+00 1.000000000000000000e+00 -2.384185793236071049e-08 -2.384185793236071049e-08 1.297985612093949914e+00 0.000000000000000000e+00 -2.296636124347863350e-01 -8.302024750192216196e-02 2.526587217681520503e+00 0.000000000000000000e+00
2.380499998999999978e+00 3.198712738654011734e+00 1.743982091597286344e+00 1.000000000000000000e+00 -2.384185793236071049e-08 -2.384185793236071049e-08 1.313913518758097254e+00 0.000000000000000000e+00 -2.181856461682327719e-01 -7.550265963563940197e-02 3.372977443569955991e+00 0.000000000000000000e+00
2.390499999000000209e+00 3.203782025613690188e+00 1.755857522816279381e+00 1.000000000000000000e+00 -2.384185793236071049e-08 -2.384185793236071049e-08 1.322737158958362969e+00 0.000000000000000000e+00 -2.086057980622935681e-01 -6.956494402614277206e-02 2.179016294641857421e+00 0.000000000000000000e+00
2.400499998999999995e+00 3.208920406546442727e+00 1.768496324465261615e+00 1.000000000000000000e+00 -2.384185793236071049e-08 -2.384185793236071049e-08 1.334817727314103086e+00 0.000000000000000000e+00 -1.978477704865390652e-01 -6.324554320165165500e-02 1.392428486462517156e+00 0.000000000000000000e+00
2.410499999000000226e+00 3.214816541312665699e+00 1.783938210160431304e+00 1.000000000000000000e+00 -2.384185793236071049e-08 -2.384185793236071049e-08 1.347785793357207940e+00 0.000000000000000000e+00 -1.838018264320415707e-01 -5.552460035406681094e-02 1.523871645716892376e+00 0.000000000000000000e+00
2.420499999000000013e+00 3.219155395765341598e+00 1.796131944252505219e+00 1.000000000000000000e+00 -2.384185793236071049e-08 -2.384185793236071049e-08 1.359807901610253555e+00 0.000000000000000000e+00 -1.718938229186871558e-01 -4.942773330802974208e-02 1.596630203860241792e+00 0.000000000000000000e+00
2.430499999000000244e+00 3.222344780446804613e+00 1.805681981272340586e+00 1.000000000000000000e+00 -2.384185793236071049e-08 -2.384185793236071049e-08 1.367828024674650589e+00 0.000000000000000000e+00 -1.619788228788717754e-01 -4.465271479811216970e-02 1.733781684225718323e+00 0.000000000000000000e+00
2.440499999000000031e+00 3.227784797582194276e+00 1.823571031756039407e+00 1.000000000000000000e+00 -2.384185793236071049e-08 -2.384185793236071049e-08 1.381683968465783563e+00 0.000000000000000000e+00 -1.417136451706992872e-01 -3.570818955626275937e-02 2.566529452923929977e+00 0.000000000000000000e+00
2.450499999000000262e+00 3.231308627560239177e+00 1.836769837046855258e+00 1.000000000000000000e+00 -2.384185793236071049e-08 -2.384185793236071049e-08 1.393766040588315880e+00 0.000000000000000000e+00 -1.249730058064772997e-01 -2.910878691085483361e-02 2.711771346059269394e+00 0.000000000000000000e+00
