1.715002674764646769e+09 6.343288161250237867e-03 1.000000000000000000e+00 0.000000000000000000e+00 0.000000000000000000e+00 0.000000000000000000e+00 0.000000000000000000e+00 0.000000000000000000e+00 -3.397459621556142562e-02 6.411010564593266903e-02 0.000000000000000000e+00 0.000000000000000000e+00
1.715002674774662256e+09 6.343288161250237867e-03 1.000000000000000000e+00 0.000000000000000000e+00 0.000000000000000000e+00 0.000000000000000000e+00 0.000000000000000000e+00 0.000000000000000000e+00 -3.397459621556142562e-02 6.411010564593266903e-02 0.000000000000000000e+00 0.000000000000000000e+00
1.715002674784529448e+09 6.343288161250237867e-03 1.000000000000000000e+00 0.000000000000000000e+00 0.000000000000000000e+00 0.000000000000000000e+00 0.000000000000000000e+00 0.000000000000000000e+00 -3.397459621556142562e-02 6.411010564593266903e-02 0.000000000000000000e+00 0.000000000000000000e+00
1.715002674791089773e+09 6.343288161250237867e-03 1.000000000000000000e+00 0.000000000000000000e+00 0.000000000000000000e+00 0.000000000000000000e+00 0.000000000000000000e+00 0.000000000000000000e+00 -3.397459621556142562e-02 6.411010564593266903e-02 0.000000000000000000e+00 0.000000000000000000e+00
1.715002674802636623e+09 6.343288161250237867e-03 1.000000000000000000e+00 0.000000000000000000e+00 0.000000000000000000e+00 0.000000000000000000e+00 0.000000000000000000e+00 0.000000000000000000e+00 -3.397459621556142562e-02 6.411010564593266903e-02 0.000000000000000000e+00 0.000000000000000000e+00
1.715002674812589884e+09 6.343288161250237867e-03 1.000000000000000000e+00 0.000000000000000000e+00 0.000000000000000000e+00 0.000000000000000000e+00 0.000000000000000000e+00 0.000000000000000000e+00 -3.397459621556142562e-02 6.411010564593266903e-02 0.000000000000000000e+00 0.000000000000000000e+00
1.715002674820897341e+09 6.343288161250237867e-03 1.000000000000000000e+00 0.000000000000000000e+00 0.000000000000000000e+00 0.000000000000000000e+00 0.000000000000000000e+00 0.000000000000000000e+00 -3.397459621556142562e-02 6.411010564593266903e-02 0.000000000000000000e+00 0.000000000000000000e+00
1.715002674832681179e+09 6.343288161250237867e-03 1.000000000000000000e+00 0.000000000000000000e+00 0.000000000000000000e+00 0.000000000000000000e+00 0.000000000000000000e+00 0.000000000000000000e+00 -3.397459621556142562e-02 6.411010564593266903e-02 0.000000000000000000e+00 0.000000000000000000e+00
1.715002674840854406e+09 6.343288161250237867e-03 1.000000000000000000e+00 0.000000000000000000e+00 0.000000000000000000e+00 0.000000000000000000e+00 0.000000000000000000e+00 0.000000000000000000e+00 -3.397459621556142562e-02 6.411010564593266903e-02 0.000000000000000000e+00 0.000000000000000000e+00
1.715002674852664709e+09 6.343288161250237867e-03 1.000000000000000000e+00 0.000000000000000000e+00 0.000000000000000000e+00 0.000000000000000000e+00 0.000000000000000000e+00 0.000000000000000000e+00 -3.397459621556142562e-02 6.411010564593266903e-02 0.000000000000000000e+00 0.000000000000000000e+00
1.715002674863261700e+09 6.343288161250237867e-03 1.000000000000000000e+00 0.000000000000000000e+00 0.000000000000000000e+00 0.000000000000000000e+00 0.000000000000000000e+00 0.000000000000000000e+00 -3.397459621556142562e-02 6.411010564593266903e-02 0.000000000000000000e+00 0.000000000000000000e+00
1.715002674871434689e+09 6.343288161250237867e-03 1.000000000000000000e+00 0.000000000000000000e+00 0.000000000000000000e+00 0.000000000000000000e+00 0.000000000000000000e+00 0.000000000000000000e+00 -3.397459621556142562e-02 6.411010564593266903e-02 0.000000000000000000e+00 0.000000000000000000e+00
1.715002674880194426e+09 6.343288161250237867e-03 1.000000000000000000e+00 0.000000000000000000e+00 0.000000000000000000e+00 0.000000000000000000e+00 0.000000000000000000e+00 0.000000000000000000e+00 -3.397459621556142562e-02 6.411010564593266903e-02 0.000000000000000000e+00 0.000000000000000000e+00
1.715002674890214443e+09 6.343288161250237867e-03 1.000000000000000000e+00 0.000000000000000000e+00 0.000000000000000000e+00 0.000000000000000000e+00 0.000000000000000000e+00 0.000000000000000000e+00 -3.397459621556142562e-02 6.411010564593266903e-02 0.000000000000000000e+00 0.000000000000000000e+00
1.715002674904216766e+09 6.343288161250237867e-03 1.000000000000000000e+00 0.000000000000000000e+00 0.000000000000000000e+00 0.000000000000000000e+00 0.000000000000000000e+00 0.000000000000000000e+00 -3.397459621556142562e-02 6.411010564593266903e-02 0.000000000000000000e+00 0.000000000000000000e+00
1.715002674911533117e+09 6.343288161250237867e-03 1.000000000000000000e+00 0.000000000000000000e+00 0.000000000000000000e+00 0.000000000000000000e+00 0.000000000000000000e+00 0.000000000000000000e+00 -3.397459621556142562e-02 6.411010564593266903e-02 0.000000000000000000e+00 0.000000000000000000e+00
1.715002674922605991e+09 6.343288161250237867e-03 1.000000000000000000e+00 0.000000000000000000e+00 0.000000000000000000e+00 0.000000000000000000e+00 0.000000000000000000e+00 0.000000000000000000e+00 -3.397459621556142562e-02 6.411010564593266903e-02 0.000000000000000000e+00 0.000000000000000000e+00
1.715002674932693958e+09 6.343288161250237867e-03 1.000000000000000000e+00 0.000000000000000000e+00 0.000000000000000000e+00 0.000000000000000000e+00 0.000000000000000000e+00 0.000000000000000000e+00 -3.397459621556142562e-02 6.411010564593266903e-02 0.000000000000000000e+00 0.000000000000000000e+00
1.715002674941075563e+09 6.343288161250237867e-03 1.000000000000000000e+00 0.000000000000000000e+00 0.000000000000000000e+00 0.000000000000000000e+00 0.000000000000000000e+00 0.000000000000000000e+00 -3.397459621556142562e-02 6.411010564593266903e-02 0.000000000000000000e+00 0.000000000000000000e+00
1.715002674951658249e+09 6.343288161250237867e-03 1.000000000000000000e+00 0.000000000000000000e+00 0.000000000000000000e+00 0.000000000000000000e+00 0.000000000000000000e+00 0.000000000000000000e+00 -3.397459621556142562e-02 6.411010564593266903e-02 0.000000000000000000e+00 0.000000000000000000e+00
1.715002674963081598e+09 6.343288161250237867e-03 1.000000000000000000e+00 0.000000000000000000e+00 0.000000000000000000e+00 0.000000000000000000e+00 0.000000000000000000e+00 0.000000000000000000e+00 -3.397459621556142562e-02 6.411010564593266903e-02 0.000000000000000000e+00 0.000000000000000000e+00
1.715002674971324682e+09 6.343288161250237867e-03 1.000000000000000000e+00 0.000000000000000000e+00 0.000000000000000000e+00 0.000000000000000000e+00 0.000000000000000000e+00 0.000000000000000000e+00 -3.397459621556142562e-02 6.411010564593266903e-02 0.000000000000000000e+00 0.000000000000000000e+00
1.715002674981812239e+09 6.343288161250237867e-03 1.000000000000000000e+00 0.000000000000000000e+00 0.000000000000000000e+00 0.000000000000000000e+00 0.000000000000000000e+00 0.000000000000000000e+00 -3.397459621556142562e-02 6.411010564593266903e-02 0.000000000000000000e+00 0.000000000000000000e+00
1.715002674992288351e+09 6.343288161250237867e-03 1.000000000000000000e+00 0.000000000000000000e+00 0.000000000000000000e+00 0.000000000000000000e+00 0.000000000000000000e+00 0.000000000000000000e+00 -3.397459621556142562e-02 6.411010564593266903e-02 0.000000000000000000e+00 0.000000000000000000e+00
1.715002675002382040e+09 6.343288161250237867e-03 1.000000000000000000e+00 0.000000000000000000e+00 0.000000000000000000e+00 0.000000000000000000e+00 0.000000000000000000e+00 0.000000000000000000e+00 -3.397459621556142562e-02 6.411010564593266903e-02 0.000000000000000000e+00 0.000000000000000000e+00
1.715002675013463259e+09 6.343288161250237867e-03 1.000000000000000000e+00 0.000000000000000000e+00 0.000000000000000000e+00 0.000000000000000000e+00 0.000000000000000000e+00 0.000000000000000000e+00 -3.397459621556142562e-02 6.411010564593266903e-02 0.000000000000000000e+00 0.000000000000000000e+00
1.715002675023896456e+09 6.343288161250237867e-03 1.000000000000000000e+00 0.000000000000000000e+00 0.000000000000000000e+00 0.000000000000000000e+00 0.000000000000000000e+00 0.000000000000000000e+00 -3.397459621556142562e-02 6.411010564593266903e-02 0.000000000000000000e+00 0.000000000000000000e+00
1.715002675035524607e+09 6.343288161250237867e-03 1.000000000000000000e+00 0.000000000000000000e+00 0.000000000000000000e+00 0.000000000000000000e+00 0.000000000000000000e+00 0.000000000000000000e+00 -3.397459621556142562e-02 6.411010564593266903e-02 0.000000000000000000e+00 0.000000000000000000e+00
1.715002675043538570e+09 6.343288161250237867e-03 1.000000000000000000e+00 0.000000000000000000e+00 0.000000000000000000e+00 0.000000000000000000e+00 0.000000000000000000e+00 0.000000000000000000e+00 -3.397459621556142562e-02 6.411010564593266903e-02 0.000000000000000000e+00 0.000000000000000000e+00
1.715002675053137541e+09 6.343288161250237867e-03 1.000000000000000000e+00 0.000000000000000000e+00 0.000000000000000000e+00 0.000000000000000000e+00 0.000000000000000000e+00 0.000000000000000000e+00 -3.397459621556142562e-02 6.411010564593266903e-02 0.000000000000000000e+00 0.000000000000000000e+00
1.715002675062823534e+09 6.343288161250237867e-03 1.000000000000000000e+00 0.000000000000000000e+00 0.000000000000000000e+00 0.000000000000000000e+00 0.000000000000000000e+00 0.000000000000000000e+00 -3.397459621556142562e-02 6.411010564593266903e-02 0.000000000000000000e+00 0.000000000000000000e+00
1.715002675073235989e+09 6.343288161250237867e-03 1.000000000000000000e+00 0.000000000000000000e+00 0.000000000000000000e+00 0.000000000000000000e+00 0.000000000000000000e+00 0.000000000000000000e+00 -3.397459621556142562e-02 6.411010564593266903e-02 0.000000000000000000e+00 0.000000000000000000e+00
1.715002675082996607e+09 6.343288161250237867e-03 1.000000000000000000e+00 0.000000000000000000e+00 0.000000000000000000e+00 0.000000000000000000e+00 0.000000000000000000e+00 0.000000000000000000e+00 -3.397459621556142562e-02 6.411010564593266903e-02 0.000000000000000000e+00 0.000000000000000000e+00
1.715002675093049288e+09 6.343288161250237867e-03 1.000000000000000000e+00 0.000000000000000000e+00 0.000000000000000000e+00 0.000000000000000000e+00 0.000000000000000000e+00 0.000000000000000000e+00 -3.397459621556142562e-02 6.411010564593266903e-02 0.000000000000000000e+00 0.000000000000000000e+00
1.715002675102984905e+09 6.343288161250237867e-03 1.000000000000000000e+00 0.000000000000000000e+00 0.000000000000000000e+00 0.000000000000000000e+00 0.000000000000000000e+00 0.000000000000000000e+00 -3.397459621556142562e-02 6.411010564593266903e-02 0.000000000000000000e+00 0.000000000000000000e+00
1.715002675113023520e+09 6.343288161250237867e-03 1.000000000000000000e+00 0.000000000000000000e+00 0.000000000000000000e+00 0.000000000000000000e+00 0.000000000000000000e+00 0.000000000000000000e+00 -3.397459621556142562e-02 6.411010564593266903e-02 0.000000000000000000e+00 0.000000000000000000e+00
1.715002675123361588e+09 6.343288161250237867e-03 1.000000000000000000e+00 0.000000000000000000e+00 0.000000000000000000e+00 0.000000000000000000e+00 0.000000000000000000e+00 0.000000000000000000e+00 -3.397459621556142562e-02 6.411010564593266903e-02 0.000000000000000000e+00 0.000000000000000000e+00
1.715002675133033752e+09 6.343288161250237867e-03 1.000000000000000000e+00 0.000000000000000000e+00 0.000000000000000000e+00 0.000000000000000000e+00 0.000000000000000000e+00 0.000000000000000000e+00 -3.397459621556142562e-02 6.411010564593266903e-02 0.000000000000000000e+00 0.000000000000000000e+00
1.715002675142372131e+09 6.343288161250237867e-03 1.000000000000000000e+00 0.000000000000000000e+00 0.000000000000000000e+00 0.000000000000000000e+00 0.000000000000000000e+00 0.000000000000000000e+00 -3.397459621556142562e-02 6.411010564593266903e-02 0.000000000000000000e+00 0.000000000000000000e+00
1.715002675152364492e+09 6.343288161250237867e-03 1.000000000000000000e+00 0.000000000000000000e+00 0.000000000000000000e+00 0.000000000000000000e+00 0.000000000000000000e+00 0.000000000000000000e+00 -3.397459621556142562e-02 6.411010564593266903e-02 0.000000000000000000e+00 0.000000000000000000e+00
1.715002675162063360e+09 6.343288161250237867e-03 1.000000000000000000e+00 0.000000000000000000e+00 0.000000000000000000e+00 0.000000000000000000e+00 0.000000000000000000e+00 0.000000000000000000e+00 -3.397459621556142562e-02 6.411010564593266903e-02 0.000000000000000000e+00 0.000000000000000000e+00
1.715002675170915604e+09 6.343288161250237867e-03 1.000000000000000000e+00 0.000000000000000000e+00 0.000000000000000000e+00 0.000000000000000000e+00 0.000000000000000000e+00 0.000000000000000000e+00 -3.397459621556142562e-02 6.411010564593266903e-02 0.000000000000000000e+00 0.000000000000000000e+00
1.715002675181647778e+09 6.343288161250237867e-03 1.000000000000000000e+00 0.000000000000000000e+00 0.000000000000000000e+00 0.000000000000000000e+00 0.000000000000000000e+00 0.000000000000000000e+00 -3.397459621556142562e-02 6.411010564593266903e-02 0.000000000000000000e+00 0.000000000000000000e+00
1.715002675193672180e+09 6.343288161250237867e-03 1.000000000000000000e+00 0.000000000000000000e+00 0.000000000000000000e+00 0.000000000000000000e+00 0.000000000000000000e+00 0.000000000000000000e+00 -3.397459621556142562e-02 6.411010564593266903e-02 0.000000000000000000e+00 0.000000000000000000e+00
1.715002675203629971e+09 6.343288161250237867e-03 1.000000000000000000e+00 0.000000000000000000e+00 0.000000000000000000e+00 0.000000000000000000e+00 0.000000000000000000e+00 0.000000000000000000e+00 -3.397459621556142562e-02 6.411010564593266903e-02 0.000000000000000000e+00 0.000000000000000000e+00
1.715002675213648558e+09 6.343288161250237867e-03 1.000000000000000000e+00 0.000000000000000000e+00 0.000000000000000000e+00 0.000000000000000000e+00 0.000000000000000000e+00 0.000000000000000000e+00 -3.397459621556142562e-02 6.411010564593266903e-02 0.000000000000000000e+00 0.000000000000000000e+00
1.715002675223585367e+09 6.343288161250237867e-03 1.000000000000000000e+00 0.000000000000000000e+00 0.000000000000000000e+00 0.000000000000000000e+00 0.000000000000000000e+00 0.000000000000000000e+00 -3.397459621556142562e-02 6.411010564593266903e-02 0.000000000000000000e+00 0.000000000000000000e+00
1.715002675234060287e+09 6.343288161250237867e-03 1.000000000000000000e+00 0.000000000000000000e+00 0.000000000000000000e+00 0.000000000000000000e+00 0.000000000000000000e+00 0.000000000000000000e+00 -3.397459621556142562e-02 6.411010564593266903e-02 0.000000000000000000e+00 0.000000000000000000e+00
1.715002675243517637e+09 6.343288161250237867e-03 1.000000000000000000e+00 0.000000000000000000e+00 0.000000000000000000e+00 0.000000000000000000e+00 0.000000000000000000e+00 0.000000000000000000e+00 -3.397459621556142562e-02 6.411010564593266903e-02 0.000000000000000000e+00 0.000000000000000000e+00
1.715002675254297733e+09 6.343288161250237867e-03 1.000000000000000000e+00 0.000000000000000000e+00 0.000000000000000000e+00 0.000000000000000000e+00 0.000000000000000000e+00 0.000000000000000000e+00 -3.397459621556142562e-02 6.411010564593266903e-02 0.000000000000000000e+00 0.000000000000000000e+00
1.715002675260946512e+09 6.343288161250237867e-03 1.000000000000000000e+00 0.000000000000000000e+00 0.000000000000000000e+00 0.000000000000000000e+00 0.000000000000000000e+00 0.000000000000000000e+00 -3.397459621556142562e-02 6.411010564593266903e-02 0.000000000000000000e+00 0.000000000000000000e+00
1.715002675272433519e+09 6.343288161250237867e-03 1.000000000000000000e+00 0.000000000000000000e+00 0.000000000000000000e+00 0.000000000000000000e+00 0.000000000000000000e+00 0.000000000000000000e+00 -3.397459621556142562e-02 6.411010564593266903e-02 0.000000000000000000e+00 0.000000000000000000e+00
1.715002675282715797e+09 6.343288161250237867e-03 1.000000000000000000e+00 0.000000000000000000e+00 0.000000000000000000e+00 0.000000000000000000e+00 0.000000000000000000e+00 0.000000000000000000e+00 -3.397459621556142562e-02 6.411010564593266903e-02 0.000000000000000000e+00 0.000000000000000000e+00
1.715002675292776585e+09 6.343288161250237867e-03 1.000000000000000000e+00 0.000000000000000000e+00 0.000000000000000000e+00 0.000000000000000000e+00 0.000000000000000000e+00 0.000000000000000000e+00 -3.397459621556142562e-02 6.411010564593266903e-02 0.000000000000000000e+00 0.000000000000000000e+00
1.715002675303356886e+09 6.343288161250237867e-03 1.000000000000000000e+00 0.000000000000000000e+00 0.000000000000000000e+00 0.000000000000000000e+00 0.000000000000000000e+00 0.000000000000000000e+00 -3.397459621556142562e-02 6.411010564593266903e-02 0.000000000000000000e+00 0.000000000000000000e+00
1.715002675314470053e+09 6.343288161250237867e-03 1.000000000000000000e+00 0.000000000000000000e+00 0.000000000000000000e+00 0.000000000000000000e+00 0.000000000000000000e+00 0.000000000000000000e+00 -3.397459621556142562e-02 6.411010564593266903e-02 0.000000000000000000e+00 0.000000000000000000e+00
1.715002675323775768e+09 6.343288161250237867e-03 1.000000000000000000e+00 0.000000000000000000e+00 0.000000000000000000e+00 0.000000000000000000e+00 0.000000000000000000e+00 0.000000000000000000e+00 -3.397459621556142562e-02 6.411010564593266903e-02 0.000000000000000000e+00 0.000000000000000000e+00
1.715002675334284306e+09 6.343288161250237867e-03 1.000000000000000000e+00 0.000000000000000000e+00 0.000000000000000000e+00 0.000000000000000000e+00 0.000000000000000000e+00 0.000000000000000000e+00 -3.397459621556142562e-02 6.411010564593266903e-02 0.000000000000000000e+00 0.000000000000000000e+00
1.715002675343470335e+09 6.343288161250237867e-03 1.000000000000000000e+00 0.000000000000000000e+00 0.000000000000000000e+00 0.000000000000000000e+00 0.000000000000000000e+00 0.000000000000000000e+00 -3.397459621556142562e-02 6.411010564593266903e-02 0.000000000000000000e+00 0.000000000000000000e+00
1.715002675353357315e+09 6.343288161250237867e-03 1.000000000000000000e+00 0.000000000000000000e+00 0.000000000000000000e+00 0.000000000000000000e+00 0.000000000000000000e+00 0.000000000000000000e+00 -3.397459621556142562e-02 6.411010564593266903e-02 0.000000000000000000e+00 0.000000000000000000e+00
1.715002675363471270e+09 6.343288161250237867e-03 1.000000000000000000e+00 0.000000000000000000e+00 0.000000000000000000e+00 0.000000000000000000e+00 0.000000000000000000e+00 0.000000000000000000e+00 -3.397459621556142562e-02 6.411010564593266903e-02 0.000000000000000000e+00 0.000000000000000000e+00
1.715002675373648167e+09 6.343288161250237867e-03 1.000000000000000000e+00 0.000000000000000000e+00 0.000000000000000000e+00 0.000000000000000000e+00 0.000000000000000000e+00 0.000000000000000000e+00 -3.397459621556142562e-02 6.411010564593266903e-02 0.000000000000000000e+00 0.000000000000000000e+00
1.715002675383339405e+09 6.343288161250237867e-03 1.000000000000000000e+00 0.000000000000000000e+00 0.000000000000000000e+00 0.000000000000000000e+00 0.000000000000000000e+00 0.000000000000000000e+00 -3.397459621556142562e-02 6.411010564593266903e-02 0.000000000000000000e+00 0.000000000000000000e+00
1.715002675393712997e+09 6.343288161250237867e-03 1.000000000000000000e+00 0.000000000000000000e+00 0.000000000000000000e+00 0.000000000000000000e+00 0.000000000000000000e+00 0.000000000000000000e+00 -3.397459621556142562e-02 6.411010564593266903e-02 0.000000000000000000e+00 0.000000000000000000e+00
1.715002675403436422e+09 6.343288161250237867e-03 1.000000000000000000e+00 0.000000000000000000e+00 0.000000000000000000e+00 0.000000000000000000e+00 0.000000000000000000e+00 0.000000000000000000e+00 -3.397459621556142562e-02 6.411010564593266903e-02 0.000000000000000000e+00 0.000000000000000000e+00
1.715002675412618637e+09 6.343288161250237867e-03 1.000000000000000000e+00 0.000000000000000000e+00 0.000000000000000000e+00 0.000000000000000000e+00 0.000000000000000000e+00 0.000000000000000000e+00 -3.397459621556142562e-02 6.411010564593266903e-02 0.000000000000000000e+00 0.000000000000000000e+00
1.715002675422012091e+09 6.343288161250237867e-03 1.000000000000000000e+00 0.000000000000000000e+00 0.000000000000000000e+00 0.000000000000000000e+00 0.000000000000000000e+00 0.000000000000000000e+00 -3.397459621556142562e-02 6.411010564593266903e-02 0.000000000000000000e+00 0.000000000000000000e+00
1.715002675431367874e+09 6.343288161250237867e-03 1.000000000000000000e+00 0.000000000000000000e+00 0.000000000000000000e+00 0.000000000000000000e+00 0.000000000000000000e+00 0.000000000000000000e+00 -3.397459621556142562e-02 6.411010564593266903e-02 0.000000000000000000e+00 0.000000000000000000e+00
1.715002675441375017e+09 6.343288161250237867e-03 1.000000000000000000e+00 0.000000000000000000e+00 0.000000000000000000e+00 0.000000000000000000e+00 0.000000000000000000e+00 0.000000000000000000e+00 -3.397459621556142562e-02 6.411010564593266903e-02 0.000000000000000000e+00 0.000000000000000000e+00
1.715002675451346397e+09 6.343288161250237867e-03 1.000000000000000000e+00 0.000000000000000000e+00 0.000000000000000000e+00 0.000000000000000000e+00 0.000000000000000000e+00 0.000000000000000000e+00 -3.397459621556142562e-02 6.411010564593266903e-02 0.000000000000000000e+00 0.000000000000000000e+00
1.715002675460596561e+09 6.343288161250237867e-03 1.000000000000000000e+00 0.000000000000000000e+00 0.000000000000000000e+00 0.000000000000000000e+00 0.000000000000000000e+00 0.000000000000000000e+00 -3.397459621556142562e-02 6.411010564593266903e-02 0.000000000000000000e+00 0.000000000000000000e+00
1.715002675475014687e+09 6.343288161250237867e-03 1.000000000000000000e+00 0.000000000000000000e+00 0.000000000000000000e+00 0.000000000000000000e+00 0.000000000000000000e+00 0.000000000000000000e+00 -3.397459621556142562e-02 6.411010564593266903e-02 0.000000000000000000e+00 0.000000000000000000e+00
1.715002675483464241e+09 6.343288161250237867e-03 1.000000000000000000e+00 0.000000000000000000e+00 0.000000000000000000e+00 0.000000000000000000e+00 0.000000000000000000e+00 0.000000000000000000e+00 -3.397459621556142562e-02 6.411010564593266903e-02 0.000000000000000000e+00 0.000000000000000000e+00
1.715002675491521358e+09 6.343288161250237867e-03 1.000000000000000000e+00 0.000000000000000000e+00 0.000000000000000000e+00 0.000000000000000000e+00 0.000000000000000000e+00 0.000000000000000000e+00 -3.397459621556142562e-02 6.411010564593266903e-02 0.000000000000000000e+00 0.000000000000000000e+00
1.715002675503846407e+09 6.343288161250237867e-03 1.000000000000000000e+00 0.000000000000000000e+00 0.000000000000000000e+00 0.000000000000000000e+00 0.000000000000000000e+00 0.000000000000000000e+00 -3.397459621556142562e-02 6.411010564593266903e-02 0.000000000000000000e+00 0.000000000000000000e+00
1.715002675512038946e+09 6.343288161250237867e-03 1.000000000000000000e+00 0.000000000000000000e+00 0.000000000000000000e+00 0.000000000000000000e+00 0.000000000000000000e+00 0.000000000000000000e+00 -3.397459621556142562e-02 6.411010564593266903e-02 0.000000000000000000e+00 0.000000000000000000e+00
1.715002675523038387e+09 6.343288161250237867e-03 1.000000000000000000e+00 0.000000000000000000e+00 0.000000000000000000e+00 0.000000000000000000e+00 0.000000000000000000e+00 0.000000000000000000e+00 -3.397459621556142562e-02 6.411010564593266903e-02 0.000000000000000000e+00 0.000000000000000000e+00
1.715002675532992363e+09 6.343288161250237867e-03 1.000000000000000000e+00 0.000000000000000000e+00 0.000000000000000000e+00 0.000000000000000000e+00 0.000000000000000000e+00 0.000000000000000000e+00 -3.397459621556142562e-02 6.411010564593266903e-02 0.000000000000000000e+00 0.000000000000000000e+00
1.715002675543152332e+09 6.343288161250237867e-03 1.000000000000000000e+00 0.000000000000000000e+00 0.000000000000000000e+00 0.000000000000000000e+00 0.000000000000000000e+00 0.000000000000000000e+00 -3.397459621556142562e-02 6.411010564593266903e-02 0.000000000000000000e+00 0.000000000000000000e+00
1.715002675553153992e+09 6.343288161250237867e-03 1.000000000000000000e+00 0.000000000000000000e+00 0.000000000000000000e+00 0.000000000000000000e+00 0.000000000000000000e+00 0.000000000000000000e+00 -3.397459621556142562e-02 6.411010564593266903e-02 0.000000000000000000e+00 0.000000000000000000e+00
1.715002675563121557e+09 6.343288161250237867e-03 1.000000000000000000e+00 0.000000000000000000e+00 0.000000000000000000e+00 0.000000000000000000e+00 0.000000000000000000e+00 0.000000000000000000e+00 -3.397459621556142562e-02 6.411010564593266903e-02 0.000000000000000000e+00 0.000000000000000000e+00
1.715002675574573278e+09 6.343288161250237867e-03 1.000000000000000000e+00 0.000000000000000000e+00 0.000000000000000000e+00 0.000000000000000000e+00 0.000000000000000000e+00 0.000000000000000000e+00 -3.397459621556142562e-02 6.411010564593266903e-02 0.000000000000000000e+00 0.000000000000000000e+00
1.715002675584450960e+09 6.343288161250237867e-03 1.000000000000000000e+00 0.000000000000000000e+00 0.000000000000000000e+00 0.000000000000000000e+00 0.000000000000000000e+00 0.000000000000000000e+00 -3.397459621556142562e-02 6.411010564593266903e-02 0.000000000000000000e+00 0.000000000000000000e+00
1.715002675596406460e+09 6.343288161250237867e-03 1.000000000000000000e+00 0.000000000000000000e+00 0.000000000000000000e+00 0.000000000000000000e+00 0.000000000000000000e+00 0.000000000000000000e+00 -3.397459621556142562e-02 6.411010564593266903e-02 0.000000000000000000e+00 0.000000000000000000e+00
1.715002675602677822e+09 6.343288161250237867e-03 1.000000000000000000e+00 0.000000000000000000e+00 0.000000000000000000e+00 0.000000000000000000e+00 0.000000000000000000e+00 0.000000000000000000e+00 -3.397459621556142562e-02 6.411010564593266903e-02 0.000000000000000000e+00 0.000000000000000000e+00
1.715002675611187220e+09 6.343288161250237867e-03 1.000000000000000000e+00 0.000000000000000000e+00 0.000000000000000000e+00 0.000000000000000000e+00 0.000000000000000000e+00 0.000000000000000000e+00 -3.397459621556142562e-02 6.411010564593266903e-02 0.000000000000000000e+00 0.000000000000000000e+00
1.715002675623134375e+09 6.343288161250237867e-03 1.000000000000000000e+00 0.000000000000000000e+00 0.000000000000000000e+00 0.000000000000000000e+00 0.000000000000000000e+00 0.000000000000000000e+00 -3.397459621556142562e-02 6.411010564593266903e-02 0.000000000000000000e+00 0.000000000000000000e+00
1.715002675632967234e+09 6.343288161250237867e-03 1.000000000000000000e+00 0.000000000000000000e+00 0.000000000000000000e+00 0.000000000000000000e+00 0.000000000000000000e+00 0.000000000000000000e+00 -3.397459621556142562e-02 6.411010564593266903e-02 0.000000000000000000e+00 0.000000000000000000e+00
1.715002675643027782e+09 6.343288161250237867e-03 1.000000000000000000e+00 0.000000000000000000e+00 0.000000000000000000e+00 0.000000000000000000e+00 0.000000000000000000e+00 0.000000000000000000e+00 -3.397459621556142562e-02 6.411010564593266903e-02 0.000000000000000000e+00 0.000000000000000000e+00
1.715002675653485060e+09 6.343288161250237867e-03 1.000000000000000000e+00 0.000000000000000000e+00 0.000000000000000000e+00 0.000000000000000000e+00 0.000000000000000000e+00 0.000000000000000000e+00 -3.397459621556142562e-02 6.411010564593266903e-02 0.000000000000000000e+00 0.000000000000000000e+00
1.715002675660820484e+09 6.343288161250237867e-03 1.000000000000000000e+00 0.000000000000000000e+00 0.000000000000000000e+00 0.000000000000000000e+00 0.000000000000000000e+00 0.000000000000000000e+00 -3.397459621556142562e-02 6.411010564593266903e-02 0.000000000000000000e+00 0.000000000000000000e+00
1.715002675670728922e+09 6.343288161250237867e-03 1.000000000000000000e+00 0.000000000000000000e+00 0.000000000000000000e+00 0.000000000000000000e+00 0.000000000000000000e+00 0.000000000000000000e+00 -3.397459621556142562e-02 6.411010564593266903e-02 0.000000000000000000e+00 0.000000000000000000e+00
1.715002675680903435e+09 6.343288161250237867e-03 1.000000000000000000e+00 0.000000000000000000e+00 0.000000000000000000e+00 0.000000000000000000e+00 0.000000000000000000e+00 0.000000000000000000e+00 -3.397459621556142562e-02 6.411010564593266903e-02 0.000000000000000000e+00 0.000000000000000000e+00
1.715002675690879345e+09 6.343288161250237867e-03 1.000000000000000000e+00 0.000000000000000000e+00 0.000000000000000000e+00 0.000000000000000000e+00 0.000000000000000000e+00 0.000000000000000000e+00 -3.397459621556142562e-02 6.411010564593266903e-02 0.000000000000000000e+00 0.000000000000000000e+00
1.715002675701593399e+09 6.343288161250237867e-03 1.000000000000000000e+00 0.000000000000000000e+00 0.000000000000000000e+00 0.000000000000000000e+00 0.000000000000000000e+00 0.000000000000000000e+00 -3.397459621556142562e-02 6.411010564593266903e-02 0.000000000000000000e+00 0.000000000000000000e+00
1.715002675711737394e+09 6.343288161250237867e-03 1.000000000000000000e+00 0.000000000000000000e+00 0.000000000000000000e+00 0.000000000000000000e+00 0.000000000000000000e+00 0.000000000000000000e+00 -3.397459621556142562e-02 6.411010564593266903e-02 0.000000000000000000e+00 0.000000000000000000e+00
1.715002675724400759e+09 6.343288161250237867e-03 1.000000000000000000e+00 0.000000000000000000e+00 0.000000000000000000e+00 0.000000000000000000e+00 0.000000000000000000e+00 0.000000000000000000e+00 -3.397459621556142562e-02 6.411010564593266903e-02 0.000000000000000000e+00 0.000000000000000000e+00
1.715002675730555058e+09 6.343288161250237867e-03 1.000000000000000000e+00 0.000000000000000000e+00 0.000000000000000000e+00 0.000000000000000000e+00 0.000000000000000000e+00 0.000000000000000000e+00 -3.397459621556142562e-02 6.411010564593266903e-02 0.000000000000000000e+00 0.000000000000000000e+00
1.715002675740729809e+09 6.343288161250237867e-03 1.000000000000000000e+00 0.000000000000000000e+00 0.000000000000000000e+00 0.000000000000000000e+00 0.000000000000000000e+00 0.000000000000000000e+00 -3.397459621556142562e-02 6.411010564593266903e-02 0.000000000000000000e+00 0.000000000000000000e+00
1.715002675753744602e+09 6.343288161250237867e-03 1.000000000000000000e+00 0.000000000000000000e+00 0.000000000000000000e+00 0.000000000000000000e+00 0.000000000000000000e+00 0.000000000000000000e+00 -3.397459621556142562e-02 6.411010564593266903e-02 0.000000000000000000e+00 0.000000000000000000e+00
1.715002675763674736e+09 6.343288161250237867e-03 1.000000000000000000e+00 0.000000000000000000e+00 0.000000000000000000e+00 0.000000000000000000e+00 0.000000000000000000e+00 0.000000000000000000e+00 -3.397459621556142562e-02 6.411010564593266903e-02 0.000000000000000000e+00 0.000000000000000000e+00
1.715002675773530245e+09 6.343288161250237867e-03 1.000000000000000000e+00 0.000000000000000000e+00 0.000000000000000000e+00 0.000000000000000000e+00 0.000000000000000000e+00 0.000000000000000000e+00 -3.397459621556142562e-02 6.411010564593266903e-02 0.000000000000000000e+00 0.000000000000000000e+00
1.715002675783326149e+09 6.343288161250237867e-03 1.000000000000000000e+00 0.000000000000000000e+00 0.000000000000000000e+00 0.000000000000000000e+00 0.000000000000000000e+00 0.000000000000000000e+00 -3.397459621556142562e-02 6.411010564593266903e-02 0.000000000000000000e+00 0.000000000000000000e+00
1.715002675793521404e+09 6.343288161250237867e-03 1.000000000000000000e+00 0.000000000000000000e+00 0.000000000000000000e+00 0.000000000000000000e+00 0.000000000000000000e+00 0.000000000000000000e+00 -3.397459621556142562e-02 6.411010564593266903e-02 0.000000000000000000e+00 0.000000000000000000e+00
1.715002675803487539e+09 6.343288161250237867e-03 1.000000000000000000e+00 0.000000000000000000e+00 0.000000000000000000e+00 0.000000000000000000e+00 0.000000000000000000e+00 0.000000000000000000e+00 -3.397459621556142562e-02 6.411010564593266903e-02 0.000000000000000000e+00 0.000000000000000000e+00
1.715002675811504602e+09 6.343288161250237867e-03 1.000000000000000000e+00 0.000000000000000000e+00 0.000000000000000000e+00 0.000000000000000000e+00 0.000000000000000000e+00 0.000000000000000000e+00 -3.397459621556142562e-02 6.411010564593266903e-02 0.000000000000000000e+00 0.000000000000000000e+00
1.715002675822638273e+09 6.343288161250237867e-03 1.000000000000000000e+00 0.000000000000000000e+00 0.000000000000000000e+00 0.000000000000000000e+00 0.000000000000000000e+00 0.000000000000000000e+00 -3.397459621556142562e-02 6.411010564593266903e-02 0.000000000000000000e+00 0.000000000000000000e+00
1.715002675832152128e+09 6.343288161250237867e-03 1.000000000000000000e+00 0.000000000000000000e+00 0.000000000000000000e+00 0.000000000000000000e+00 0.000000000000000000e+00 0.000000000000000000e+00 -3.397459621556142562e-02 6.411010564593266903e-02 0.000000000000000000e+00 0.000000000000000000e+00
1.715002675841577768e+09 6.343288161250237867e-03 1.000000000000000000e+00 0.000000000000000000e+00 0.000000000000000000e+00 0.000000000000000000e+00 0.000000000000000000e+00 0.000000000000000000e+00 -3.397459621556142562e-02 6.411010564593266903e-02 0.000000000000000000e+00 0.000000000000000000e+00
1.715002675853173256e+09 6.343288161250237867e-03 1.000000000000000000e+00 0.000000000000000000e+00 0.000000000000000000e+00 0.000000000000000000e+00 0.000000000000000000e+00 0.000000000000000000e+00 -3.397459621556142562e-02 6.411010564593266903e-02 0.000000000000000000e+00 0.000000000000000000e+00
1.715002675862082958e+09 6.343288161250237867e-03 1.000000000000000000e+00 0.000000000000000000e+00 0.000000000000000000e+00 0.000000000000000000e+00 0.000000000000000000e+00 0.000000000000000000e+00 -3.397459621556142562e-02 6.411010564593266903e-02 0.000000000000000000e+00 0.000000000000000000e+00
1.715002675870717287e+09 6.343288161250237867e-03 1.000000000000000000e+00 0.000000000000000000e+00 0.000000000000000000e+00 0.000000000000000000e+00 0.000000000000000000e+00 0.000000000000000000e+00 -3.397459621556142562e-02 6.411010564593266903e-02 0.000000000000000000e+00 0.000000000000000000e+00
1.715002675880465269e+09 6.343288161250237867e-03 1.000000000000000000e+00 0.000000000000000000e+00 0.000000000000000000e+00 0.000000000000000000e+00 0.000000000000000000e+00 0.000000000000000000e+00 -3.397459621556142562e-02 6.411010564593266903e-02 0.000000000000000000e+00 0.000000000000000000e+00
1.715002675891193390e+09 6.343288161250237867e-03 1.000000000000000000e+00 0.000000000000000000e+00 0.000000000000000000e+00 0.000000000000000000e+00 0.000000000000000000e+00 0.000000000000000000e+00 -3.397459621556142562e-02 6.411010564593266903e-02 0.000000000000000000e+00 0.000000000000000000e+00
1.715002675900470734e+09 6.343288161250237867e-03 1.000000000000000000e+00 0.000000000000000000e+00 0.000000000000000000e+00 0.000000000000000000e+00 0.000000000000000000e+00 0.000000000000000000e+00 -3.397459621556142562e-02 6.411010564593266903e-02 0.000000000000000000e+00 0.000000000000000000e+00
1.715002675910695314e+09 6.343288161250237867e-03 1.000000000000000000e+00 0.000000000000000000e+00 0.000000000000000000e+00 0.000000000000000000e+00 0.000000000000000000e+00 0.000000000000000000e+00 -3.397459621556142562e-02 6.411010564593266903e-02 0.000000000000000000e+00 0.000000000000000000e+00
1.715002675921183586e+09 6.343288161250237867e-03 1.000000000000000000e+00 0.000000000000000000e+00 0.000000000000000000e+00 0.000000000000000000e+00 0.000000000000000000e+00 0.000000000000000000e+00 -3.397459621556142562e-02 6.411010564593266903e-02 0.000000000000000000e+00 0.000000000000000000e+00
1.715002675931751966e+09 6.343288161250237867e-03 1.000000000000000000e+00 0.000000000000000000e+00 0.000000000000000000e+00 0.000000000000000000e+00 0.000000000000000000e+00 0.000000000000000000e+00 -3.397459621556142562e-02 6.411010564593266903e-02 0.000000000000000000e+00 0.000000000000000000e+00
1.715002675941059113e+09 6.343288161250237867e-03 1.000000000000000000e+00 0.000000000000000000e+00 0.000000000000000000e+00 0.000000000000000000e+00 0.000000000000000000e+00 0.000000000000000000e+00 -3.397459621556142562e-02 6.411010564593266903e-02 0.000000000000000000e+00 0.000000000000000000e+00
1.715002675951239109e+09 6.343288161250237867e-03 1.000000000000000000e+00 0.000000000000000000e+00 0.000000000000000000e+00 0.000000000000000000e+00 0.000000000000000000e+00 0.000000000000000000e+00 -3.397459621556142562e-02 6.411010564593266903e-02 0.000000000000000000e+00 0.000000000000000000e+00
1.715002675962332726e+09 6.343288161250237867e-03 1.000000000000000000e+00 0.000000000000000000e+00 0.000000000000000000e+00 0.000000000000000000e+00 0.000000000000000000e+00 0.000000000000000000e+00 -3.397459621556142562e-02 6.411010564593266903e-02 0.000000000000000000e+00 0.000000000000000000e+00
1.715002675970505476e+09 6.343288161250237867e-03 1.000000000000000000e+00 0.000000000000000000e+00 0.000000000000000000e+00 0.000000000000000000e+00 0.000000000000000000e+00 0.000000000000000000e+00 -3.397459621556142562e-02 6.411010564593266903e-02 0.000000000000000000e+00 0.000000000000000000e+00
1.715002675981083870e+09 6.343288161250237867e-03 1.000000000000000000e+00 0.000000000000000000e+00 0.000000000000000000e+00 0.000000000000000000e+00 0.000000000000000000e+00 0.000000000000000000e+00 -3.397459621556142562e-02 6.411010564593266903e-02 0.000000000000000000e+00 0.000000000000000000e+00
1.715002675993569613e+09 6.343288161250237867e-03 1.000000000000000000e+00 0.000000000000000000e+00 0.000000000000000000e+00 0.000000000000000000e+00 0.000000000000000000e+00 0.000000000000000000e+00 -3.397459621556142562e-02 6.411010564593266903e-02 0.000000000000000000e+00 0.000000000000000000e+00
1.715002676003829718e+09 6.343288161250237867e-03 1.000000000000000000e+00 0.000000000000000000e+00 0.000000000000000000e+00 0.000000000000000000e+00 0.000000000000000000e+00 0.000000000000000000e+00 -3.397459621556142562e-02 6.411010564593266903e-02 0.000000000000000000e+00 0.000000000000000000e+00
1.715002676013417721e+09 6.343288161250237867e-03 1.000000000000000000e+00 0.000000000000000000e+00 0.000000000000000000e+00 0.000000000000000000e+00 0.000000000000000000e+00 0.000000000000000000e+00 -3.397459621556142562e-02 6.411010564593266903e-02 0.000000000000000000e+00 0.000000000000000000e+00
1.715002676020848036e+09 6.343288161250237867e-03 1.000000000000000000e+00 0.000000000000000000e+00 0.000000000000000000e+00 0.000000000000000000e+00 0.000000000000000000e+00 0.000000000000000000e+00 -3.397459621556142562e-02 6.411010564593266903e-02 0.000000000000000000e+00 0.000000000000000000e+00
1.715002676030131817e+09 6.343288161250237867e-03 1.000000000000000000e+00 0.000000000000000000e+00 0.000000000000000000e+00 0.000000000000000000e+00 0.000000000000000000e+00 0.000000000000000000e+00 -3.397459621556142562e-02 6.411010564593266903e-02 0.000000000000000000e+00 0.000000000000000000e+00
1.715002676040741920e+09 6.343288161250237867e-03 1.000000000000000000e+00 0.000000000000000000e+00 0.000000000000000000e+00 0.000000000000000000e+00 0.000000000000000000e+00 0.000000000000000000e+00 -3.397459621556142562e-02 6.411010564593266903e-02 0.000000000000000000e+00 0.000000000000000000e+00
1.715002676052539825e+09 6.343288161250237867e-03 1.000000000000000000e+00 0.000000000000000000e+00 0.000000000000000000e+00 0.000000000000000000e+00 0.000000000000000000e+00 0.000000000000000000e+00 -3.397459621556142562e-02 6.411010564593266903e-02 0.000000000000000000e+00 0.000000000000000000e+00
1.715002676060430527e+09 6.343288161250237867e-03 1.000000000000000000e+00 0.000000000000000000e+00 0.000000000000000000e+00 0.000000000000000000e+00 0.000000000000000000e+00 0.000000000000000000e+00 -3.397459621556142562e-02 6.411010564593266903e-02 0.000000000000000000e+00 0.000000000000000000e+00
1.715002676071001530e+09 6.343288161250237867e-03 1.000000000000000000e+00 0.000000000000000000e+00 0.000000000000000000e+00 0.000000000000000000e+00 0.000000000000000000e+00 0.000000000000000000e+00 -3.397459621556142562e-02 6.411010564593266903e-02 0.000000000000000000e+00 0.000000000000000000e+00
1.715002676083977938e+09 6.343288161250237867e-03 1.000000000000000000e+00 0.000000000000000000e+00 0.000000000000000000e+00 0.000000000000000000e+00 0.000000000000000000e+00 0.000000000000000000e+00 -3.397459621556142562e-02 6.411010564593266903e-02 0.000000000000000000e+00 0.000000000000000000e+00
1.715002676091311455e+09 6.343288161250237867e-03 1.000000000000000000e+00 0.000000000000000000e+00 0.000000000000000000e+00 0.000000000000000000e+00 0.000000000000000000e+00 0.000000000000000000e+00 -3.397459621556142562e-02 6.411010564593266903e-02 0.000000000000000000e+00 0.000000000000000000e+00
1.715002676100900412e+09 6.343288161250237867e-03 1.000000000000000000e+00 0.000000000000000000e+00 0.000000000000000000e+00 0.000000000000000000e+00 0.000000000000000000e+00 0.000000000000000000e+00 -3.397459621556142562e-02 6.411010564593266903e-02 0.000000000000000000e+00 0.000000000000000000e+00
1.715002676111736536e+09 6.343288161250237867e-03 1.000000000000000000e+00 0.000000000000000000e+00 0.000000000000000000e+00 0.000000000000000000e+00 0.000000000000000000e+00 0.000000000000000000e+00 -3.397459621556142562e-02 6.411010564593266903e-02 0.000000000000000000e+00 0.000000000000000000e+00
1.715002676121795893e+09 6.343288161250237867e-03 1.000000000000000000e+00 0.000000000000000000e+00 0.000000000000000000e+00 0.000000000000000000e+00 0.000000000000000000e+00 0.000000000000000000e+00 -3.397459621556142562e-02 6.411010564593266903e-02 0.000000000000000000e+00 0.000000000000000000e+00
1.715002676132417202e+09 6.343288161250237867e-03 1.000000000000000000e+00 0.000000000000000000e+00 0.000000000000000000e+00 0.000000000000000000e+00 0.000000000000000000e+00 0.000000000000000000e+00 -3.397459621556142562e-02 6.411010564593266903e-02 0.000000000000000000e+00 0.000000000000000000e+00
1.715002676141000986e+09 6.343288161250237867e-03 1.000000000000000000e+00 0.000000000000000000e+00 0.000000000000000000e+00 0.000000000000000000e+00 0.000000000000000000e+00 0.000000000000000000e+00 -3.397459621556142562e-02 6.411010564593266903e-02 0.000000000000000000e+00 0.000000000000000000e+00
1.715002676152472496e+09 6.343288161250237867e-03 1.000000000000000000e+00 0.000000000000000000e+00 0.000000000000000000e+00 0.000000000000000000e+00 0.000000000000000000e+00 0.000000000000000000e+00 -3.397459621556142562e-02 6.411010564593266903e-02 0.000000000000000000e+00 0.000000000000000000e+00
1.715002676160909176e+09 6.343288161250237867e-03 1.000000000000000000e+00 0.000000000000000000e+00 0.000000000000000000e+00 0.000000000000000000e+00 0.000000000000000000e+00 0.000000000000000000e+00 -3.397459621556142562e-02 6.411010564593266903e-02 0.000000000000000000e+00 0.000000000000000000e+00
1.715002676170965433e+09 6.343288161250237867e-03 1.000000000000000000e+00 0.000000000000000000e+00 0.000000000000000000e+00 0.000000000000000000e+00 0.000000000000000000e+00 0.000000000000000000e+00 -3.397459621556142562e-02 6.411010564593266903e-02 0.000000000000000000e+00 0.000000000000000000e+00
1.715002676182845116e+09 6.343288161250237867e-03 1.000000000000000000e+00 0.000000000000000000e+00 0.000000000000000000e+00 0.000000000000000000e+00 0.000000000000000000e+00 0.000000000000000000e+00 -3.397459621556142562e-02 6.411010564593266903e-02 0.000000000000000000e+00 0.000000000000000000e+00
1.715002676190955877e+09 6.343288161250237867e-03 1.000000000000000000e+00 0.000000000000000000e+00 0.000000000000000000e+00 0.000000000000000000e+00 0.000000000000000000e+00 0.000000000000000000e+00 -3.397459621556142562e-02 6.411010564593266903e-02 0.000000000000000000e+00 0.000000000000000000e+00
1.715002676201608181e+09 6.343288161250237867e-03 1.000000000000000000e+00 0.000000000000000000e+00 0.000000000000000000e+00 0.000000000000000000e+00 0.000000000000000000e+00 0.000000000000000000e+00 -3.397459621556142562e-02 6.411010564593266903e-02 0.000000000000000000e+00 0.000000000000000000e+00
1.715002676212210178e+09 6.343288161250237867e-03 1.000000000000000000e+00 0.000000000000000000e+00 0.000000000000000000e+00 0.000000000000000000e+00 0.000000000000000000e+00 0.000000000000000000e+00 -3.397459621556142562e-02 6.411010564593266903e-02 0.000000000000000000e+00 0.000000000000000000e+00
1.715002676220927000e+09 6.343288161250237867e-03 1.000000000000000000e+00 0.000000000000000000e+00 0.000000000000000000e+00 0.000000000000000000e+00 0.000000000000000000e+00 0.000000000000000000e+00 -3.397459621556142562e-02 6.411010564593266903e-02 0.000000000000000000e+00 0.000000000000000000e+00
1.715002676230794191e+09 6.343288161250237867e-03 1.000000000000000000e+00 0.000000000000000000e+00 0.000000000000000000e+00 0.000000000000000000e+00 0.000000000000000000e+00 0.000000000000000000e+00 -3.397459621556142562e-02 6.411010564593266903e-02 0.000000000000000000e+00 0.000000000000000000e+00
1.715002676241065025e+09 6.343288161250237867e-03 1.000000000000000000e+00 0.000000000000000000e+00 0.000000000000000000e+00 0.000000000000000000e+00 0.000000000000000000e+00 0.000000000000000000e+00 -3.397459621556142562e-02 6.411010564593266903e-02 0.000000000000000000e+00 0.000000000000000000e+00
1.715002676250539541e+09 6.343288161250237867e-03 1.000000000000000000e+00 0.000000000000000000e+00 0.000000000000000000e+00 0.000000000000000000e+00 0.000000000000000000e+00 0.000000000000000000e+00 -3.397459621556142562e-02 6.411010564593266903e-02 0.000000000000000000e+00 0.000000000000000000e+00
1.715002676260802746e+09 6.343288161250237867e-03 1.000000000000000000e+00 0.000000000000000000e+00 0.000000000000000000e+00 0.000000000000000000e+00 0.000000000000000000e+00 0.000000000000000000e+00 -3.397459621556142562e-02 6.411010564593266903e-02 0.000000000000000000e+00 0.000000000000000000e+00
1.715002676271061420e+09 6.343288161250237867e-03 1.000000000000000000e+00 0.000000000000000000e+00 0.000000000000000000e+00 0.000000000000000000e+00 0.000000000000000000e+00 0.000000000000000000e+00 -3.397459621556142562e-02 6.411010564593266903e-02 0.000000000000000000e+00 0.000000000000000000e+00
1.715002676281763077e+09 6.343288161250237867e-03 1.000000000000000000e+00 0.000000000000000000e+00 0.000000000000000000e+00 0.000000000000000000e+00 0.000000000000000000e+00 0.000000000000000000e+00 -3.397459621556142562e-02 6.411010564593266903e-02 0.000000000000000000e+00 0.000000000000000000e+00
1.715002676290426493e+09 6.343288161250237867e-03 1.000000000000000000e+00 0.000000000000000000e+00 0.000000000000000000e+00 0.000000000000000000e+00 0.000000000000000000e+00 0.000000000000000000e+00 -3.397459621556142562e-02 6.411010564593266903e-02 0.000000000000000000e+00 0.000000000000000000e+00
1.715002676302141190e+09 6.343288161250237867e-03 1.000000000000000000e+00 0.000000000000000000e+00 0.000000000000000000e+00 0.000000000000000000e+00 0.000000000000000000e+00 0.000000000000000000e+00 -3.397459621556142562e-02 6.411010564593266903e-02 0.000000000000000000e+00 0.000000000000000000e+00
1.715002676310232878e+09 6.343288161250237867e-03 1.000000000000000000e+00 0.000000000000000000e+00 0.000000000000000000e+00 0.000000000000000000e+00 0.000000000000000000e+00 0.000000000000000000e+00 -3.397459621556142562e-02 6.411010564593266903e-02 0.000000000000000000e+00 0.000000000000000000e+00
1.715002676321794271e+09 6.343288161250237867e-03 1.000000000000000000e+00 0.000000000000000000e+00 0.000000000000000000e+00 0.000000000000000000e+00 0.000000000000000000e+00 0.000000000000000000e+00 -3.397459621556142562e-02 6.411010564593266903e-02 0.000000000000000000e+00 0.000000000000000000e+00
1.715002676330220699e+09 6.343288161250237867e-03 1.000000000000000000e+00 0.000000000000000000e+00 0.000000000000000000e+00 0.000000000000000000e+00 0.000000000000000000e+00 0.000000000000000000e+00 -3.397459621556142562e-02 6.411010564593266903e-02 0.000000000000000000e+00 0.000000000000000000e+00
1.715002676340616703e+09 6.343288161250237867e-03 1.000000000000000000e+00 0.000000000000000000e+00 0.000000000000000000e+00 0.000000000000000000e+00 0.000000000000000000e+00 0.000000000000000000e+00 -3.397459621556142562e-02 6.411010564593266903e-02 0.000000000000000000e+00 0.000000000000000000e+00
1.715002676350384712e+09 6.343288161250237867e-03 1.000000000000000000e+00 0.000000000000000000e+00 0.000000000000000000e+00 0.000000000000000000e+00 0.000000000000000000e+00 0.000000000000000000e+00 -3.397459621556142562e-02 6.411010564593266903e-02 0.000000000000000000e+00 0.000000000000000000e+00
1.715002676360151052e+09 6.343288161250237867e-03 1.000000000000000000e+00 0.000000000000000000e+00 0.000000000000000000e+00 0.000000000000000000e+00 0.000000000000000000e+00 0.000000000000000000e+00 -3.397459621556142562e-02 6.411010564593266903e-02 0.000000000000000000e+00 0.000000000000000000e+00
