7.504999990000000842e-01 2.644268001474773477e+00 1.000000000000000000e+00 1.000000000000000000e+00 0.000000000000000000e+00 0.000000000000000000e+00 0.000000000000000000e+00 0.000000000000000000e+00 -4.474937185533099937e-01 -4.474937185533100492e-01 0.000000000000000000e+00 0.000000000000000000e+00
7.604999990000000931e-01 2.644268001474773477e+00 1.000000000000000000e+00 1.000000000000000000e+00 0.000000000000000000e+00 0.000000000000000000e+00 0.000000000000000000e+00 0.000000000000000000e+00 -4.474937185533099937e-01 -4.474937185533100492e-01 0.000000000000000000e+00 0.000000000000000000e+00
7.704999990000001020e-01 2.644268001474773477e+00 1.000000000000000000e+00 1.000000000000000000e+00 0.000000000000000000e+00 0.000000000000000000e+00 0.000000000000000000e+00 0.000000000000000000e+00 -4.474937185533099937e-01 -4.474937185533100492e-01 0.000000000000000000e+00 0.000000000000000000e+00
7.804999989999999999e-01 2.644268001474773477e+00 1.000000000000000000e+00 1.000000000000000000e+00 0.000000000000000000e+00 0.000000000000000000e+00 0.000000000000000000e+00 0.000000000000000000e+00 -4.474937185533099937e-01 -4.474937185533100492e-01 0.000000000000000000e+00 0.000000000000000000e+00
7.904999990000000087e-01 2.644268001474773477e+00 1.000000000000000000e+00 1.000000000000000000e+00 0.000000000000000000e+00 0.000000000000000000e+00 0.000000000000000000e+00 0.000000000000000000e+00 -4.474937185533099937e-01 -4.474937185533100492e-01 0.000000000000000000e+00 0.000000000000000000e+00
8.004999990000000176e-01 2.644268001474773477e+00 1.000000000000000000e+00 1.000000000000000000e+00 0.000000000000000000e+00 0.000000000000000000e+00 0.000000000000000000e+00 0.000000000000000000e+00 -4.474937185533099937e-01 -4.474937185533100492e-01 0.000000000000000000e+00 0.000000000000000000e+00
8.104999990000000265e-01 2.644268002442125454e+00 1.000000001080855183e+00 1.000000000000000000e+00 0.000000000000000000e+00 0.000000000000000000e+00 1.544078833047380107e-07 0.000000000000000000e+00 -4.474937184989949968e-01 -4.474937180128823466e-01 2.205826904353398125e-06 0.000000000000000000e+00
8.204999990000000354e-01 2.644268002442125454e+00 1.000000001080855183e+00 1.000000000000000000e+00 0.000000000000000000e+00 0.000000000000000000e+00 1.544078833047380107e-07 0.000000000000000000e+00 -4.474937184989949968e-01 -4.474937180128823466e-01 2.205826904353398125e-06 0.000000000000000000e+00
8.304999990000000443e-01 2.644269397336489469e+00 1.000001559644057680e+00 1.000000000000000000e+00 0.000000000000000000e+00 0.000000000000000000e+00 1.594465540488697352e-04 0.000000000000000000e+00 -4.474936401776298256e-01 -4.474929387312810980e-01 1.712247871051825188e-02 0.000000000000000000e+00
8.404999990000000532e-01 2.644270870780847549e+00 1.000003205974152820e+00 1.000000000000000000e+00 0.000000000000000000e+00 0.000000000000000000e+00 3.728696276184406818e-04 0.000000000000000000e+00 -4.474935574444384723e-01 -4.474921155662336392e-01 3.956415763166599986e-02 0.000000000000000000e+00
8.504999990000000620e-01 2.644281318413670867e+00 1.000014879482628904e+00 1.000000000000000000e+00 0.000000000000000000e+00 0.000000000000000000e+00 1.409469692959119773e-03 0.000000000000000000e+00 -4.474929707749837338e-01 -4.474862788119954859e-01 9.488741927720005520e-02 0.000000000000000000e+00
8.604999990000000709e-01 2.644295174036875196e+00 1.000030360882511848e+00 1.000000000000000000e+00 0.000000000000000000e+00 0.000000000000000000e+00 2.096510926116501843e-03 0.000000000000000000e+00 -4.474921926276115847e-01 -4.474785381120540140e-01 1.071091370679191079e-01 0.000000000000000000e+00
8.704999990000000798e-01 2.644327270916380979e+00 1.000066224015651040e+00 1.000000000000000000e+00 0.000000000000000000e+00 0.000000000000000000e+00 4.395598758754678571e-03 0.000000000000000000e+00 -4.474903895582429958e-01 -4.474606065454844184e-01 3.064495161382705390e-01 0.000000000000000000e+00
8.804999990000000887e-01 2.644387416593999340e+00 1.000133427587144519e+00 1.000000000000000000e+00 0.000000000000000000e+00 0.000000000000000000e+00 6.345507399855699129e-03 0.000000000000000000e+00 -4.474870090463795580e-01 -4.474270047597376787e-01 3.272088354361375462e-01 0.000000000000000000e+00
8.904999990000000976e-01 2.644397615841870497e+00 1.000144823732955102e+00 1.000000000000000000e+00 0.000000000000000000e+00 0.000000000000000000e+00 7.597430540388166141e-03 0.000000000000000000e+00 -4.474864355636984370e-01 -4.474213066868323874e-01 3.978084687202273484e-01 0.000000000000000000e+00
9.004999990000001064e-01 2.644585452368118705e+00 1.000354705787183329e+00 1.000000000000000000e+00 0.000000000000000000e+00 0.000000000000000000e+00 1.453750473690167654e-02 0.000000000000000000e+00 -4.474758619838675178e-01 -4.473163656597182736e-01 9.021739846819223363e-01 0.000000000000000000e+00
9.104999990000000043e-01 2.644744554643670753e+00 1.000532485064173249e+00 1.000000000000000000e+00 0.000000000000000000e+00 0.000000000000000000e+00 1.873711009157076265e-02 0.000000000000000000e+00 -4.474668882063462805e-01 -4.472274760212233136e-01 1.122179729455138775e+00 0.000000000000000000e+00
9.204999990000000132e-01 2.644907416167312952e+00 1.000714468583120409e+00 1.000000000000000000e+00 0.000000000000000000e+00 0.000000000000000000e+00 2.165599269649371925e-02 0.000000000000000000e+00 -4.474576855919555896e-01 -4.471364842617497337e-01 8.325423115490291348e-01 0.000000000000000000e+00
9.304999990000000221e-01 2.645091323388099269e+00 1.000919973333337820e+00 1.000000000000000000e+00 0.000000000000000000e+00 0.000000000000000000e+00 2.649451902145824947e-02 0.000000000000000000e+00 -4.474472733321588902e-01 -4.470337318866410281e-01 6.997191647927872848e-01 0.000000000000000000e+00
9.404999990000000309e-01 2.645396778260464377e+00 1.001261310521671222e+00 1.000000000000000000e+00 0.000000000000000000e+00 0.000000000000000000e+00 3.219156765700754985e-02 0.000000000000000000e+00 -4.474299314957418394e-01 -4.468630632924743273e-01 7.049914873408409388e-01 0.000000000000000000e+00
9.504999990000000398e-01 2.645731197864015449e+00 1.001635030177846497e+00 1.000000000000000000e+00 0.000000000000000000e+00 0.000000000000000000e+00 4.036883084701959473e-02 0.000000000000000000e+00 -4.474108766002077298e-01 -4.466762034643866897e-01 1.332996074637799788e+00 0.000000000000000000e+00
9.604999990000000487e-01 2.646274483483121109e+00 1.002242195220956367e+00 1.000000000000000000e+00 0.000000000000000000e+00 0.000000000000000000e+00 4.934666899326078243e-02 0.000000000000000000e+00 -4.473797677621195734e-01 -4.463726209428317548e-01 1.686386882358533512e+00 0.000000000000000000e+00
9.704999990000000576e-01 2.646624232761595863e+00 1.002633090346523925e+00 1.000000000000000000e+00 0.000000000000000000e+00 0.000000000000000000e+00 5.456830972060899843e-02 0.000000000000000000e+00 -4.473596406942169645e-01 -4.461771733800480866e-01 2.115663427208131608e+00 0.000000000000000000e+00
9.804999990000000665e-01 2.647036500511644963e+00 1.003093881489624195e+00 1.000000000000000000e+00 0.000000000000000000e+00 0.000000000000000000e+00 5.867244524440090592e-02 0.000000000000000000e+00 -4.473358150182337734e-01 -4.459467778084979517e-01 2.106076485170815360e+00 0.000000000000000000e+00
9.904999990000000754e-01 2.647671340774248705e+00 1.003803489793948289e+00 1.000000000000000000e+00 0.000000000000000000e+00 0.000000000000000000e+00 6.598165822357943133e-02 0.000000000000000000e+00 -4.472989130056986284e-01 -4.455919736563357936e-01 1.561651721904264267e+00 0.000000000000000000e+00
1.000499999000000084e+00 2.648386961110877902e+00 1.004603462471953312e+00 1.000000000000000000e+00 0.000000000000000000e+00 0.000000000000000000e+00 7.670755040755346255e-02 0.000000000000000000e+00 -4.472570048875326720e-01 -4.451919873173332820e-01 1.775166079565317023e+00 0.000000000000000000e+00
1.010499999000000093e+00 2.649071428542917328e+00 1.005368680562627626e+00 1.000000000000000000e+00 0.000000000000000000e+00 0.000000000000000000e+00 8.402420661602720553e-02 0.000000000000000000e+00 -4.472166130461880940e-01 -4.448093782719961253e-01 1.934117621661503916e+00 0.000000000000000000e+00
1.020499999000000102e+00 2.650025534767768143e+00 1.006435464191229423e+00 1.000000000000000000e+00 0.000000000000000000e+00 0.000000000000000000e+00 9.340518316004382815e-02 0.000000000000000000e+00 -4.471598062902907289e-01 -4.442759864576952267e-01 1.719684425691754059e+00 0.000000000000000000e+00
1.030499999000000111e+00 2.650584533930381070e+00 1.007060542863728703e+00 1.000000000000000000e+00 0.000000000000000000e+00 0.000000000000000000e+00 9.675796271695553952e-02 0.000000000000000000e+00 -4.471262516106255247e-01 -4.439634471214456979e-01 1.512871006434154619e+00 0.000000000000000000e+00
1.040499999000000120e+00 2.651841152468714213e+00 1.008465878981113839e+00 1.000000000000000000e+00 0.000000000000000000e+00 0.000000000000000000e+00 1.084801186033576420e-01 0.000000000000000000e+00 -4.470500862832775257e-01 -4.432607790627531297e-01 1.274844429649180322e+00 0.000000000000000000e+00
1.050499999000000129e+00 2.652138016709793877e+00 1.008797911420903137e+00 1.000000000000000000e+00 0.000000000000000000e+00 0.000000000000000000e+00 1.106774799297659678e-01 0.000000000000000000e+00 -4.470319442627529449e-01 -4.430947628428584806e-01 1.244296185721377679e+00 0.000000000000000000e+00
1.060499999000000138e+00 2.653774319438937379e+00 1.010628303111917425e+00 1.000000000000000000e+00 0.000000000000000000e+00 0.000000000000000000e+00 1.241107766505459425e-01 0.000000000000000000e+00 -4.469309254188598701e-01 -4.421795669973513365e-01 1.940019339514510888e+00 0.000000000000000000e+00
1.070499999000000146e+00 2.654921346562014062e+00 1.011911632456678367e+00 1.000000000000000000e+00 0.000000000000000000e+00 0.000000000000000000e+00 1.321540723369242221e-01 0.000000000000000000e+00 -4.468590812596870965e-01 -4.415379023249707546e-01 2.304540114545016394e+00 0.000000000000000000e+00
1.080499999000000155e+00 2.655890603038322695e+00 1.012996228219973149e+00 1.000000000000000000e+00 0.000000000000000000e+00 0.000000000000000000e+00 1.367816246840871108e-01 0.000000000000000000e+00 -4.467977084307202529e-01 -4.409956044433233635e-01 2.294274312455541587e+00 0.000000000000000000e+00
1.090499999000000164e+00 2.657630240460867821e+00 1.014943255033301295e+00 1.000000000000000000e+00 0.000000000000000000e+00 0.000000000000000000e+00 1.492508381202459766e-01 0.000000000000000000e+00 -4.466860296309806411e-01 -4.400220910366594018e-01 1.922918836245237184e+00 0.000000000000000000e+00
1.100499999000000173e+00 2.658376383496821038e+00 1.015778498859063905e+00 1.000000000000000000e+00 0.000000000000000000e+00 0.000000000000000000e+00 1.532685173312174631e-01 0.000000000000000000e+00 -4.466375285864787048e-01 -4.396044691237780966e-01 1.700988510593719694e+00 0.000000000000000000e+00
1.110499998999999960e+00 2.659500263296310507e+00 1.017036759012158065e+00 1.000000000000000000e+00 0.000000000000000000e+00 0.000000000000000000e+00 1.572825191367697995e-01 0.000000000000000000e+00 -4.465637917327264228e-01 -4.389753390472310168e-01 1.704214390234536580e+00 0.000000000000000000e+00
1.120499998999999969e+00 2.661884815285955774e+00 1.019707122628155549e+00 1.000000000000000000e+00 0.000000000000000000e+00 0.000000000000000000e+00 1.730952789853658913e-01 0.000000000000000000e+00 -4.464046244728406831e-01 -4.376401572392322747e-01 1.151040995249976939e+00 0.000000000000000000e+00
1.130499998999999978e+00 2.662985210364823274e+00 1.020939734180049685e+00 1.000000000000000000e+00 0.000000000000000000e+00 0.000000000000000000e+00 1.772837945942516424e-01 0.000000000000000000e+00 -4.463299257289597977e-01 -4.370238514632850957e-01 1.018441922648816611e+00 0.000000000000000000e+00
1.140499998999999987e+00 2.665289867652075984e+00 1.023521979154986772e+00 1.000000000000000000e+00 0.000000000000000000e+00 0.000000000000000000e+00 1.898071414684819880e-01 0.000000000000000000e+00 -4.461709182997415368e-01 -4.357327289758165523e-01 1.366857265473009786e+00 0.000000000000000000e+00
1.150499998999999995e+00 2.666406779047749254e+00 1.024773751969778379e+00 1.000000000000000000e+00 0.000000000000000000e+00 0.000000000000000000e+00 1.945599911041743790e-01 0.000000000000000000e+00 -4.460926100082988066e-01 -4.351068425684207486e-01 1.251261587886993265e+00 0.000000000000000000e+00
1.160499999000000004e+00 2.667553307079649105e+00 1.026058947270208854e+00 1.000000000000000000e+00 0.000000000000000000e+00 0.000000000000000000e+00 1.977223539123822982e-01 0.000000000000000000e+00 -4.460113763345369686e-01 -4.344642449182056221e-01 1.100386446639907811e+00 0.000000000000000000e+00
1.170499999000000013e+00 2.670311686963915410e+00 1.029151909578308599e+00 1.000000000000000000e+00 0.000000000000000000e+00 0.000000000000000000e+00 2.118986060835282015e-01 0.000000000000000000e+00 -4.458124101543537443e-01 -4.329177637641556387e-01 1.327713746823612428e+00 0.000000000000000000e+00
1.180499999000000022e+00 2.671944149495983467e+00 1.030983040676408224e+00 1.000000000000000000e+00 0.000000000000000000e+00 0.000000000000000000e+00 2.185603951225070785e-01 0.000000000000000000e+00 -4.456923045234720826e-01 -4.320021982151058260e-01 1.405488748872349536e+00 0.000000000000000000e+00
1.190499999000000031e+00 2.674537373756678438e+00 1.033892882059386231e+00 1.000000000000000000e+00 0.000000000000000000e+00 0.000000000000000000e+00 2.287091966053619307e-01 0.000000000000000000e+00 -4.454979051756504105e-01 -4.305472775236169336e-01 1.581993469707519528e+00 0.000000000000000000e+00
1.200499999000000040e+00 2.676086309231975768e+00 1.035631544095473977e+00 1.000000000000000000e+00 0.000000000000000000e+00 0.000000000000000000e+00 2.345424938856846830e-01 0.000000000000000000e+00 -4.453796736459514904e-01 -4.296779465055730607e-01 1.021740413913499568e+00 0.000000000000000000e+00
1.210499999000000049e+00 2.677888290459772058e+00 1.037654832270215044e+00 1.000000000000000000e+00 0.000000000000000000e+00 0.000000000000000000e+00 2.411341615187455878e-01 0.000000000000000000e+00 -4.452401304298397866e-01 -4.286663024182024162e-01 1.126365803086602169e+00 0.000000000000000000e+00
1.220499999000000058e+00 2.680516014807017289e+00 1.040606423961520033e+00 1.000000000000000000e+00 0.000000000000000000e+00 0.000000000000000000e+00 2.498263480045224139e-01 0.000000000000000000e+00 -4.450327851619408914e-01 -4.271905065725500328e-01 1.043390406911802071e+00 0.000000000000000000e+00
1.230499999000000066e+00 2.680516014807017289e+00 1.040606423961520033e+00 1.000000000000000000e+00 0.000000000000000000e+00 0.000000000000000000e+00 2.498263480045224139e-01 0.000000000000000000e+00 -4.450327851619408914e-01 -4.271905065725500328e-01 1.043390406911802071e+00 0.000000000000000000e+00
1.240499999000000075e+00 2.685111911741274060e+00 1.045772128156238878e+00 1.000000000000000000e+00 0.000000000000000000e+00 0.000000000000000000e+00 2.657628828042505886e-01 0.000000000000000000e+00 -4.446590964120646361e-01 -4.246076544751906101e-01 2.270229248535814648e+00 0.000000000000000000e+00
1.250499999000000084e+00 2.686904612585987451e+00 1.047788281364023133e+00 1.000000000000000000e+00 0.000000000000000000e+00 0.000000000000000000e+00 2.703483990856326291e-01 0.000000000000000000e+00 -4.445095104978943890e-01 -4.235995778712983717e-01 2.080923063493425929e+00 0.000000000000000000e+00
1.260499999000000093e+00 2.690351308454085988e+00 1.051666521990864300e+00 1.000000000000000000e+00 0.000000000000000000e+00 0.000000000000000000e+00 2.813924853680292992e-01 0.000000000000000000e+00 -4.442158602541997348e-01 -4.216604575578778991e-01 1.305102991259990741e+00 0.000000000000000000e+00
1.270499999000000102e+00 2.692892807100903063e+00 1.054527890826469694e+00 1.000000000000000000e+00 0.000000000000000000e+00 0.000000000000000000e+00 2.897385789112503773e-01 0.000000000000000000e+00 -4.439942132648728723e-01 -4.202297731400752023e-01 1.115081108622922867e+00 0.000000000000000000e+00
1.280499999000000111e+00 2.695632357537454116e+00 1.057613854763495453e+00 1.000000000000000000e+00 0.000000000000000000e+00 0.000000000000000000e+00 2.939013273357879430e-01 0.000000000000000000e+00 -4.437504108318776064e-01 -4.186867911715623225e-01 1.109122462533467468e+00 0.000000000000000000e+00
1.290499999000000120e+00 2.697498945985785657e+00 1.059717450791912707e+00 1.000000000000000000e+00 0.000000000000000000e+00 0.000000000000000000e+00 3.010799189555084521e-01 0.000000000000000000e+00 -4.435813853642915361e-01 -4.176349931573536955e-01 1.281078738991574095e+00 0.000000000000000000e+00
1.300499999000000129e+00 2.700083423211773415e+00 1.062631423872541614e+00 1.000000000000000000e+00 0.000000000000000000e+00 0.000000000000000000e+00 3.101222279298440632e-01 0.000000000000000000e+00 -4.433434452714431484e-01 -4.161780066170392423e-01 1.258922784019048002e+00 0.000000000000000000e+00
1.310499999000000138e+00 2.703715248717472708e+00 1.066728948235590835e+00 1.000000000000000000e+00 0.000000000000000000e+00 0.000000000000000000e+00 3.193223712848112239e-01 0.000000000000000000e+00 -4.430013838267225501e-01 -4.141292444355146318e-01 1.162834720677598632e+00 0.000000000000000000e+00
1.320499999000000146e+00 2.704283710984162425e+00 1.067370590837843469e+00 1.000000000000000000e+00 0.000000000000000000e+00 0.000000000000000000e+00 3.211959172378174299e-01 0.000000000000000000e+00 -4.429470269011142047e-01 -4.138084231343883146e-01 1.205170990449949242e+00 0.000000000000000000e+00
1.330499999000000155e+00 2.709664096246091614e+00 1.073447569218612729e+00 1.000000000000000000e+00 0.000000000000000000e+00 0.000000000000000000e+00 3.284853178794201467e-01 0.000000000000000000e+00 -4.424215523137047246e-01 -4.107699339440035735e-01 1.118974602367351689e+00 0.000000000000000000e+00
1.340499999000000164e+00 2.711907778396851931e+00 1.075983896238668747e+00 1.000000000000000000e+00 0.000000000000000000e+00 0.000000000000000000e+00 3.407794365460168340e-01 0.000000000000000000e+00 -4.421965228099081213e-01 -4.095017704339755649e-01 1.679985276181003240e+00 0.000000000000000000e+00
1.350499999000000173e+00 2.712967088696953688e+00 1.077181823878247124e+00 1.000000000000000000e+00 0.000000000000000000e+00 0.000000000000000000e+00 3.433789030356338423e-01 0.000000000000000000e+00 -4.420890674682729227e-01 -4.089028066141863760e-01 1.710346763270172987e+00 0.000000000000000000e+00
1.360499999000000182e+00 2.718695205690750516e+00 1.083664621268036088e+00 1.000000000000000000e+00 0.000000000000000000e+00 0.000000000000000000e+00 3.565307227021415892e-01 0.000000000000000000e+00 -4.414944829025217454e-01 -4.056614079192918942e-01 1.607869881506880150e+00 0.000000000000000000e+00
1.370499999000000191e+00 2.719327395831054872e+00 1.084380641654510313e+00 1.000000000000000000e+00 0.000000000000000000e+00 0.000000000000000000e+00 3.583800190685554887e-01 0.000000000000000000e+00 -4.414274562392376255e-01 -4.053033977260548926e-01 1.603014089929272190e+00 0.000000000000000000e+00
1.380499998999999978e+00 2.725294118929408871e+00 1.091144004476380047e+00 1.000000000000000000e+00 0.000000000000000000e+00 0.000000000000000000e+00 3.655871795605225572e-01 0.000000000000000000e+00 -4.407810024727764620e-01 -4.019217163151200256e-01 1.233085682371090064e+00 0.000000000000000000e+00
1.390499998999999987e+00 2.728107295944147026e+00 1.094336264303902739e+00 1.000000000000000000e+00 0.000000000000000000e+00 0.000000000000000000e+00 3.785130692058186752e-01 0.000000000000000000e+00 -4.404674852567710408e-01 -4.003255864013585685e-01 1.263958214323361418e+00 0.000000000000000000e+00
1.400499998999999995e+00 2.730120124843895990e+00 1.096621731999689375e+00 1.000000000000000000e+00 0.000000000000000000e+00 0.000000000000000000e+00 3.825712492320076374e-01 0.000000000000000000e+00 -4.402397103727528349e-01 -3.991828525534651950e-01 1.482516083295853049e+00 0.000000000000000000e+00
1.410499999000000004e+00 2.735249659124793897e+00 1.102451484450481800e+00 1.000000000000000000e+00 0.000000000000000000e+00 0.000000000000000000e+00 3.934343234542888590e-01 0.000000000000000000e+00 -4.396461468355991054e-01 -3.962679763280690937e-01 1.430786673961403466e+00 0.000000000000000000e+00
1.420499999000000013e+00 2.738746183994654526e+00 1.106429879483364909e+00 1.000000000000000000e+00 0.000000000000000000e+00 0.000000000000000000e+00 3.994902095708081635e-01 0.000000000000000000e+00 -4.392306983562263012e-01 -3.942787788116274283e-01 7.270227970014994101e-01 0.000000000000000000e+00
1.430499999000000022e+00 2.742483091563148179e+00 1.110685993814431560e+00 1.000000000000000000e+00 0.000000000000000000e+00 0.000000000000000000e+00 4.053442220063495638e-01 0.000000000000000000e+00 -4.387768949148541098e-01 -3.921507216460941025e-01 7.337038913878276558e-01 0.000000000000000000e+00
1.440499999000000031e+00 2.744286007856078236e+00 1.112740993682902912e+00 1.000000000000000000e+00 0.000000000000000000e+00 0.000000000000000000e+00 4.124569239695823342e-01 0.000000000000000000e+00 -4.385543136660475239e-01 -3.911232217118584265e-01 1.075713114611071664e+00 0.000000000000000000e+00
1.450499999000000040e+00 2.747936891707960960e+00 1.116905568888941547e+00 1.000000000000000000e+00 0.000000000000000000e+00 0.000000000000000000e+00 4.199096640732077335e-01 0.000000000000000000e+00 -4.380962953621356792e-01 -3.890409341088391093e-01 1.710201673064080996e+00 0.000000000000000000e+00
1.460499999000000049e+00 2.753713679970094308e+00 1.123504206308464148e+00 1.000000000000000000e+00 0.000000000000000000e+00 0.000000000000000000e+00 4.311653361198017342e-01 0.000000000000000000e+00 -4.373514824442477078e-01 -3.857416153990779195e-01 1.430016253928374947e+00 0.000000000000000000e+00
1.470499999000000058e+00 2.757133384018044531e+00 1.127415784522180386e+00 1.000000000000000000e+00 0.000000000000000000e+00 0.000000000000000000e+00 4.368028278128341380e-01 0.000000000000000000e+00 -4.368988757817585111e-01 -3.837858262922196895e-01 7.780852916239661132e-01 0.000000000000000000e+00
1.480499999000000066e+00 2.761183625004102637e+00 1.132053895471902161e+00 1.000000000000000000e+00 0.000000000000000000e+00 0.000000000000000000e+00 4.417248523544566319e-01 0.000000000000000000e+00 -4.363514648883859426e-01 -3.814667708173588023e-01 7.523491727024718134e-01 0.000000000000000000e+00
1.490499999000000075e+00 2.764510094664557549e+00 1.135867581062624421e+00 1.000000000000000000e+00 0.000000000000000000e+00 0.000000000000000000e+00 4.515977655291045778e-01 0.000000000000000000e+00 -4.358926023834038266e-01 -3.795599280219977834e-01 9.294299153047225204e-01 0.000000000000000000e+00
1.500499999000000084e+00 2.766685206152010412e+00 1.138363459965678892e+00 1.000000000000000000e+00 0.000000000000000000e+00 0.000000000000000000e+00 4.548954819098324776e-01 0.000000000000000000e+00 -4.355880097760833070e-01 -3.783119885704705476e-01 9.074834383985390662e-01 0.000000000000000000e+00
1.510499999000000093e+00 2.773113570854395693e+00 1.145750180893714942e+00 1.000000000000000000e+00 0.000000000000000000e+00 0.000000000000000000e+00 4.673359565852645559e-01 0.000000000000000000e+00 -4.346665989602301883e-01 -3.746186281064524115e-01 1.355257735990466283e+00 0.000000000000000000e+00
1.520499999000000102e+00 2.777000628911074021e+00 1.150224428645403973e+00 1.000000000000000000e+00 0.000000000000000000e+00 0.000000000000000000e+00 4.733334207070455379e-01 0.000000000000000000e+00 -4.340939307895424482e-01 -3.723815042306078960e-01 1.179900770664286114e+00 0.000000000000000000e+00
1.530499999000000111e+00 2.778652718674313515e+00 1.152127886754285901e+00 1.000000000000000000e+00 0.000000000000000000e+00 0.000000000000000000e+00 4.771274518400941966e-01 0.000000000000000000e+00 -4.338469615283375158e-01 -3.714297751761669319e-01 1.419729132841307528e+00 0.000000000000000000e+00
1.540499999000000120e+00 2.784716962068966684e+00 1.159124228429069703e+00 1.000000000000000000e+00 0.000000000000000000e+00 0.000000000000000000e+00 4.875037864094415307e-01 0.000000000000000000e+00 -4.329220004931022547e-01 -3.679316043387751423e-01 1.697930720763747958e+00 0.000000000000000000e+00
1.550499999000000129e+00 2.789395008862284975e+00 1.164531667287785455e+00 1.000000000000000000e+00 0.000000000000000000e+00 0.000000000000000000e+00 4.953082690391509835e-01 0.000000000000000000e+00 -4.321884997078280777e-01 -3.652278849094171553e-01 1.187060557656422821e+00 0.000000000000000000e+00
1.560499999000000138e+00 2.795226532710195499e+00 1.171285476338531861e+00 1.000000000000000000e+00 0.000000000000000000e+00 0.000000000000000000e+00 5.049161678166159684e-01 0.000000000000000000e+00 -4.312494650199041879e-01 -3.618509803840440631e-01 1.266806490616996239e+00 0.000000000000000000e+00
1.570499999000000146e+00 2.798509252751574916e+00 1.175093915172161774e+00 1.000000000000000000e+00 0.000000000000000000e+00 0.000000000000000000e+00 5.103162915809883460e-01 0.000000000000000000e+00 -4.307086794086548154e-01 -3.599467609672289958e-01 8.953533804038598110e-01 0.000000000000000000e+00
1.580499999000000155e+00 2.798949278908000160e+00 1.175604774994285950e+00 1.000000000000000000e+00 0.000000000000000000e+00 0.000000000000000000e+00 5.108598221242329762e-01 0.000000000000000000e+00 -4.306355188706794679e-01 -3.596913310561670185e-01 8.961415136852535213e-01 0.000000000000000000e+00
1.590499999000000164e+00 2.807640246269190509e+00 1.185712868999676095e+00 1.000000000000000000e+00 0.000000000000000000e+00 0.000000000000000000e+00 5.253818279791789836e-01 0.000000000000000000e+00 -4.291576349407296154e-01 -3.546372840534718351e-01 1.870300882145275123e+00 0.000000000000000000e+00
1.600499999000000173e+00 2.810811591968453538e+00 1.189410103703775201e+00 1.000000000000000000e+00 0.000000000000000000e+00 0.000000000000000000e+00 5.285491078834883005e-01 0.000000000000000000e+00 -4.286025992078840718e-01 -3.527886667014222821e-01 1.712795400058130912e+00 0.000000000000000000e+00
1.610499999000000182e+00 2.816773125765618779e+00 1.196373346621090406e+00 1.000000000000000000e+00 0.000000000000000000e+00 0.000000000000000000e+00 5.402779682497955704e-01 0.000000000000000000e+00 -4.275360822525914317e-01 -3.493070452427647909e-01 1.742073471836486309e+00 0.000000000000000000e+00
1.620499999000000191e+00 2.819555617928341196e+00 1.199629380240296417e+00 1.000000000000000000e+00 0.000000000000000000e+00 0.000000000000000000e+00 5.426722698676680334e-01 0.000000000000000000e+00 -4.270278384163800345e-01 -3.476790284331617853e-01 1.726517361552997176e+00 0.000000000000000000e+00
1.630499999000000200e+00 2.822122975642453735e+00 1.202637127372125248e+00 1.000000000000000000e+00 0.000000000000000000e+00 0.000000000000000000e+00 5.486639765808598579e-01 0.000000000000000000e+00 -4.265529270542643969e-01 -3.461751548672472589e-01 2.027844842004676629e+00 0.000000000000000000e+00
1.640499999000000209e+00 2.831108899738166595e+00 1.213191310972776327e+00 1.000000000000000000e+00 0.000000000000000000e+00 0.000000000000000000e+00 5.618079414873641264e-01 0.000000000000000000e+00 -4.248450280699888060e-01 -3.408980630669217193e-01 1.809454002085578939e+00 0.000000000000000000e+00
1.650499998999999995e+00 2.834462796993493239e+00 1.217141554089562483e+00 1.000000000000000000e+00 0.000000000000000000e+00 0.000000000000000000e+00 5.664959400633675646e-01 0.000000000000000000e+00 -4.241891064411056900e-01 -3.389229415085287522e-01 1.055525175560075635e+00 0.000000000000000000e+00
1.660499999000000004e+00 2.839536165316974170e+00 1.223128746891368968e+00 1.000000000000000000e+00 0.000000000000000000e+00 0.000000000000000000e+00 5.702088382672867439e-01 0.000000000000000000e+00 -4.231775071081712025e-01 -3.359293451076253989e-01 1.051889295188733531e+00 0.000000000000000000e+00
1.670499999000000013e+00 2.844907318204679569e+00 1.229483168974313534e+00 1.000000000000000000e+00 0.000000000000000000e+00 0.000000000000000000e+00 5.805382368812156413e-01 0.000000000000000000e+00 -4.220807243900782657e-01 -3.327521340661531157e-01 9.538002444245277101e-01 0.000000000000000000e+00
1.680499999000000022e+00 2.849594648157538934e+00 1.235042243225480174e+00 1.000000000000000000e+00 0.000000000000000000e+00 0.000000000000000000e+00 5.883678441714428331e-01 0.000000000000000000e+00 -4.211015536098448586e-01 -3.299725969405699066e-01 1.266632325610489662e+00 0.000000000000000000e+00
1.690499999000000031e+00 2.855080723467703585e+00 1.241565249223975709e+00 1.000000000000000000e+00 0.000000000000000000e+00 0.000000000000000000e+00 5.961177765800326211e-01 0.000000000000000000e+00 -4.199290320150914635e-01 -3.267110939413221393e-01 1.316722737599068882e+00 0.000000000000000000e+00
1.700499999000000040e+00 2.857847886378161562e+00 1.244862408184157943e+00 1.000000000000000000e+00 0.000000000000000000e+00 0.000000000000000000e+00 5.998809450159953149e-01 0.000000000000000000e+00 -4.193266238509762989e-01 -3.250625144612310224e-01 1.311854008413399608e+00 0.000000000000000000e+00
1.710499999000000049e+00 2.864709152360040978e+00 1.253058546012028041e+00 1.000000000000000000e+00 0.000000000000000000e+00 0.000000000000000000e+00 6.123308730562390112e-01 0.000000000000000000e+00 -4.178006154035799891e-01 -3.209644455472958624e-01 2.190221933915568187e+00 0.000000000000000000e+00
1.720499999000000058e+00 2.870110263188093036e+00 1.259531816084553890e+00 1.000000000000000000e+00 0.000000000000000000e+00 0.000000000000000000e+00 6.192926007839200109e-01 0.000000000000000000e+00 -4.165664136066115075e-01 -3.177278105110329376e-01 2.037882539438474971e+00 0.000000000000000000e+00
1.730499999000000066e+00 2.875039768017968456e+00 1.265456814389861018e+00 1.000000000000000000e+00 0.000000000000000000e+00 0.000000000000000000e+00 6.267565980485755306e-01 0.000000000000000000e+00 -4.154141480488143245e-01 -3.147653113583793738e-01 1.346603936214493036e+00 0.000000000000000000e+00
1.740499999000000075e+00 2.881318841133071462e+00 1.273028073294117934e+00 1.000000000000000000e+00 0.000000000000000000e+00 0.000000000000000000e+00 6.348225499722880416e-01 0.000000000000000000e+00 -4.139100280589109726e-01 -3.109796819062510265e-01 1.129523921404147924e+00 0.000000000000000000e+00
1.750499999000000084e+00 2.885272814401374841e+00 1.277810021874781210e+00 1.000000000000000000e+00 0.000000000000000000e+00 0.000000000000000000e+00 6.391639486553504224e-01 0.000000000000000000e+00 -4.129415695773542838e-01 -3.085887076159193887e-01 1.063771571770118829e+00 0.000000000000000000e+00
1.760499999000000093e+00 2.890048829166071087e+00 1.283601275114685025e+00 1.000000000000000000e+00 0.000000000000000000e+00 0.000000000000000000e+00 6.465832138744581625e-01 0.000000000000000000e+00 -4.117494076147764637e-01 -3.056930809959673701e-01 1.382920114534149203e+00 0.000000000000000000e+00
1.770499999000000102e+00 2.897279452213848305e+00 1.292401350202911470e+00 1.000000000000000000e+00 0.000000000000000000e+00 0.000000000000000000e+00 6.568354756819632101e-01 0.000000000000000000e+00 -4.098970483594486236e-01 -3.012930434518542588e-01 1.036402888063487904e+00 0.000000000000000000e+00
1.780499999000000111e+00 2.901061042780643362e+00 1.297019780099818886e+00 1.000000000000000000e+00 0.000000000000000000e+00 0.000000000000000000e+00 6.621435151933733332e-01 0.000000000000000000e+00 -4.089050267238014125e-01 -2.989838285034004395e-01 1.231476310786308925e+00 0.000000000000000000e+00
1.790499999000000120e+00 2.907048659129670032e+00 1.304355641373005303e+00 1.000000000000000000e+00 0.000000000000000000e+00 0.000000000000000000e+00 6.707959306098870700e-01 0.000000000000000000e+00 -4.073009171458727984e-01 -2.953158978668072310e-01 1.546306363397276895e+00 0.000000000000000000e+00
1.800499999000000129e+00 2.912811447687865929e+00 1.311443732948472718e+00 1.000000000000000000e+00 0.000000000000000000e+00 0.000000000000000000e+00 6.784760357481848247e-01 0.000000000000000000e+00 -4.057175810239895264e-01 -2.917718520790736347e-01 9.578348591845429194e-01 0.000000000000000000e+00
1.810499999000000138e+00 2.917782653142085181e+00 1.317580707968285303e+00 1.000000000000000000e+00 0.000000000000000000e+00 0.000000000000000000e+00 6.847326754582859776e-01 0.000000000000000000e+00 -4.043199182109193379e-01 -2.887033645691673422e-01 8.162863144506914415e-01 0.000000000000000000e+00
1.820499999000000146e+00 2.923058340671696786e+00 1.324117075305850433e+00 1.000000000000000000e+00 0.000000000000000000e+00 0.000000000000000000e+00 6.906986332468627587e-01 0.000000000000000000e+00 -4.028036844025266183e-01 -2.854351809003846663e-01 7.846104273083953640e-01 0.000000000000000000e+00
1.830499999000000155e+00 2.923058340671696786e+00 1.324117075305850433e+00 1.000000000000000000e+00 0.000000000000000000e+00 0.000000000000000000e+00 6.906986332468627587e-01 0.000000000000000000e+00 -4.028036844025266183e-01 -2.854351809003846663e-01 7.846104273083953640e-01 0.000000000000000000e+00
1.840499999000000164e+00 2.934825055517717107e+00 1.338786525561095342e+00 1.000000000000000000e+00 0.000000000000000000e+00 0.000000000000000000e+00 7.057634317248250300e-01 0.000000000000000000e+00 -3.992956668459040070e-01 -2.781004557727623228e-01 1.467874795324183079e+00 0.000000000000000000e+00
1.850499999000000173e+00 2.940765711621188494e+00 1.346242560189981674e+00 1.000000000000000000e+00 0.000000000000000000e+00 0.000000000000000000e+00 7.100985360844006555e-01 0.000000000000000000e+00 -3.974560250670144401e-01 -2.743724384583191567e-01 1.390832320943033551e+00 0.000000000000000000e+00
1.860499999000000182e+00 2.945318564940271777e+00 1.351980435008730774e+00 1.000000000000000000e+00 0.000000000000000000e+00 0.000000000000000000e+00 7.201858053986580632e-01 0.000000000000000000e+00 -3.960139253345456023e-01 -2.715035010489444955e-01 1.617350243379558350e+00 0.000000000000000000e+00
1.870499999000000191e+00 2.951903264720730835e+00 1.360316557811724447e+00 1.000000000000000000e+00 0.000000000000000000e+00 0.000000000000000000e+00 7.291006984587425910e-01 0.000000000000000000e+00 -3.938774230022195622e-01 -2.673354396474477701e-01 1.079336544120337305e+00 0.000000000000000000e+00
1.880499999000000200e+00 2.957662669463798188e+00 1.367645518840326035e+00 1.000000000000000000e+00 0.000000000000000000e+00 0.000000000000000000e+00 7.355530499952124268e-01 0.000000000000000000e+00 -3.919580491145517875e-01 -2.636709591331468649e-01 1.162735534408168681e+00 0.000000000000000000e+00
1.890499999000000209e+00 2.963447220596735932e+00 1.375043154387217692e+00 1.000000000000000000e+00 0.000000000000000000e+00 0.000000000000000000e+00 7.427394095019509423e-01 0.000000000000000000e+00 -3.899812500180667163e-01 -2.599721413597010367e-01 1.072323367349153012e+00 0.000000000000000000e+00
1.900499999000000217e+00 2.969544425442861790e+00 1.382881875628954482e+00 1.000000000000000000e+00 0.000000000000000000e+00 0.000000000000000000e+00 7.492252224703559449e-01 0.000000000000000000e+00 -3.878427497941078772e-01 -2.560527807388327526e-01 9.835913017449271489e-01 0.000000000000000000e+00
1.910499999000000226e+00 2.973330988316858825e+00 1.387771982788260416e+00 1.000000000000000000e+00 0.000000000000000000e+00 0.000000000000000000e+00 7.540677659852345061e-01 0.000000000000000000e+00 -3.864855360738798096e-01 -2.536077271591797855e-01 1.078932818182581688e+00 0.000000000000000000e+00
1.920499999000000013e+00 2.979468203361455014e+00 1.395734837502885073e+00 1.000000000000000000e+00 0.000000000000000000e+00 0.000000000000000000e+00 7.620133665158017600e-01 0.000000000000000000e+00 -3.842369660928201536e-01 -2.496262998018673462e-01 1.440488847275402051e+00 0.000000000000000000e+00
1.930499999000000022e+00 2.987397478912975135e+00 1.406093266929243191e+00 1.000000000000000000e+00 0.000000000000000000e+00 0.000000000000000000e+00 7.720731571657386549e-01 0.000000000000000000e+00 -3.812393781790126002e-01 -2.444470850886882873e-01 1.798031617883189881e+00 0.000000000000000000e+00
1.940499999000000031e+00 2.992708185626675732e+00 1.413077207039412864e+00 1.000000000000000000e+00 0.000000000000000000e+00 0.000000000000000000e+00 7.791471000352617748e-01 0.000000000000000000e+00 -3.791712302847884408e-01 -2.409551150336034508e-01 1.964015502522017842e+00 0.000000000000000000e+00
1.950499999000000040e+00 2.998926995209485025e+00 1.421304608679036185e+00 1.000000000000000000e+00 0.000000000000000000e+00 0.000000000000000000e+00 7.843248777351762291e-01 0.000000000000000000e+00 -3.766853363340474936e-01 -2.368414142137919010e-01 1.956715540191797498e+00 0.000000000000000000e+00
1.960499999000000049e+00 3.002786511470028952e+00 1.426438339895439000e+00 1.000000000000000000e+00 0.000000000000000000e+00 0.000000000000000000e+00 7.915647914545979047e-01 0.000000000000000000e+00 -3.751066555254499724e-01 -2.342745486055904935e-01 1.728963609383880939e+00 0.000000000000000000e+00
1.970499999000000058e+00 3.006651440401845843e+00 1.431601162777207614e+00 1.000000000000000000e+00 0.000000000000000000e+00 0.000000000000000000e+00 7.962848193773913730e-01 0.000000000000000000e+00 -3.734974036915459372e-01 -2.316931371647060756e-01 1.232182553430721139e+00 0.000000000000000000e+00
1.980499999000000066e+00 3.017970572403727125e+00 1.446853094618512081e+00 1.000000000000000000e+00 0.000000000000000000e+00 0.000000000000000000e+00 8.089825908848883307e-01 0.000000000000000000e+00 -3.686142893243602447e-01 -2.240671712440539531e-01 1.370461749082909630e+00 0.000000000000000000e+00
1.990499999000000075e+00 3.022745598755246732e+00 1.453348888470321176e+00 1.000000000000000000e+00 0.000000000000000000e+00 0.000000000000000000e+00 8.146573424015821629e-01 0.000000000000000000e+00 -3.664747914426094710e-01 -2.208192743181492945e-01 1.601139367493316090e+00 0.000000000000000000e+00
2.000499999000000084e+00 3.028722458823571273e+00 1.461533997909695293e+00 1.000000000000000000e+00 0.000000000000000000e+00 0.000000000000000000e+00 8.201749756800800206e-01 0.000000000000000000e+00 -3.637268329440194736e-01 -2.167267195984622363e-01 9.226880920302334976e-01 0.000000000000000000e+00
2.010499999000000315e+00 3.034109292633189625e+00 1.468964975418583840e+00 1.000000000000000000e+00 0.000000000000000000e+00 0.000000000000000000e+00 8.289354087508218338e-01 0.000000000000000000e+00 -3.611808777007177174e-01 -2.130112308440180735e-01 9.733110785149975408e-01 0.000000000000000000e+00
2.020499999000000102e+00 3.040402652314729615e+00 1.477714112214179254e+00 1.000000000000000000e+00 0.000000000000000000e+00 0.000000000000000000e+00 8.371837624938848199e-01 0.000000000000000000e+00 -3.581195917095204573e-01 -2.086366624462202557e-01 1.324781571173788475e+00 0.000000000000000000e+00
2.030499999000000333e+00 3.047002059170449861e+00 1.486970760886060727e+00 1.000000000000000000e+00 0.000000000000000000e+00 0.000000000000000000e+00 8.451887194516991553e-01 0.000000000000000000e+00 -3.548040655257920784e-01 -2.040083381102796301e-01 1.583493068878520926e+00 0.000000000000000000e+00
2.040499999000000120e+00 3.048202033141746981e+00 1.488663263912919144e+00 1.000000000000000000e+00 0.000000000000000000e+00 0.000000000000000000e+00 8.462515134292073471e-01 0.000000000000000000e+00 -3.541891765372339185e-01 -2.031620865968503109e-01 1.481655490609161463e+00 0.000000000000000000e+00
2.050499998999999907e+00 3.058692179697862112e+00 1.503587926847171241e+00 1.000000000000000000e+00 0.000000000000000000e+00 0.000000000000000000e+00 8.582771504535958718e-01 0.000000000000000000e+00 -3.486482204163006693e-01 -1.956997551297242621e-01 1.259461815571215615e+00 0.000000000000000000e+00
2.060499999000000138e+00 3.064076550707180768e+00 1.511342573395507483e+00 1.000000000000000000e+00 0.000000000000000000e+00 0.000000000000000000e+00 8.636632523803559058e-01 0.000000000000000000e+00 -3.456830353812753720e-01 -1.918224318555562524e-01 1.177643955485079497e+00 0.000000000000000000e+00
2.070499998999999924e+00 3.066467033854384461e+00 1.514806921763157677e+00 1.000000000000000000e+00 0.000000000000000000e+00 0.000000000000000000e+00 8.660870919125477352e-01 0.000000000000000000e+00 -3.443388292294174424e-01 -1.900902576717310444e-01 1.185100244914465417e+00 0.000000000000000000e+00
2.080499999000000155e+00 3.077203822642208486e+00 1.530539390690063284e+00 1.000000000000000000e+00 0.000000000000000000e+00 0.000000000000000000e+00 8.805369516495077375e-01 0.000000000000000000e+00 -3.380786250195325637e-01 -1.822240232082782407e-01 2.039733340853314036e+00 0.000000000000000000e+00
2.090499998999999942e+00 3.082558590913197172e+00 1.538497112570454739e+00 1.000000000000000000e+00 0.000000000000000000e+00 0.000000000000000000e+00 8.874958543578037595e-01 0.000000000000000000e+00 -3.348121090997501770e-01 -1.782451622680826242e-01 1.945307007601417171e+00 0.000000000000000000e+00
2.100499999000000173e+00 3.088495828936853815e+00 1.547413271054723038e+00 1.000000000000000000e+00 0.000000000000000000e+00 0.000000000000000000e+00 8.951195720140810996e-01 0.000000000000000000e+00 -3.310695659791739187e-01 -1.737870830259483634e-01 9.953901513268290646e-01 0.000000000000000000e+00
2.110499998999999960e+00 3.093824250200504444e+00 1.555502835216304947e+00 1.000000000000000000e+00 0.000000000000000000e+00 0.000000000000000000e+00 9.003123302260466199e-01 0.000000000000000000e+00 -3.275963562534024986e-01 -1.697423009451574094e-01 9.273944172050079260e-01 0.000000000000000000e+00
2.120499999000000191e+00 3.097955270043844855e+00 1.561834587616065306e+00 1.000000000000000000e+00 0.000000000000000000e+00 0.000000000000000000e+00 9.067516651290210561e-01 0.000000000000000000e+00 -3.248249520226317300e-01 -1.665764247452773406e-01 1.008128306963384846e+00 0.000000000000000000e+00
2.130499998999999978e+00 3.106173002987399290e+00 1.574596004050577980e+00 1.000000000000000000e+00 0.000000000000000000e+00 0.000000000000000000e+00 9.153049369146710745e-01 0.000000000000000000e+00 -3.190935624333594012e-01 -1.601957165280208928e-01 1.028369542985688501e+00 0.000000000000000000e+00
2.140499999000000209e+00 3.110257227732590835e+00 1.581025504205073373e+00 1.000000000000000000e+00 0.000000000000000000e+00 0.000000000000000000e+00 9.193489343766819699e-01 0.000000000000000000e+00 -3.161298480806453148e-01 -1.569809664507731961e-01 9.465764338572129066e-01 0.000000000000000000e+00
2.150499998999999995e+00 3.118084777776225280e+00 1.593521961159585887e+00 1.000000000000000000e+00 0.000000000000000000e+00 0.000000000000000000e+00 9.303567550481784965e-01 0.000000000000000000e+00 -3.102177429657518859e-01 -1.507327379735169393e-01 1.184501511848984112e+00 0.000000000000000000e+00
2.160499999000000226e+00 3.123265323745416211e+00 1.601927051156305959e+00 1.000000000000000000e+00 0.000000000000000000e+00 0.000000000000000000e+00 9.371018912177820903e-01 0.000000000000000000e+00 -3.061244216755615311e-01 -1.465301929751569032e-01 1.270421957731759033e+00 0.000000000000000000e+00
2.170499999000000013e+00 3.125271357648086834e+00 1.605212265082165635e+00 1.000000000000000000e+00 0.000000000000000000e+00 0.000000000000000000e+00 9.386325502456654979e-01 0.000000000000000000e+00 -3.044981174765535314e-01 -1.448875860122270653e-01 1.261333862667582739e+00 0.000000000000000000e+00
2.180499999000000244e+00 3.133527073292730059e+00 1.618924081007985460e+00 1.000000000000000000e+00 0.000000000000000000e+00 0.000000000000000000e+00 9.499479246848796521e-01 0.000000000000000000e+00 -2.975443014015708432e-01 -1.380316780493172635e-01 1.114052667409597408e+00 0.000000000000000000e+00
2.190499999000000031e+00 3.139443046008915772e+00 1.628953680392670078e+00 1.000000000000000000e+00 0.000000000000000000e+00 0.000000000000000000e+00 9.586490933964854078e-01 0.000000000000000000e+00 -2.922815112747039201e-01 -1.330168783569748436e-01 1.300168192675977386e+00 0.000000000000000000e+00
2.200499999000000262e+00 3.145296349214611986e+00 1.639060776806373410e+00 1.000000000000000000e+00 0.000000000000000000e+00 0.000000000000000000e+00 9.625806108288522678e-01 0.000000000000000000e+00 -2.868193759963788003e-01 -1.279633301501231779e-01 1.274944911240898815e+00 0.000000000000000000e+00
2.210499999000000049e+00 3.149708616367833613e+00 1.646810371273031981e+00 1.000000000000000000e+00 0.000000000000000000e+00 0.000000000000000000e+00 9.708288005749375893e-01 0.000000000000000000e+00 -2.825185217995518361e-01 -1.240885329167938922e-01 1.366633890035448440e+00 0.000000000000000000e+00
2.220499999000000280e+00 3.156514338123383112e+00 1.659004720166797231e+00 1.000000000000000000e+00 0.000000000000000000e+00 0.000000000000000000e+00 9.777694621431910482e-01 0.000000000000000000e+00 -2.755425604911445059e-01 -1.179913584699113782e-01 1.006601860248860447e+00 0.000000000000000000e+00
2.230499999000000066e+00 3.161077419599877203e+00 1.667359368748486226e+00 1.000000000000000000e+00 0.000000000000000000e+00 0.000000000000000000e+00 9.847017315452379904e-01 0.000000000000000000e+00 -2.706086396192111110e-01 -1.138140341790668808e-01 9.515555708125000844e-01 0.000000000000000000e+00
2.240499999000000297e+00 3.166637369104802424e+00 1.677753182696311685e+00 1.000000000000000000e+00 0.000000000000000000e+00 0.000000000000000000e+00 9.934631762716901182e-01 0.000000000000000000e+00 -2.642848973486308095e-01 -1.086171272051540404e-01 1.257248476153927763e+00 0.000000000000000000e+00
2.250499999000000084e+00 3.172880631322227529e+00 1.689735057334762036e+00 1.000000000000000000e+00 0.000000000000000000e+00 0.000000000000000000e+00 1.002994853739223258e+00 0.000000000000000000e+00 -2.567240368867674261e-01 -1.026261898859289756e-01 1.783776698126722682e+00 0.000000000000000000e+00
2.260499999000000315e+00 3.176463859457145933e+00 1.696776466311666898e+00 1.000000000000000000e+00 0.000000000000000000e+00 0.000000000000000000e+00 1.008404889816124195e+00 0.000000000000000000e+00 -2.521370809466678131e-01 -9.910548539747654484e-02 2.125626505554430778e+00 0.000000000000000000e+00
2.270499999000000102e+00 3.182495021938451352e+00 1.708932490259783998e+00 1.000000000000000000e+00 0.000000000000000000e+00 0.000000000000000000e+00 1.015517209650227626e+00 0.000000000000000000e+00 -2.439507723251057025e-01 -9.302747342341788350e-02 1.114665214263744764e+00 0.000000000000000000e+00
2.280499999000000333e+00 3.186673312079362219e+00 1.717603418307393159e+00 1.000000000000000000e+00 0.000000000000000000e+00 0.000000000000000000e+00 1.022100551023119142e+00 0.000000000000000000e+00 -2.378908866098690678e-01 -8.869200939961341401e-02 1.061229560181477405e+00 0.000000000000000000e+00
2.290499999000000120e+00 3.192662409626010778e+00 1.730441245881465306e+00 1.000000000000000000e+00 0.000000000000000000e+00 0.000000000000000000e+00 1.031028073325767958e+00 0.000000000000000000e+00 -2.285531085533060724e-01 -8.227309561257734050e-02 9.595907883442299502e-01 0.000000000000000000e+00
2.300499999000000351e+00 3.195930283137173422e+00 1.737676457167981026e+00 1.000000000000000000e+00 0.000000000000000000e+00 0.000000000000000000e+00 1.035850350275554499e+00 0.000000000000000000e+00 -2.230833907007618300e-01 -7.865548996931936987e-02 1.043930580563294352e+00 0.000000000000000000e+00
2.310499999000000138e+00 3.202267048605198063e+00 1.752251599409774263e+00 1.000000000000000000e+00 0.000000000000000000e+00 0.000000000000000000e+00 1.046042638914374434e+00 0.000000000000000000e+00 -2.115660582450835103e-01 -7.136791884842275113e-02 1.422758804012782763e+00 0.000000000000000000e+00
2.320499998999999924e+00 3.205760753053363388e+00 1.760645671749137886e+00 1.000000000000000000e+00 0.000000000000000000e+00 0.000000000000000000e+00 1.050017559523864552e+00 0.000000000000000000e+00 -2.046021542031190577e-01 -6.717088267874105068e-02 1.403283142631098768e+00 0.000000000000000000e+00
2.330499999000000155e+00 3.209571757002656511e+00 1.770148067579434104e+00 1.000000000000000000e+00 0.000000000000000000e+00 0.000000000000000000e+00 1.059161360665063389e+00 0.000000000000000000e+00 -1.963951808009730127e-01 -6.241968476359283091e-02 1.605296857235131380e+00 0.000000000000000000e+00
2.340499998999999942e+00 3.213446985331032124e+00 1.780246955606329173e+00 1.000000000000000000e+00 0.000000000000000000e+00 0.000000000000000000e+00 1.066474954051964907e+00 0.000000000000000000e+00 -1.872579277631145622e-01 -5.737024075014540703e-02 1.572342164478922388e+00 0.000000000000000000e+00
2.350499999000000173e+00 3.217156714839108922e+00 1.790412809899268654e+00 1.000000000000000000e+00 0.000000000000000000e+00 0.000000000000000000e+00 1.073090265830141554e+00 0.000000000000000000e+00 -1.775769254380202278e-01 -5.228731360367555592e-02 1.283118960344358461e+00 0.000000000000000000e+00
2.360499998999999960e+00 3.222112130356098447e+00 1.804965024577407373e+00 1.000000000000000000e+00 0.000000000000000000e+00 0.000000000000000000e+00 1.080087609319369868e+00 0.000000000000000000e+00 -1.627429812541488219e-01 -4.501120626460630714e-02 9.483674644522167574e-01 0.000000000000000000e+00
2.370499999000000191e+00 3.225022226723258889e+00 1.814189201958011255e+00 1.000000000000000000e+00 0.000000000000000000e+00 0.000000000000000000e+00 1.086365614625540488e+00 0.000000000000000000e+00 -1.526438396691190413e-01 -4.039911757430425521e-02 7.943296438858094000e-01 0.000000000000000000e+00
2.380499998999999978e+00 3.225022226723258889e+00 1.814189201958011255e+00 1.000000000000000000e+00 0.000000000000000000e+00 0.000000000000000000e+00 1.086365614625540488e+00 0.000000000000000000e+00 -1.526438396691190413e-01 -4.039911757430425521e-02 7.943296438858094000e-01 0.000000000000000000e+00
2.390499999000000209e+00 3.230718956546820841e+00 1.834438887655906347e+00 1.000000000000000000e+00 0.000000000000000000e+00 0.000000000000000000e+00 1.101107301782977110e+00 0.000000000000000000e+00 -1.280617626249334062e-01 -3.027427472535670905e-02 1.929081395265592302e+00 0.000000000000000000e+00
2.400499998999999995e+00 3.233998574606832044e+00 1.848264121314307618e+00 1.000000000000000000e+00 0.000000000000000000e+00 0.000000000000000000e+00 1.110624675757139190e+00 0.000000000000000000e+00 -1.087412645061171523e-01 -2.336165789615607391e-02 2.306998373599140173e+00 0.000000000000000000e+00
2.410499999000000226e+00 3.236330802816704377e+00 1.859970980156997467e+00 1.000000000000000000e+00 0.000000000000000000e+00 0.000000000000000000e+00 1.116314635526017174e+00 0.000000000000000000e+00 -9.004973871487020887e-02 -1.750822847481126043e-02 1.478942487355168867e+00 0.000000000000000000e+00
2.420499999000000013e+00 3.237885634558213432e+00 1.869510178280562318e+00 1.000000000000000000e+00 0.000000000000000000e+00 0.000000000000000000e+00 1.124856322749310467e+00 0.000000000000000000e+00 -7.252552204580925421e-02 -1.273862941302883467e-02 9.490492180786922471e-01 0.000000000000000000e+00
2.430499999000000244e+00 3.237885634558213432e+00 1.869510178280562318e+00 1.000000000000000000e+00 0.000000000000000000e+00 0.000000000000000000e+00 1.124856322749310467e+00 0.000000000000000000e+00 -7.252552204580925421e-02 -1.273862941302883467e-02 9.490492180786922471e-01 0.000000000000000000e+00
2.440499999000000031e+00 3.239909378515370086e+00 1.890448030544412905e+00 1.000000000000000000e+00 0.000000000000000000e+00 0.000000000000000000e+00 1.137758661244500979e+00 0.000000000000000000e+00 -1.894327159102221492e-02 -2.269703281103541137e-03 2.077221880546563870e+00 0.000000000000000000e+00
2.450499999000000262e+00 3.239998507495514879e+00 1.894434771992772770e+00 1.000000000000000000e+00 0.000000000000000000e+00 0.000000000000000000e+00 1.139068985245728971e+00 0.000000000000000000e+00 -2.677044933448169406e-03 -2.763325569236085855e-04 1.967111408648348769e+00 0.000000000000000000e+00
2.460499999000000049e+00 2.764358531473283254e+00 1.916799266482131170e+00 1.000000000000000000e+00 0.000000000000000000e+00 0.000000000000000000e+00 1.151803143626193071e+00 0.000000000000000000e+00 -0.000000000000000000e+00 -9.949874371066198542e-01 2.427403400065751171e+00 0.000000000000000000e+00
2.470499999000000280e+00 2.764358531473283254e+00 1.927213342141978369e+00 1.000000000000000000e+00 0.000000000000000000e+00 0.000000000000000000e+00 1.160295339998785868e+00 0.000000000000000000e+00 -0.000000000000000000e+00 -9.949874371066198542e-01 9.487976909524646896e-01 0.000000000000000000e+00
2.480499999000000066e+00 2.764358531473283254e+00 1.938272438165736578e+00 1.000000000000000000e+00 0.000000000000000000e+00 0.000000000000000000e+00 1.165266392707147380e+00 0.000000000000000000e+00 -0.000000000000000000e+00 -9.949874371066198542e-01 9.375043990564927432e-01 0.000000000000000000e+00
2.490499999000000297e+00 2.764358531473283254e+00 1.947639900138279589e+00 1.000000000000000000e+00 0.000000000000000000e+00 0.000000000000000000e+00 1.173874036578811175e+00 0.000000000000000000e+00 -0.000000000000000000e+00 -9.949874371066198542e-01 1.264778815214822272e+00 0.000000000000000000e+00
2.500000000000000000e+00 2.764358531473283254e+00 1.957647190068035004e+00 1.000000000000000000e+00 0.000000000000000000e+00 0.000000000000000000e+00 1.180338907320376496e+00 0.000000000000000000e+00 -0.000000000000000000e+00 -9.949874371066198542e-01 1.491372760423313570e+00 0.000000000000000000e+00
2.510000000000000231e+00 2.764358531473283254e+00 1.970081827533936458e+00 1.000000000000000000e+00 0.000000000000000000e+00 0.000000000000000000e+00 1.187712737976235333e+00 0.000000000000000000e+00 -0.000000000000000000e+00 -9.949874371066198542e-01 1.624616061946343892e+00 0.000000000000000000e+00
2.520000000000000018e+00 2.764358531473283254e+00 1.975434037299953927e+00 1.000000000000000000e+00 0.000000000000000000e+00 0.000000000000000000e+00 1.189379948003836729e+00 0.000000000000000000e+00 -0.000000000000000000e+00 -9.949874371066198542e-01 1.109665813365678488e+00 0.000000000000000000e+00
2.530000000000000249e+00 2.764358531473283254e+00 1.998781721293080738e+00 1.000000000000000000e+00 0.000000000000000000e+00 0.000000000000000000e+00 1.203754721048834186e+00 0.000000000000000000e+00 -0.000000000000000000e+00 -9.949874371066198542e-01 1.925479806898966917e+00 0.000000000000000000e+00
2.540000000000000036e+00 2.764358531473283254e+00 2.009040734984478771e+00 1.000000000000000000e+00 0.000000000000000000e+00 0.000000000000000000e+00 1.206942787223273417e+00 0.000000000000000000e+00 -0.000000000000000000e+00 -9.949874371066198542e-01 1.742084819206265234e+00 0.000000000000000000e+00
2.550000000000000266e+00 2.764358531473283254e+00 2.017528882752976038e+00 1.000000000000000000e+00 0.000000000000000000e+00 0.000000000000000000e+00 1.215054610188344819e+00 0.000000000000000000e+00 -0.000000000000000000e+00 -9.949874371066198542e-01 2.065585268140000430e+00 0.000000000000000000e+00
2.560000000000000053e+00 2.764358531473283254e+00 2.030331583318906841e+00 1.000000000000000000e+00 0.000000000000000000e+00 0.000000000000000000e+00 1.222904008195282666e+00 0.000000000000000000e+00 -0.000000000000000000e+00 -9.949874371066198542e-01 1.905911757416732799e+00 0.000000000000000000e+00
2.570000000000000284e+00 2.764358531473283254e+00 2.035843725422621819e+00 1.000000000000000000e+00 0.000000000000000000e+00 0.000000000000000000e+00 1.224920467492291998e+00 0.000000000000000000e+00 -0.000000000000000000e+00 -9.949874371066198542e-01 1.535124688850324493e+00 0.000000000000000000e+00
2.580000000000000071e+00 2.764358531473283254e+00 2.058651428601479871e+00 1.000000000000000000e+00 0.000000000000000000e+00 0.000000000000000000e+00 1.232848820478816165e+00 0.000000000000000000e+00 -0.000000000000000000e+00 -9.949874371066198542e-01 1.509517621790849029e+00 0.000000000000000000e+00
2.590000000000000302e+00 2.764358531473283254e+00 2.070450019712100076e+00 1.000000000000000000e+00 0.000000000000000000e+00 0.000000000000000000e+00 1.241956959012644690e+00 0.000000000000000000e+00 -0.000000000000000000e+00 -9.949874371066198542e-01 1.567886103376446183e+00 0.000000000000000000e+00
2.600000000000000089e+00 2.764358531473283254e+00 2.079806911614844989e+00 1.000000000000000000e+00 0.000000000000000000e+00 0.000000000000000000e+00 1.249962882478721227e+00 0.000000000000000000e+00 -0.000000000000000000e+00 -9.949874371066198542e-01 1.053387768304960836e+00 0.000000000000000000e+00
2.610000000000000320e+00 2.764358531473283254e+00 2.092343445677879554e+00 1.000000000000000000e+00 0.000000000000000000e+00 0.000000000000000000e+00 1.257044391997943267e+00 0.000000000000000000e+00 -0.000000000000000000e+00 -9.949874371066198542e-01 1.286525847666307065e+00 0.000000000000000000e+00
2.620000000000000107e+00 2.764358531473283254e+00 2.102424729296518358e+00 1.000000000000000000e+00 0.000000000000000000e+00 0.000000000000000000e+00 1.261820411162195787e+00 0.000000000000000000e+00 -0.000000000000000000e+00 -9.949874371066198542e-01 1.070189313287711608e+00 0.000000000000000000e+00
2.630000000000000338e+00 2.764358531473283254e+00 2.121457345168275666e+00 1.000000000000000000e+00 0.000000000000000000e+00 0.000000000000000000e+00 1.268841058117143428e+00 0.000000000000000000e+00 -0.000000000000000000e+00 -9.949874371066198542e-01 1.079161401036990764e+00 0.000000000000000000e+00
2.640000000000000124e+00 2.764358531473283698e+00 2.133600544012082434e+00 1.000000000000000000e+00 0.000000000000000000e+00 0.000000000000000000e+00 1.281202999940683318e+00 0.000000000000000000e+00 -0.000000000000000000e+00 -9.949874371066200762e-01 1.223289122289165309e+00 0.000000000000000000e+00
2.650000000000000355e+00 2.764358531473283254e+00 2.141946924495229609e+00 1.000000000000000000e+00 0.000000000000000000e+00 0.000000000000000000e+00 1.285806506564797447e+00 0.000000000000000000e+00 -0.000000000000000000e+00 -9.949874371066198542e-01 1.275837362993296642e+00 0.000000000000000000e+00
2.660000000000000142e+00 2.764358531473283254e+00 2.161964434227105158e+00 1.000000000000000000e+00 0.000000000000000000e+00 0.000000000000000000e+00 1.295518360691330528e+00 0.000000000000000000e+00 -0.000000000000000000e+00 -9.949874371066198542e-01 1.096596786835210890e+00 0.000000000000000000e+00
2.670000000000000373e+00 2.764358531473283254e+00 2.166506151697444871e+00 1.000000000000000000e+00 0.000000000000000000e+00 0.000000000000000000e+00 1.297633562954264130e+00 0.000000000000000000e+00 -0.000000000000000000e+00 -9.949874371066198542e-01 1.110408242820521085e+00 0.000000000000000000e+00
2.680000000000000160e+00 2.764358531473283254e+00 2.183447525531239997e+00 1.000000000000000000e+00 0.000000000000000000e+00 0.000000000000000000e+00 1.306622042090602731e+00 0.000000000000000000e+00 -0.000000000000000000e+00 -9.949874371066198542e-01 8.570878374907954234e-01 0.000000000000000000e+00
2.689999999999999947e+00 2.764358531473283254e+00 2.199849910868166170e+00 1.000000000000000000e+00 0.000000000000000000e+00 0.000000000000000000e+00 1.316597540708405401e+00 0.000000000000000000e+00 -0.000000000000000000e+00 -9.949874371066198542e-01 1.661985047567442919e+00 0.000000000000000000e+00
2.700000000000000178e+00 2.764358531473283254e+00 2.209085854039528840e+00 1.000000000000000000e+00 0.000000000000000000e+00 0.000000000000000000e+00 1.320934840163218160e+00 0.000000000000000000e+00 -0.000000000000000000e+00 -9.949874371066198542e-01 1.690028600088894439e+00 0.000000000000000000e+00
2.709999999999999964e+00 2.764358531473283254e+00 2.223675649392782283e+00 1.000000000000000000e+00 0.000000000000000000e+00 0.000000000000000000e+00 1.328487920774068076e+00 0.000000000000000000e+00 -0.000000000000000000e+00 -9.949874371066198542e-01 1.702323561885231484e+00 0.000000000000000000e+00
2.720000000000000195e+00 2.764358531473283698e+00 2.232340935143792837e+00 1.000000000000000000e+00 0.000000000000000000e+00 0.000000000000000000e+00 1.334262103992063686e+00 0.000000000000000000e+00 -0.000000000000000000e+00 -9.949874371066200762e-01 1.495113494653012021e+00 0.000000000000000000e+00
2.729999999999999982e+00 2.764358531473283254e+00 2.252454685554461378e+00 1.000000000000000000e+00 0.000000000000000000e+00 0.000000000000000000e+00 1.345385168177131607e+00 0.000000000000000000e+00 -0.000000000000000000e+00 -9.949874371066198542e-01 1.027021680356733357e+00 0.000000000000000000e+00
2.740000000000000213e+00 2.764358531473283698e+00 2.265271583683532430e+00 1.000000000000000000e+00 0.000000000000000000e+00 0.000000000000000000e+00 1.350610467450981123e+00 0.000000000000000000e+00 -0.000000000000000000e+00 -9.949874371066200762e-01 9.885298341665900157e-01 0.000000000000000000e+00
2.750000000000000000e+00 2.764358531473283698e+00 2.276110633564100372e+00 1.000000000000000000e+00 0.000000000000000000e+00 0.000000000000000000e+00 1.356549263327919697e+00 0.000000000000000000e+00 -0.000000000000000000e+00 -9.949874371066200762e-01 9.549157447795080245e-01 0.000000000000000000e+00
2.760000000000000231e+00 2.764358531473283254e+00 2.291085739137304067e+00 1.000000000000000000e+00 0.000000000000000000e+00 0.000000000000000000e+00 1.363471688770830026e+00 0.000000000000000000e+00 -0.000000000000000000e+00 -9.949874371066198542e-01 9.863851939530127177e-01 0.000000000000000000e+00
2.770000000000000018e+00 2.764358531473283698e+00 2.299975231573581080e+00 1.000000000000000000e+00 0.000000000000000000e+00 0.000000000000000000e+00 1.369444807809894193e+00 0.000000000000000000e+00 -0.000000000000000000e+00 -9.949874371066200762e-01 1.120705368038773297e+00 0.000000000000000000e+00
2.780000000000000249e+00 2.764358531473283698e+00 2.320609929864569931e+00 1.000000000000000000e+00 0.000000000000000000e+00 0.000000000000000000e+00 1.380621482168483682e+00 0.000000000000000000e+00 -0.000000000000000000e+00 -9.949874371066200762e-01 1.322356146591041171e+00 0.000000000000000000e+00
2.790000000000000036e+00 2.764358531473283698e+00 2.333768550923753349e+00 1.000000000000000000e+00 0.000000000000000000e+00 0.000000000000000000e+00 1.387268333146173038e+00 0.000000000000000000e+00 -0.000000000000000000e+00 -9.949874371066200762e-01 1.244093080103140903e+00 0.000000000000000000e+00
2.800000000000000266e+00 2.764358531473283698e+00 2.344903024929876789e+00 1.000000000000000000e+00 0.000000000000000000e+00 0.000000000000000000e+00 1.393659262220813266e+00 0.000000000000000000e+00 -0.000000000000000000e+00 -9.949874371066200762e-01 1.156910804617275801e+00 0.000000000000000000e+00
2.810000000000000053e+00 2.764358531473283698e+00 2.360287430140557863e+00 1.000000000000000000e+00 0.000000000000000000e+00 0.000000000000000000e+00 1.400974361731875728e+00 0.000000000000000000e+00 -0.000000000000000000e+00 -9.949874371066200762e-01 1.210364900144540901e+00 0.000000000000000000e+00
2.820000000000000284e+00 2.764358531473283254e+00 2.375752346440641816e+00 1.000000000000000000e+00 0.000000000000000000e+00 0.000000000000000000e+00 1.409328010354178318e+00 0.000000000000000000e+00 -0.000000000000000000e+00 -9.949874371066198542e-01 1.182782800832268943e+00 0.000000000000000000e+00
2.830000000000000071e+00 2.764358531473283698e+00 2.392006097484535854e+00 1.000000000000000000e+00 0.000000000000000000e+00 0.000000000000000000e+00 1.416966243930033231e+00 0.000000000000000000e+00 -0.000000000000000000e+00 -9.949874371066200762e-01 1.121248789133466151e+00 0.000000000000000000e+00
2.840000000000000302e+00 2.764358531473283698e+00 2.405502707328682543e+00 1.000000000000000000e+00 0.000000000000000000e+00 0.000000000000000000e+00 1.423948197157600237e+00 0.000000000000000000e+00 -0.000000000000000000e+00 -9.949874371066200762e-01 1.319265634519800612e+00 0.000000000000000000e+00
2.850000000000000089e+00 2.764358531473283254e+00 2.421213118322496527e+00 1.000000000000000000e+00 0.000000000000000000e+00 0.000000000000000000e+00 1.432174783034999788e+00 0.000000000000000000e+00 -0.000000000000000000e+00 -9.949874371066198542e-01 1.402633384379342152e+00 0.000000000000000000e+00
2.860000000000000320e+00 2.764358531473283698e+00 2.431977544035701211e+00 1.000000000000000000e+00 0.000000000000000000e+00 0.000000000000000000e+00 1.437975227291852010e+00 0.000000000000000000e+00 -0.000000000000000000e+00 -9.949874371066200762e-01 1.823947980599460283e+00 0.000000000000000000e+00
2.870000000000000107e+00 2.764358531473283254e+00 2.446398444953822526e+00 1.000000000000000000e+00 0.000000000000000000e+00 0.000000000000000000e+00 1.445767255498126236e+00 0.000000000000000000e+00 -0.000000000000000000e+00 -9.949874371066198542e-01 1.476291465459294461e+00 0.000000000000000000e+00
2.880000000000000338e+00 2.764358531473283698e+00 2.463075743560165787e+00 1.000000000000000000e+00 0.000000000000000000e+00 0.000000000000000000e+00 1.454135207594215995e+00 0.000000000000000000e+00 -0.000000000000000000e+00 -9.949874371066200762e-01 1.363586442177096014e+00 0.000000000000000000e+00
2.890000000000000124e+00 2.764358531473283254e+00 2.476191869541486845e+00 1.000000000000000000e+00 0.000000000000000000e+00 0.000000000000000000e+00 1.458019848989844158e+00 0.000000000000000000e+00 -0.000000000000000000e+00 -9.949874371066198542e-01 1.123722989164139818e+00 0.000000000000000000e+00
2.900000000000000355e+00 2.764358531473283254e+00 2.493028964338941833e+00 1.000000000000000000e+00 0.000000000000000000e+00 0.000000000000000000e+00 1.466726243028897425e+00 0.000000000000000000e+00 -0.000000000000000000e+00 -9.949874371066198542e-01 1.059595302074631595e+00 0.000000000000000000e+00
2.910000000000000142e+00 2.764358531473283698e+00 2.504793983977124494e+00 1.000000000000000000e+00 0.000000000000000000e+00 0.000000000000000000e+00 1.473210790670483661e+00 0.000000000000000000e+00 -0.000000000000000000e+00 -9.949874371066200762e-01 1.377808899064272952e+00 0.000000000000000000e+00
2.920000000000000373e+00 2.764358531473283698e+00 2.518823309084689210e+00 1.000000000000000000e+00 0.000000000000000000e+00 0.000000000000000000e+00 1.479658216012091243e+00 0.000000000000000000e+00 -0.000000000000000000e+00 -9.949874371066200762e-01 1.675738258078896648e+00 0.000000000000000000e+00
2.930000000000000160e+00 2.764358531473283698e+00 2.538129033166019344e+00 1.000000000000000000e+00 0.000000000000000000e+00 0.000000000000000000e+00 1.489790803219150694e+00 0.000000000000000000e+00 -0.000000000000000000e+00 -9.949874371066200762e-01 1.255156258983699091e+00 0.000000000000000000e+00
2.940000000000000391e+00 2.764358531473283254e+00 2.550073764210017302e+00 1.000000000000000000e+00 0.000000000000000000e+00 0.000000000000000000e+00 1.495043510354471916e+00 0.000000000000000000e+00 -0.000000000000000000e+00 -9.949874371066198542e-01 1.025776702505194704e+00 0.000000000000000000e+00
2.950000000000000178e+00 2.764358531473283698e+00 2.567331772556675329e+00 1.000000000000000000e+00 0.000000000000000000e+00 0.000000000000000000e+00 1.503759801591206369e+00 0.000000000000000000e+00 -0.000000000000000000e+00 -9.949874371066200762e-01 9.965799508999741985e-01 0.000000000000000000e+00
2.959999999999999964e+00 2.764358531473283254e+00 2.583174493255403270e+00 1.000000000000000000e+00 0.000000000000000000e+00 0.000000000000000000e+00 1.511291763140900857e+00 0.000000000000000000e+00 -0.000000000000000000e+00 -9.949874371066198542e-01 7.622639293976424257e-01 0.000000000000000000e+00
2.970000000000000195e+00 2.764358531473283698e+00 2.593778246726229586e+00 1.000000000000000000e+00 0.000000000000000000e+00 0.000000000000000000e+00 1.514821924403733977e+00 0.000000000000000000e+00 -0.000000000000000000e+00 -9.949874371066200762e-01 7.548807642041075461e-01 0.000000000000000000e+00
2.979999999999999982e+00 2.764358531473283698e+00 2.605936207399008442e+00 1.000000000000000000e+00 0.000000000000000000e+00 0.000000000000000000e+00 1.521711993888342773e+00 0.000000000000000000e+00 -0.000000000000000000e+00 -9.949874371066200762e-01 7.831858893837209123e-01 0.000000000000000000e+00
2.990000000000000213e+00 2.764358531473283698e+00 2.626550195927981779e+00 1.000000000000000000e+00 0.000000000000000000e+00 0.000000000000000000e+00 1.531483883797829071e+00 0.000000000000000000e+00 -0.000000000000000000e+00 -9.949874371066200762e-01 1.326646664566315525e+00 0.000000000000000000e+00
3.000000000000000000e+00 2.764358531473283254e+00 2.643442176289372725e+00 1.000000000000000000e+00 0.000000000000000000e+00 0.000000000000000000e+00 1.538380499422108194e+00 0.000000000000000000e+00 -0.000000000000000000e+00 -9.949874371066198542e-01 1.358414437021842280e+00 0.000000000000000000e+00
3.010000000000000231e+00 2.764358531473283254e+00 2.654238370630426225e+00 1.000000000000000000e+00 0.000000000000000000e+00 0.000000000000000000e+00 1.544587392225241995e+00 0.000000000000000000e+00 -0.000000000000000000e+00 -9.949874371066198542e-01 1.509325255563070067e+00 0.000000000000000000e+00
3.020000000000000018e+00 2.764358531473283698e+00 2.670503258515134259e+00 1.000000000000000000e+00 0.000000000000000000e+00 0.000000000000000000e+00 1.552162066042163557e+00 0.000000000000000000e+00 -0.000000000000000000e+00 -9.949874371066200762e-01 1.195119449282583846e+00 0.000000000000000000e+00
3.030000000000000249e+00 2.764358531473283254e+00 2.682953389607778405e+00 1.000000000000000000e+00 0.000000000000000000e+00 0.000000000000000000e+00 1.557431282001592754e+00 0.000000000000000000e+00 -0.000000000000000000e+00 -9.949874371066198542e-01 1.176017444820458779e+00 0.000000000000000000e+00
3.040000000000000036e+00 2.764358531473283254e+00 2.698583479983379441e+00 1.000000000000000000e+00 0.000000000000000000e+00 0.000000000000000000e+00 1.565707325404053218e+00 0.000000000000000000e+00 -0.000000000000000000e+00 -9.949874371066198542e-01 1.057780537325115455e+00 0.000000000000000000e+00
3.050000000000000266e+00 2.764358531473283698e+00 2.721369526139228778e+00 1.000000000000000000e+00 0.000000000000000000e+00 0.000000000000000000e+00 1.575570117495490807e+00 0.000000000000000000e+00 -0.000000000000000000e+00 -9.949874371066200762e-01 1.288738417923636081e+00 0.000000000000000000e+00
3.060000000000000053e+00 2.764358531473283698e+00 2.734791347783420701e+00 1.000000000000000000e+00 0.000000000000000000e+00 0.000000000000000000e+00 1.581550248772960687e+00 0.000000000000000000e+00 -0.000000000000000000e+00 -9.949874371066200762e-01 1.036633519694145855e+00 0.000000000000000000e+00
3.070000000000000284e+00 2.764358531473283254e+00 2.745881495414096207e+00 1.000000000000000000e+00 0.000000000000000000e+00 0.000000000000000000e+00 1.586570632050579022e+00 0.000000000000000000e+00 -0.000000000000000000e+00 -9.949874371066198542e-01 9.839808414202375619e-01 0.000000000000000000e+00
3.080000000000000071e+00 2.764358531473283254e+00 2.769763989394284920e+00 1.000000000000000000e+00 0.000000000000000000e+00 0.000000000000000000e+00 1.597516596743808082e+00 0.000000000000000000e+00 -0.000000000000000000e+00 -9.949874371066198542e-01 1.099320452224765932e+00 0.000000000000000000e+00
3.090000000000000302e+00 2.764358531473283254e+00 2.777761988139523908e+00 1.000000000000000000e+00 0.000000000000000000e+00 0.000000000000000000e+00 1.600930812290415339e+00 0.000000000000000000e+00 -0.000000000000000000e+00 -9.949874371066198542e-01 9.148889441923684362e-01 0.000000000000000000e+00
3.100000000000000089e+00 2.764358531473283254e+00 2.801872112539506965e+00 1.000000000000000000e+00 0.000000000000000000e+00 0.000000000000000000e+00 1.613003218699299079e+00 0.000000000000000000e+00 -0.000000000000000000e+00 -9.949874371066198542e-01 1.288796047147635848e+00 0.000000000000000000e+00
3.110000000000000320e+00 2.764358531473283698e+00 2.818041771390917827e+00 1.000000000000000000e+00 0.000000000000000000e+00 0.000000000000000000e+00 1.620445535248996149e+00 0.000000000000000000e+00 -0.000000000000000000e+00 -9.949874371066200762e-01 1.586212847356399891e+00 0.000000000000000000e+00
3.120000000000000107e+00 2.764358531473283698e+00 2.830216131903793286e+00 1.000000000000000000e+00 0.000000000000000000e+00 0.000000000000000000e+00 1.625307398900704525e+00 0.000000000000000000e+00 -0.000000000000000000e+00 -9.949874371066200762e-01 1.628264034587131093e+00 0.000000000000000000e+00
3.130000000000000338e+00 2.764358531473283698e+00 2.844059435119673740e+00 1.000000000000000000e+00 0.000000000000000000e+00 0.000000000000000000e+00 1.631084480746294085e+00 0.000000000000000000e+00 -0.000000000000000000e+00 -9.949874371066200762e-01 1.550871272936834355e+00 0.000000000000000000e+00
3.140000000000000124e+00 2.764358531473283254e+00 2.858768835888922943e+00 1.000000000000000000e+00 0.000000000000000000e+00 0.000000000000000000e+00 1.636540504013196839e+00 0.000000000000000000e+00 -0.000000000000000000e+00 -9.949874371066198542e-01 1.430083671509228882e+00 0.000000000000000000e+00
3.150000000000000355e+00 2.764358531473283254e+00 2.883407854711110829e+00 1.000000000000000000e+00 0.000000000000000000e+00 0.000000000000000000e+00 1.647760569339265624e+00 0.000000000000000000e+00 -0.000000000000000000e+00 -9.949874371066198542e-01 1.870702913580748028e+00 0.000000000000000000e+00
3.160000000000000142e+00 2.764358531473283254e+00 2.886705220368284586e+00 1.000000000000000000e+00 0.000000000000000000e+00 0.000000000000000000e+00 1.649045676938869054e+00 0.000000000000000000e+00 -0.000000000000000000e+00 -9.949874371066198542e-01 1.492331240252658064e+00 0.000000000000000000e+00
3.170000000000000373e+00 2.764358531473283254e+00 2.912361402342410699e+00 1.000000000000000000e+00 0.000000000000000000e+00 0.000000000000000000e+00 1.659616638763237839e+00 0.000000000000000000e+00 -0.000000000000000000e+00 -9.949874371066198542e-01 1.483656639443259095e+00 0.000000000000000000e+00
3.180000000000000160e+00 2.764358531473283254e+00 2.926509676489603251e+00 1.000000000000000000e+00 0.000000000000000000e+00 0.000000000000000000e+00 1.666273761771529083e+00 0.000000000000000000e+00 -0.000000000000000000e+00 -9.949874371066198542e-01 9.704255444447358325e-01 0.000000000000000000e+00
3.190000000000000391e+00 2.764358531473283254e+00 2.945740202697813892e+00 1.000000000000000000e+00 0.000000000000000000e+00 0.000000000000000000e+00 1.675568519612582685e+00 0.000000000000000000e+00 -0.000000000000000000e+00 -9.949874371066198542e-01 1.143521751145884169e+00 0.000000000000000000e+00
3.200000000000000178e+00 2.764358531473283254e+00 2.966750192468057712e+00 1.000000000000000000e+00 0.000000000000000000e+00 0.000000000000000000e+00 1.684835024084888833e+00 0.000000000000000000e+00 -0.000000000000000000e+00 -9.949874371066198542e-01 1.284513047137267217e+00 0.000000000000000000e+00
3.210000000000000409e+00 2.764358531473283254e+00 2.980251143310086448e+00 1.000000000000000000e+00 0.000000000000000000e+00 0.000000000000000000e+00 1.690075813926985138e+00 0.000000000000000000e+00 -0.000000000000000000e+00 -9.949874371066198542e-01 1.227579207899388791e+00 0.000000000000000000e+00
3.220000000000000195e+00 2.764358531473283254e+00 2.997187220353352721e+00 1.000000000000000000e+00 0.000000000000000000e+00 0.000000000000000000e+00 1.696845578155911083e+00 0.000000000000000000e+00 -0.000000000000000000e+00 -9.949874371066198542e-01 1.247911979964603679e+00 0.000000000000000000e+00
3.229999999999999982e+00 2.764358531473283254e+00 3.014192851586413813e+00 1.000000000000000000e+00 0.000000000000000000e+00 0.000000000000000000e+00 1.703431579777290539e+00 0.000000000000000000e+00 -0.000000000000000000e+00 -9.949874371066198542e-01 1.006072923008980213e+00 0.000000000000000000e+00
3.240000000000000213e+00 2.764358531473283254e+00 3.030415767228291646e+00 1.000000000000000000e+00 0.000000000000000000e+00 0.000000000000000000e+00 1.710288002148844022e+00 0.000000000000000000e+00 -0.000000000000000000e+00 -9.949874371066198542e-01 1.022435713687578573e+00 0.000000000000000000e+00
3.250000000000000000e+00 2.764358531473283254e+00 3.044130106218428278e+00 1.000000000000000000e+00 0.000000000000000000e+00 0.000000000000000000e+00 1.716216530097097515e+00 0.000000000000000000e+00 -0.000000000000000000e+00 -9.949874371066198542e-01 1.041909393290633590e+00 0.000000000000000000e+00
3.260000000000000231e+00 2.764358531473283254e+00 3.056170999862015680e+00 1.000000000000000000e+00 0.000000000000000000e+00 0.000000000000000000e+00 1.722697478655343950e+00 0.000000000000000000e+00 -0.000000000000000000e+00 -9.949874371066198542e-01 1.492135912101161699e+00 0.000000000000000000e+00
3.270000000000000018e+00 2.764358531473283254e+00 3.074303796304384218e+00 1.000000000000000000e+00 0.000000000000000000e+00 0.000000000000000000e+00 1.730703479359512187e+00 0.000000000000000000e+00 -0.000000000000000000e+00 -9.949874371066198542e-01 1.724728719447751191e+00 0.000000000000000000e+00
3.280000000000000249e+00 2.764358531473282810e+00 3.097735035942410953e+00 1.000000000000000000e+00 0.000000000000000000e+00 0.000000000000000000e+00 1.740079244431390171e+00 0.000000000000000000e+00 -0.000000000000000000e+00 -9.949874371066196321e-01 1.411152515621869830e+00 0.000000000000000000e+00
3.290000000000000036e+00 2.764358531473283254e+00 3.118665239371764653e+00 1.000000000000000000e+00 0.000000000000000000e+00 0.000000000000000000e+00 1.747806114456211146e+00 0.000000000000000000e+00 -0.000000000000000000e+00 -9.949874371066198542e-01 9.588984659583038583e-01 0.000000000000000000e+00
3.300000000000000266e+00 2.764358531473283254e+00 3.138814019908714670e+00 1.000000000000000000e+00 0.000000000000000000e+00 0.000000000000000000e+00 1.755881455043652783e+00 0.000000000000000000e+00 -0.000000000000000000e+00 -9.949874371066198542e-01 1.088648084132485039e+00 0.000000000000000000e+00
3.310000000000000053e+00 2.764358531473283254e+00 3.140570449404028075e+00 1.000000000000000000e+00 0.000000000000000000e+00 0.000000000000000000e+00 1.756429495313598599e+00 0.000000000000000000e+00 -0.000000000000000000e+00 -9.949874371066198542e-01 1.043815029920978521e+00 0.000000000000000000e+00
3.320000000000000284e+00 2.764358381377680196e+00 3.159056624768811439e+00 1.000000000000000000e+00 -2.384185793236071049e-08 -2.384185793236071049e-08 1.760588129979375749e+00 0.000000000000000000e+00 -0.000000000000000000e+00 -9.949874347104230576e-01 1.048230737358509579e+00 0.000000000000000000e+00
3.330000000000000071e+00 2.764358381377680196e+00 3.185608979221806081e+00 1.000000000000000000e+00 -2.384185793236071049e-08 -2.384185793236071049e-08 1.774980706635924665e+00 0.000000000000000000e+00 -0.000000000000000000e+00 -9.949874347104226135e-01 1.413931174564082793e+00 0.000000000000000000e+00
3.340000000000000302e+00 2.764358381377680196e+00 3.206976881735177809e+00 1.000000000000000000e+00 -2.384185793236071049e-08 -2.384185793236071049e-08 1.784893250874582948e+00 0.000000000000000000e+00 -0.000000000000000000e+00 -9.949874347104226135e-01 1.565365852216304088e+00 0.000000000000000000e+00
3.350000000000000089e+00 2.764358381377680196e+00 3.226658771324438568e+00 1.000000000000000000e+00 -2.384185793236071049e-08 -2.384185793236071049e-08 1.792275064135789187e+00 0.000000000000000000e+00 -0.000000000000000000e+00 -9.949874347104230576e-01 1.009172934016546064e+00 0.000000000000000000e+00
3.360000000000000320e+00 2.764358381377680196e+00 3.242824093466637692e+00 1.000000000000000000e+00 -2.384185793236071049e-08 -2.384185793236071049e-08 1.796813699190350277e+00 0.000000000000000000e+00 -0.000000000000000000e+00 -9.949874347104226135e-01 9.211712024690147382e-01 0.000000000000000000e+00
3.370000000000000107e+00 2.764358381377680196e+00 3.261751074329679145e+00 1.000000000000000000e+00 -2.384185793236071049e-08 -2.384185793236071049e-08 1.805902543630396373e+00 0.000000000000000000e+00 -0.000000000000000000e+00 -9.949874347104226135e-01 1.183045284697221478e+00 0.000000000000000000e+00
3.380000000000000338e+00 2.764358381377680196e+00 3.276221614399426496e+00 1.000000000000000000e+00 -2.384185793236071049e-08 -2.384185793236071049e-08 1.811425658247606485e+00 0.000000000000000000e+00 -0.000000000000000000e+00 -9.949874347104226135e-01 1.549556004011423349e+00 0.000000000000000000e+00
3.390000000000000124e+00 2.764358381377680196e+00 3.297102559785947129e+00 1.000000000000000000e+00 -2.384185793236071049e-08 -2.384185793236071049e-08 1.819761202724482052e+00 0.000000000000000000e+00 -0.000000000000000000e+00 -9.949874347104230576e-01 1.672097351164615109e+00 0.000000000000000000e+00
3.400000000000000355e+00 2.764358381377680196e+00 3.317167528843311342e+00 1.000000000000000000e+00 -2.384185793236071049e-08 -2.384185793236071049e-08 1.826174411545473220e+00 0.000000000000000000e+00 -0.000000000000000000e+00 -9.949874347104226135e-01 1.078485477534225856e+00 0.000000000000000000e+00
3.410000000000000142e+00 2.764358381377680196e+00 3.323571298629448556e+00 1.000000000000000000e+00 -2.384185793236071049e-08 -2.384185793236071049e-08 1.830232230727959042e+00 0.000000000000000000e+00 -0.000000000000000000e+00 -9.949874347104230576e-01 9.001170384363120780e-01 0.000000000000000000e+00
3.420000000000000373e+00 2.764358381377680196e+00 3.353889227800032291e+00 1.000000000000000000e+00 -2.384185793236071049e-08 -2.384185793236071049e-08 1.843537853797367232e+00 0.000000000000000000e+00 -0.000000000000000000e+00 -9.949874347104226135e-01 1.727267004681003026e+00 0.000000000000000000e+00
3.430000000000000160e+00 2.764358381377680196e+00 3.368661892790426382e+00 1.000000000000000000e+00 -2.384185793236071049e-08 -2.384185793236071049e-08 1.849034977089485166e+00 0.000000000000000000e+00 -0.000000000000000000e+00 -9.949874347104226135e-01 1.827612271944497380e+00 0.000000000000000000e+00
3.440000000000000391e+00 2.764358381377680196e+00 3.384405823048449946e+00 1.000000000000000000e+00 -2.384185793236071049e-08 -2.384185793236071049e-08 1.854216329421238374e+00 0.000000000000000000e+00 -0.000000000000000000e+00 -9.949874347104226135e-01 1.254454502910038016e+00 0.000000000000000000e+00
3.450000000000000178e+00 2.764358381377680196e+00 3.408576956198397401e+00 1.000000000000000000e+00 -2.384185793236071049e-08 -2.384185793236071049e-08 1.863506504477018710e+00 0.000000000000000000e+00 -0.000000000000000000e+00 -9.949874347104226135e-01 1.550977663242544713e+00 0.000000000000000000e+00
3.460000000000000409e+00 2.764358381377680196e+00 3.416037158163665044e+00 1.000000000000000000e+00 -2.384185793236071049e-08 -2.384185793236071049e-08 1.865740134066276035e+00 0.000000000000000000e+00 -0.000000000000000000e+00 -9.949874347104226135e-01 1.359409873589476403e+00 0.000000000000000000e+00
3.470000000000000195e+00 2.764358381377680196e+00 3.445052886136671155e+00 1.000000000000000000e+00 -2.384185793236071049e-08 -2.384185793236071049e-08 1.875804843377832931e+00 0.000000000000000000e+00 -0.000000000000000000e+00 -9.949874347104230576e-01 1.937878018454531004e+00 0.000000000000000000e+00
3.480000000000000426e+00 2.764358381377680196e+00 3.461982517649110136e+00 1.000000000000000000e+00 -2.384185793236071049e-08 -2.384185793236071049e-08 1.884319791711930980e+00 0.000000000000000000e+00 -0.000000000000000000e+00 -9.949874347104226135e-01 1.783694468159795488e+00 0.000000000000000000e+00
3.490000000000000213e+00 2.764358381377680196e+00 3.483706134119067599e+00 1.000000000000000000e+00 -2.384185793236071049e-08 -2.384185793236071049e-08 1.892355409235514374e+00 0.000000000000000000e+00 -0.000000000000000000e+00 -9.949874347104226135e-01 1.198312650706056193e+00 0.000000000000000000e+00
3.500000000000000000e+00 2.764358381377680196e+00 3.498878815821619526e+00 1.000000000000000000e+00 -2.384185793236071049e-08 -2.384185793236071049e-08 1.897725335225115995e+00 0.000000000000000000e+00 -0.000000000000000000e+00 -9.949874347104226135e-01 1.279838247206123381e+00 0.000000000000000000e+00
3.510000000000000231e+00 2.764358381377680196e+00 3.510289342430187975e+00 1.000000000000000000e+00 -2.384185793236071049e-08 -2.384185793236071049e-08 1.903183345207214217e+00 0.000000000000000000e+00 -0.000000000000000000e+00 -9.949874347104226135e-01 1.330869774080902790e+00 0.000000000000000000e+00
3.520000000000000018e+00 2.764358381377680196e+00 3.537009928788797275e+00 1.000000000000000000e+00 -2.384185793236071049e-08 -2.384185793236071049e-08 1.913071701636930966e+00 0.000000000000000000e+00 -0.000000000000000000e+00 -9.949874347104230576e-01 1.302254952180767145e+00 0.000000000000000000e+00
3.530000000000000249e+00 2.764358381377680196e+00 3.561938156482399531e+00 1.000000000000000000e+00 -2.384185793236071049e-08 -2.384185793236071049e-08 1.921787276238509090e+00 0.000000000000000000e+00 -0.000000000000000000e+00 -9.949874347104226135e-01 9.116687624022976610e-01 0.000000000000000000e+00
3.540000000000000036e+00 2.764358381377680196e+00 3.579264382677744827e+00 1.000000000000000000e+00 -2.384185793236071049e-08 -2.384185793236071049e-08 1.927629983320639617e+00 0.000000000000000000e+00 -0.000000000000000000e+00 -9.949874347104230576e-01 8.516995934723509132e-01 0.000000000000000000e+00
3.550000000000000266e+00 2.764358381377680196e+00 3.594714701353187269e+00 1.000000000000000000e+00 -2.384185793236071049e-08 -2.384185793236071049e-08 1.931289834430303554e+00 0.000000000000000000e+00 -0.000000000000000000e+00 -9.949874347104226135e-01 7.627404386180304252e-01 0.000000000000000000e+00
3.560000000000000053e+00 2.764358381377680196e+00 3.606333832873789724e+00 1.000000000000000000e+00 -2.384185793236071049e-08 -2.384185793236071049e-08 1.937848615749656833e+00 0.000000000000000000e+00 -0.000000000000000000e+00 -9.949874347104230576e-01 9.802153864192686417e-01 0.000000000000000000e+00
3.570000000000000284e+00 2.764358381377680196e+00 3.637454318153479971e+00 1.000000000000000000e+00 -2.384185793236071049e-08 -2.384185793236071049e-08 1.951097315826737510e+00 0.000000000000000000e+00 -0.000000000000000000e+00 -9.949874347104226135e-01 1.974555246881257720e+00 0.000000000000000000e+00
3.580000000000000071e+00 2.764358381377680196e+00 3.653088754239278035e+00 1.000000000000000000e+00 -2.384185793236071049e-08 -2.384185793236071049e-08 1.956905653637923903e+00 0.000000000000000000e+00 -0.000000000000000000e+00 -9.949874347104226135e-01 2.173102755804539932e+00 0.000000000000000000e+00
3.590000000000000302e+00 2.764358381377680196e+00 3.672696542941066511e+00 1.000000000000000000e+00 -2.384185793236071049e-08 -2.384185793236071049e-08 1.962341064076716046e+00 0.000000000000000000e+00 -0.000000000000000000e+00 -9.949874347104226135e-01 2.071077783375478987e+00 0.000000000000000000e+00
3.600000000000000089e+00 2.764358381377680196e+00 3.693356960516106291e+00 1.000000000000000000e+00 -2.384185793236071049e-08 -2.384185793236071049e-08 1.970933785081515843e+00 0.000000000000000000e+00 -0.000000000000000000e+00 -9.949874347104230576e-01 2.134996468686388038e+00 0.000000000000000000e+00
