6.604999990000000043e-01 2.644268001474773477e+00 1.000000000000000000e+00 1.000000000000000000e+00 0.000000000000000000e+00 0.000000000000000000e+00 0.000000000000000000e+00 0.000000000000000000e+00 -4.474937185533099937e-01 -4.474937185533100492e-01 0.000000000000000000e+00 0.000000000000000000e+00
6.704999990000000132e-01 2.644268001474773477e+00 1.000000000000000000e+00 1.000000000000000000e+00 0.000000000000000000e+00 0.000000000000000000e+00 0.000000000000000000e+00 0.000000000000000000e+00 -4.474937185533099937e-01 -4.474937185533100492e-01 0.000000000000000000e+00 0.000000000000000000e+00
6.804999990000000221e-01 2.644268001474773477e+00 1.000000000000000000e+00 1.000000000000000000e+00 0.000000000000000000e+00 0.000000000000000000e+00 0.000000000000000000e+00 0.000000000000000000e+00 -4.474937185533099937e-01 -4.474937185533100492e-01 0.000000000000000000e+00 0.000000000000000000e+00
6.904999990000000309e-01 2.644268001474773477e+00 1.000000000000000000e+00 1.000000000000000000e+00 0.000000000000000000e+00 0.000000000000000000e+00 0.000000000000000000e+00 0.000000000000000000e+00 -4.474937185533099937e-01 -4.474937185533100492e-01 0.000000000000000000e+00 0.000000000000000000e+00
7.004999990000000398e-01 2.644268001474773477e+00 1.000000000000000000e+00 1.000000000000000000e+00 0.000000000000000000e+00 0.000000000000000000e+00 0.000000000000000000e+00 0.000000000000000000e+00 -4.474937185533099937e-01 -4.474937185533100492e-01 0.000000000000000000e+00 0.000000000000000000e+00
7.104999990000000487e-01 2.644268001474773477e+00 1.000000000000000000e+00 1.000000000000000000e+00 0.000000000000000000e+00 0.000000000000000000e+00 0.000000000000000000e+00 0.000000000000000000e+00 -4.474937185533099937e-01 -4.474937185533100492e-01 0.000000000000000000e+00 0.000000000000000000e+00
7.204999990000000576e-01 2.644268001474773477e+00 1.000000000000000000e+00 1.000000000000000000e+00 0.000000000000000000e+00 0.000000000000000000e+00 0.000000000000000000e+00 0.000000000000000000e+00 -4.474937185533099937e-01 -4.474937185533100492e-01 0.000000000000000000e+00 0.000000000000000000e+00
7.304999990000000665e-01 2.644268001474773477e+00 1.000000000000000000e+00 1.000000000000000000e+00 0.000000000000000000e+00 0.000000000000000000e+00 0.000000000000000000e+00 0.000000000000000000e+00 -4.474937185533099937e-01 -4.474937185533100492e-01 0.000000000000000000e+00 0.000000000000000000e+00
7.404999990000000754e-01 2.644268001474773477e+00 1.000000000000000000e+00 1.000000000000000000e+00 0.000000000000000000e+00 0.000000000000000000e+00 0.000000000000000000e+00 0.000000000000000000e+00 -4.474937185533099937e-01 -4.474937185533100492e-01 0.000000000000000000e+00 0.000000000000000000e+00
7.504999990000000842e-01 2.644268001474773477e+00 1.000000000000000000e+00 1.000000000000000000e+00 0.000000000000000000e+00 0.000000000000000000e+00 0.000000000000000000e+00 0.000000000000000000e+00 -4.474937185533099937e-01 -4.474937185533100492e-01 0.000000000000000000e+00 0.000000000000000000e+00
7.604999990000000931e-01 2.644268001474773477e+00 1.000000000000000000e+00 1.000000000000000000e+00 0.000000000000000000e+00 0.000000000000000000e+00 0.000000000000000000e+00 0.000000000000000000e+00 -4.474937185533099937e-01 -4.474937185533100492e-01 0.000000000000000000e+00 0.000000000000000000e+00
7.704999990000001020e-01 2.644268001474773477e+00 1.000000000000000000e+00 1.000000000000000000e+00 0.000000000000000000e+00 0.000000000000000000e+00 0.000000000000000000e+00 0.000000000000000000e+00 -4.474937185533099937e-01 -4.474937185533100492e-01 0.000000000000000000e+00 0.000000000000000000e+00
7.804999989999999999e-01 2.644268001474773477e+00 1.000000000000000000e+00 1.000000000000000000e+00 0.000000000000000000e+00 0.000000000000000000e+00 0.000000000000000000e+00 0.000000000000000000e+00 -4.474937185533099937e-01 -4.474937185533100492e-01 0.000000000000000000e+00 0.000000000000000000e+00
7.904999990000000087e-01 2.644268001474773477e+00 1.000000000000000000e+00 1.000000000000000000e+00 0.000000000000000000e+00 0.000000000000000000e+00 0.000000000000000000e+00 0.000000000000000000e+00 -4.474937185533099937e-01 -4.474937185533100492e-01 0.000000000000000000e+00 0.000000000000000000e+00
8.004999990000000176e-01 2.644268001474773477e+00 1.000000000000000000e+00 1.000000000000000000e+00 0.000000000000000000e+00 0.000000000000000000e+00 0.000000000000000000e+00 0.000000000000000000e+00 -4.474937185533099937e-01 -4.474937185533100492e-01 0.000000000000000000e+00 0.000000000000000000e+00
8.104999990000000265e-01 2.644268001474773477e+00 1.000000000000000000e+00 1.000000000000000000e+00 0.000000000000000000e+00 0.000000000000000000e+00 0.000000000000000000e+00 0.000000000000000000e+00 -4.474937185533099937e-01 -4.474937185533100492e-01 0.000000000000000000e+00 0.000000000000000000e+00
8.204999990000000354e-01 2.644268001474773477e+00 1.000000000000000000e+00 1.000000000000000000e+00 0.000000000000000000e+00 0.000000000000000000e+00 0.000000000000000000e+00 0.000000000000000000e+00 -4.474937185533099937e-01 -4.474937185533100492e-01 0.000000000000000000e+00 0.000000000000000000e+00
8.304999990000000443e-01 2.644268001474773477e+00 1.000000000000000000e+00 1.000000000000000000e+00 0.000000000000000000e+00 0.000000000000000000e+00 0.000000000000000000e+00 0.000000000000000000e+00 -4.474937185533099937e-01 -4.474937185533100492e-01 0.000000000000000000e+00 0.000000000000000000e+00
8.404999990000000532e-01 2.644268001474773477e+00 1.000000000000000000e+00 1.000000000000000000e+00 0.000000000000000000e+00 0.000000000000000000e+00 0.000000000000000000e+00 0.000000000000000000e+00 -4.474937185533099937e-01 -4.474937185533100492e-01 0.000000000000000000e+00 0.000000000000000000e+00
8.504999990000000620e-01 2.644268001474773477e+00 1.000000000000000000e+00 1.000000000000000000e+00 0.000000000000000000e+00 0.000000000000000000e+00 0.000000000000000000e+00 0.000000000000000000e+00 -4.474937185533099937e-01 -4.474937185533100492e-01 0.000000000000000000e+00 0.000000000000000000e+00
8.604999990000000709e-01 2.644268001474773477e+00 1.000000000000000000e+00 1.000000000000000000e+00 0.000000000000000000e+00 0.000000000000000000e+00 0.000000000000000000e+00 0.000000000000000000e+00 -4.474937185533099937e-01 -4.474937185533100492e-01 0.000000000000000000e+00 0.000000000000000000e+00
8.704999990000000798e-01 2.644268001474773477e+00 1.000000000000000000e+00 1.000000000000000000e+00 0.000000000000000000e+00 0.000000000000000000e+00 0.000000000000000000e+00 0.000000000000000000e+00 -4.474937185533099937e-01 -4.474937185533100492e-01 0.000000000000000000e+00 0.000000000000000000e+00
8.804999990000000887e-01 2.644268001474773477e+00 1.000000000000000000e+00 1.000000000000000000e+00 0.000000000000000000e+00 0.000000000000000000e+00 0.000000000000000000e+00 0.000000000000000000e+00 -4.474937185533099937e-01 -4.474937185533100492e-01 0.000000000000000000e+00 0.000000000000000000e+00
8.904999990000000976e-01 2.644268001474773477e+00 1.000000000000000000e+00 1.000000000000000000e+00 0.000000000000000000e+00 0.000000000000000000e+00 0.000000000000000000e+00 0.000000000000000000e+00 -4.474937185533099937e-01 -4.474937185533100492e-01 0.000000000000000000e+00 0.000000000000000000e+00
9.004999990000001064e-01 2.644268001474773477e+00 1.000000000000000000e+00 1.000000000000000000e+00 0.000000000000000000e+00 0.000000000000000000e+00 0.000000000000000000e+00 0.000000000000000000e+00 -4.474937185533099937e-01 -4.474937185533100492e-01 0.000000000000000000e+00 0.000000000000000000e+00
9.104999990000000043e-01 2.644268001474773477e+00 1.000000000000000000e+00 1.000000000000000000e+00 0.000000000000000000e+00 0.000000000000000000e+00 0.000000000000000000e+00 0.000000000000000000e+00 -4.474937185533099937e-01 -4.474937185533100492e-01 0.000000000000000000e+00 0.000000000000000000e+00
9.204999990000000132e-01 2.644268001474773477e+00 1.000000000000000000e+00 1.000000000000000000e+00 0.000000000000000000e+00 0.000000000000000000e+00 0.000000000000000000e+00 0.000000000000000000e+00 -4.474937185533099937e-01 -4.474937185533100492e-01 0.000000000000000000e+00 0.000000000000000000e+00
9.304999990000000221e-01 2.644268001474773477e+00 1.000000000000000000e+00 1.000000000000000000e+00 0.000000000000000000e+00 0.000000000000000000e+00 0.000000000000000000e+00 0.000000000000000000e+00 -4.474937185533099937e-01 -4.474937185533100492e-01 0.000000000000000000e+00 0.000000000000000000e+00
9.404999990000000309e-01 2.644268001474773477e+00 1.000000000000000000e+00 1.000000000000000000e+00 0.000000000000000000e+00 0.000000000000000000e+00 0.000000000000000000e+00 0.000000000000000000e+00 -4.474937185533099937e-01 -4.474937185533100492e-01 0.000000000000000000e+00 0.000000000000000000e+00
9.504999990000000398e-01 2.644268001474773477e+00 1.000000000000000000e+00 1.000000000000000000e+00 0.000000000000000000e+00 0.000000000000000000e+00 0.000000000000000000e+00 0.000000000000000000e+00 -4.474937185533099937e-01 -4.474937185533100492e-01 0.000000000000000000e+00 0.000000000000000000e+00
9.604999990000000487e-01 2.644268001474773477e+00 1.000000000000000000e+00 1.000000000000000000e+00 0.000000000000000000e+00 0.000000000000000000e+00 0.000000000000000000e+00 0.000000000000000000e+00 -4.474937185533099937e-01 -4.474937185533100492e-01 0.000000000000000000e+00 0.000000000000000000e+00
9.704999990000000576e-01 2.644268001474773477e+00 1.000000000000000000e+00 1.000000000000000000e+00 0.000000000000000000e+00 0.000000000000000000e+00 0.000000000000000000e+00 0.000000000000000000e+00 -4.474937185533099937e-01 -4.474937185533100492e-01 0.000000000000000000e+00 0.000000000000000000e+00
9.804999990000000665e-01 2.644268001474773477e+00 1.000000000000000000e+00 1.000000000000000000e+00 0.000000000000000000e+00 0.000000000000000000e+00 0.000000000000000000e+00 0.000000000000000000e+00 -4.474937185533099937e-01 -4.474937185533100492e-01 0.000000000000000000e+00 0.000000000000000000e+00
9.904999990000000754e-01 2.644268001474773477e+00 1.000000000000000000e+00 1.000000000000000000e+00 0.000000000000000000e+00 0.000000000000000000e+00 0.000000000000000000e+00 0.000000000000000000e+00 -4.474937185533099937e-01 -4.474937185533100492e-01 0.000000000000000000e+00 0.000000000000000000e+00
1.000499999000000084e+00 2.644268001474773477e+00 1.000000000000000000e+00 1.000000000000000000e+00 0.000000000000000000e+00 0.000000000000000000e+00 0.000000000000000000e+00 0.000000000000000000e+00 -4.474937185533099937e-01 -4.474937185533100492e-01 0.000000000000000000e+00 0.000000000000000000e+00
1.010499999000000093e+00 2.644268001474773477e+00 1.000000000000000000e+00 1.000000000000000000e+00 0.000000000000000000e+00 0.000000000000000000e+00 0.000000000000000000e+00 0.000000000000000000e+00 -4.474937185533099937e-01 -4.474937185533100492e-01 0.000000000000000000e+00 0.000000000000000000e+00
1.020499999000000102e+00 2.644268001474773477e+00 1.000000000000000000e+00 1.000000000000000000e+00 0.000000000000000000e+00 0.000000000000000000e+00 0.000000000000000000e+00 0.000000000000000000e+00 -4.474937185533099937e-01 -4.474937185533100492e-01 0.000000000000000000e+00 0.000000000000000000e+00
1.030499999000000111e+00 2.644268001474773477e+00 1.000000000000000000e+00 1.000000000000000000e+00 0.000000000000000000e+00 0.000000000000000000e+00 0.000000000000000000e+00 0.000000000000000000e+00 -4.474937185533099937e-01 -4.474937185533100492e-01 0.000000000000000000e+00 0.000000000000000000e+00
1.040499999000000120e+00 2.644268001474773477e+00 1.000000000000000000e+00 1.000000000000000000e+00 0.000000000000000000e+00 0.000000000000000000e+00 0.000000000000000000e+00 0.000000000000000000e+00 -4.474937185533099937e-01 -4.474937185533100492e-01 0.000000000000000000e+00 0.000000000000000000e+00
1.050499999000000129e+00 2.644268001474773477e+00 1.000000000000000000e+00 1.000000000000000000e+00 0.000000000000000000e+00 0.000000000000000000e+00 0.000000000000000000e+00 0.000000000000000000e+00 -4.474937185533099937e-01 -4.474937185533100492e-01 0.000000000000000000e+00 0.000000000000000000e+00
1.060499999000000138e+00 2.644268001474773477e+00 1.000000000000000000e+00 1.000000000000000000e+00 0.000000000000000000e+00 0.000000000000000000e+00 0.000000000000000000e+00 0.000000000000000000e+00 -4.474937185533099937e-01 -4.474937185533100492e-01 0.000000000000000000e+00 0.000000000000000000e+00
1.070499999000000146e+00 2.644268001474773477e+00 1.000000000000000000e+00 1.000000000000000000e+00 0.000000000000000000e+00 0.000000000000000000e+00 0.000000000000000000e+00 0.000000000000000000e+00 -4.474937185533099937e-01 -4.474937185533100492e-01 0.000000000000000000e+00 0.000000000000000000e+00
1.080499999000000155e+00 2.644268001474773477e+00 1.000000000000000000e+00 1.000000000000000000e+00 0.000000000000000000e+00 0.000000000000000000e+00 0.000000000000000000e+00 0.000000000000000000e+00 -4.474937185533099937e-01 -4.474937185533100492e-01 0.000000000000000000e+00 0.000000000000000000e+00
1.090499999000000164e+00 2.644268001474773477e+00 1.000000000000000000e+00 1.000000000000000000e+00 0.000000000000000000e+00 0.000000000000000000e+00 0.000000000000000000e+00 0.000000000000000000e+00 -4.474937185533099937e-01 -4.474937185533100492e-01 0.000000000000000000e+00 0.000000000000000000e+00
1.100499999000000173e+00 2.644268030063868125e+00 1.000000031943570900e+00 1.000000000000000000e+00 0.000000000000000000e+00 0.000000000000000000e+00 1.282211655369705966e-05 0.000000000000000000e+00 -4.474937169480848742e-01 -4.474937025815245994e-01 7.877322506078853273e-04 0.000000000000000000e+00
1.110499998999999960e+00 2.644269057459663230e+00 1.000001179888024838e+00 1.000000000000000000e+00 0.000000000000000000e+00 0.000000000000000000e+00 1.093280432322500765e-04 0.000000000000000000e+00 -4.474936592613525388e-01 -4.474931286092975191e-01 1.706836314213156349e-03 0.000000000000000000e+00
1.120499998999999969e+00 2.644273641578541056e+00 1.000006301882607085e+00 1.000000000000000000e+00 0.000000000000000000e+00 0.000000000000000000e+00 6.402493227808386941e-04 0.000000000000000000e+00 -4.474934018617143794e-01 -4.474905676120063958e-01 8.343352308570507747e-03 0.000000000000000000e+00
1.130499998999999978e+00 2.644298622162429613e+00 1.000034213604813038e+00 1.000000000000000000e+00 0.000000000000000000e+00 0.000000000000000000e+00 3.575261652065591777e-03 0.000000000000000000e+00 -4.474919989578894364e-01 -4.474766117509034191e-01 1.640175445692670098e-01 0.000000000000000000e+00
1.140499998999999987e+00 2.644332844411654726e+00 1.000072451520591432e+00 1.000000000000000000e+00 0.000000000000000000e+00 0.000000000000000000e+00 5.964047355531361394e-03 0.000000000000000000e+00 -4.474900763951626392e-01 -4.474574927930143331e-01 4.469082649902605953e-01 0.000000000000000000e+00
1.150499998999999995e+00 2.644426401201548593e+00 1.000176987179103305e+00 1.000000000000000000e+00 0.000000000000000000e+00 0.000000000000000000e+00 1.078600067394214906e-02 0.000000000000000000e+00 -4.474848166627092838e-01 -4.474052249637582857e-01 4.988012263467287433e-01 0.000000000000000000e+00
1.160499999000000004e+00 2.644426401201548593e+00 1.000176987179103305e+00 1.000000000000000000e+00 0.000000000000000000e+00 0.000000000000000000e+00 1.078600067394214906e-02 0.000000000000000000e+00 -4.474848166627092838e-01 -4.474052249637582857e-01 4.988012263467287433e-01 0.000000000000000000e+00
1.170499999000000013e+00 2.644664696253631320e+00 1.000443251659449473e+00 1.000000000000000000e+00 0.000000000000000000e+00 0.000000000000000000e+00 1.979036533450657942e-02 0.000000000000000000e+00 -4.474713944530068210e-01 -4.472720927235853128e-01 1.410002823032346253e+00 0.000000000000000000e+00
1.180499999000000022e+00 2.644881579878594735e+00 1.000685598538680665e+00 1.000000000000000000e+00 0.000000000000000000e+00 0.000000000000000000e+00 2.574018335288472473e-02 0.000000000000000000e+00 -4.474591466258580064e-01 -4.471509192839697167e-01 1.621569394746099846e+00 0.000000000000000000e+00
1.190499999000000031e+00 2.645178134175218965e+00 1.001016980589537253e+00 1.000000000000000000e+00 0.000000000000000000e+00 0.000000000000000000e+00 3.327164249056210887e-02 0.000000000000000000e+00 -4.474423508389120951e-01 -4.469852282585413117e-01 1.939317151374142068e+00 0.000000000000000000e+00
1.200499999000000040e+00 2.645515823843318959e+00 1.001394344182990892e+00 1.000000000000000000e+00 0.000000000000000000e+00 0.000000000000000000e+00 4.097795215995803098e-02 0.000000000000000000e+00 -4.474231566201208876e-01 -4.467965464618146032e-01 1.325783250110677880e+00 0.000000000000000000e+00
1.210499999000000049e+00 2.645731296190706683e+00 1.001635140061956752e+00 1.000000000000000000e+00 0.000000000000000000e+00 0.000000000000000000e+00 4.557430079498759473e-02 0.000000000000000000e+00 -4.474108709871011946e-01 -4.466761485223315620e-01 1.193600679439642986e+00 0.000000000000000000e+00
1.220499999000000058e+00 2.646408203075707011e+00 1.002391644023281403e+00 1.000000000000000000e+00 0.000000000000000000e+00 0.000000000000000000e+00 5.831738903872650537e-02 0.000000000000000000e+00 -4.473720818547743949e-01 -4.462978965416692367e-01 2.355563988390146690e+00 0.000000000000000000e+00
1.230499999000000066e+00 2.646912780266341692e+00 1.002955596949682171e+00 1.000000000000000000e+00 0.000000000000000000e+00 0.000000000000000000e+00 6.592003323858290631e-02 0.000000000000000000e+00 -4.473429764902522865e-01 -4.460159200784689637e-01 2.248918141859965303e+00 0.000000000000000000e+00
1.240499999000000075e+00 2.647658089377674440e+00 1.003788677120879491e+00 1.000000000000000000e+00 0.000000000000000000e+00 0.000000000000000000e+00 7.792274441876548274e-02 0.000000000000000000e+00 -4.472996859292940330e-01 -4.455993799928703036e-01 3.060322524753400053e+00 0.000000000000000000e+00
1.250499999000000084e+00 2.648442307924886663e+00 1.004665336310462065e+00 1.000000000000000000e+00 0.000000000000000000e+00 0.000000000000000000e+00 8.863278418226182287e-02 0.000000000000000000e+00 -4.472537499544417816e-01 -4.451610503980789058e-01 2.176004689987292462e+00 0.000000000000000000e+00
1.260499999000000093e+00 2.648979613173740866e+00 1.005266029175779563e+00 1.000000000000000000e+00 0.000000000000000000e+00 0.000000000000000000e+00 9.562075905475002358e-02 0.000000000000000000e+00 -4.472220487623120300e-01 -4.448607039654201567e-01 1.680825389711543494e+00 0.000000000000000000e+00
1.270499999000000102e+00 2.650178212542849465e+00 1.006606185411817123e+00 1.000000000000000000e+00 0.000000000000000000e+00 0.000000000000000000e+00 1.101569607087193037e-01 0.000000000000000000e+00 -4.471506615785453831e-01 -4.441906258474014879e-01 2.029673098241628004e+00 0.000000000000000000e+00
1.280499999000000111e+00 2.651054445047716701e+00 1.007586038747574575e+00 1.000000000000000000e+00 0.000000000000000000e+00 0.000000000000000000e+00 1.190552246034258799e-01 0.000000000000000000e+00 -4.470978888173348098e-01 -4.437006991795226507e-01 1.680243063033962203e+00 0.000000000000000000e+00
1.290499999000000120e+00 2.651054445047716701e+00 1.007586038747574575e+00 1.000000000000000000e+00 0.000000000000000000e+00 0.000000000000000000e+00 1.190552246034258799e-01 0.000000000000000000e+00 -4.470978888173348098e-01 -4.437006991795226507e-01 1.680243063033962203e+00 0.000000000000000000e+00
1.300499999000000129e+00 2.653614308229300889e+00 1.010449293987619290e+00 1.000000000000000000e+00 0.000000000000000000e+00 0.000000000000000000e+00 1.461696759253056088e-01 0.000000000000000000e+00 -4.469408801501533746e-01 -4.422690715595002930e-01 2.498343298052560613e+00 0.000000000000000000e+00
1.310499999000000138e+00 2.653811865550057547e+00 1.010670307599853768e+00 1.000000000000000000e+00 0.000000000000000000e+00 0.000000000000000000e+00 1.480180892032997020e-01 0.000000000000000000e+00 -4.469285871772104568e-01 -4.421585647533831653e-01 2.386678412636310753e+00 0.000000000000000000e+00
1.320499999000000146e+00 2.656460991160467078e+00 1.013634561099922449e+00 1.000000000000000000e+00 0.000000000000000000e+00 0.000000000000000000e+00 1.720912494245408764e-01 0.000000000000000000e+00 -4.467613075018092017e-01 -4.406764380033487138e-01 2.942236585933677429e+00 0.000000000000000000e+00
1.330499999000000155e+00 2.657813228361006530e+00 1.015148086074362466e+00 1.000000000000000000e+00 0.000000000000000000e+00 0.000000000000000000e+00 1.821048307056688520e-01 0.000000000000000000e+00 -4.466741684126050993e-01 -4.399196755161287054e-01 1.572787084601581453e+00 0.000000000000000000e+00
1.340499999000000164e+00 2.658992683464639128e+00 1.016468463012350387e+00 1.000000000000000000e+00 0.000000000000000000e+00 0.000000000000000000e+00 1.886252768554141923e-01 0.000000000000000000e+00 -4.465971952003808809e-01 -4.392594870471348556e-01 1.590393353211923877e+00 0.000000000000000000e+00
1.350499999000000173e+00 2.660506483497295349e+00 1.018163468414760908e+00 1.000000000000000000e+00 0.000000000000000000e+00 0.000000000000000000e+00 2.036436448318608428e-01 0.000000000000000000e+00 -4.464970782220661349e-01 -4.384119843459294841e-01 1.676288519612130212e+00 0.000000000000000000e+00
1.360499999000000182e+00 2.663398973270798997e+00 1.021403265738000776e+00 1.000000000000000000e+00 0.000000000000000000e+00 0.000000000000000000e+00 2.259958627970597711e-01 0.000000000000000000e+00 -4.463016338548937978e-01 -4.367920856843096611e-01 3.509673548119852882e+00 0.000000000000000000e+00
1.370499999000000191e+00 2.665907894502669961e+00 1.024214602473749069e+00 1.000000000000000000e+00 0.000000000000000000e+00 0.000000000000000000e+00 2.417402124171008360e-01 0.000000000000000000e+00 -4.461276883354446943e-01 -4.353864173164354034e-01 3.784712173150369896e+00 0.000000000000000000e+00
1.380499998999999978e+00 2.667112826732419339e+00 1.025565165160963188e+00 1.000000000000000000e+00 0.000000000000000000e+00 0.000000000000000000e+00 2.487068003574063046e-01 0.000000000000000000e+00 -4.460426869983318277e-01 -4.347111359728283442e-01 2.362071196353328073e+00 0.000000000000000000e+00
1.390499998999999987e+00 2.669156589274932490e+00 1.027856534258218213e+00 1.000000000000000000e+00 0.000000000000000000e+00 0.000000000000000000e+00 2.576747654355890926e-01 0.000000000000000000e+00 -4.458963366086396984e-01 -4.335654514242008317e-01 2.288479265166531995e+00 0.000000000000000000e+00
1.400499998999999995e+00 2.672382187611958226e+00 1.031474471744183274e+00 1.000000000000000000e+00 0.000000000000000000e+00 0.000000000000000000e+00 2.728717715183184844e-01 0.000000000000000000e+00 -4.456597782954523912e-01 -4.317564826812183010e-01 2.005668444608885714e+00 0.000000000000000000e+00
1.410499999000000004e+00 2.674125486442450850e+00 1.033430620743571726e+00 1.000000000000000000e+00 0.000000000000000000e+00 0.000000000000000000e+00 2.829334955757488723e-01 0.000000000000000000e+00 -4.455290782204373023e-01 -4.307784081815241861e-01 2.165838416762716712e+00 0.000000000000000000e+00
1.420499999000000013e+00 2.677087624058369197e+00 1.036755755232144915e+00 1.000000000000000000e+00 0.000000000000000000e+00 0.000000000000000000e+00 2.946936498760313605e-01 0.000000000000000000e+00 -4.453023983918525386e-01 -4.291158409372374805e-01 1.925989161060692734e+00 0.000000000000000000e+00
1.430499999000000022e+00 2.680299458401450341e+00 1.040363124802513362e+00 1.000000000000000000e+00 0.000000000000000000e+00 0.000000000000000000e+00 3.047576584101781005e-01 0.000000000000000000e+00 -4.450500462568592885e-01 -4.273121561520533684e-01 2.025135212822763542e+00 0.000000000000000000e+00
1.440499999000000031e+00 2.681947932095209097e+00 1.042215408603573312e+00 1.000000000000000000e+00 0.000000000000000000e+00 0.000000000000000000e+00 3.087139668433248607e-01 0.000000000000000000e+00 -4.449178663060464611e-01 -4.263860142515233931e-01 1.340751543883449859e+00 0.000000000000000000e+00
1.450499999000000040e+00 2.685897563154560519e+00 1.046655624125323536e+00 1.000000000000000000e+00 0.000000000000000000e+00 0.000000000000000000e+00 3.227022893926090319e-01 0.000000000000000000e+00 -4.445938050340935699e-01 -4.241659064906481702e-01 1.427943063874758778e+00 0.000000000000000000e+00
1.460499999000000049e+00 2.686185036709680229e+00 1.046978931947283975e+00 1.000000000000000000e+00 0.000000000000000000e+00 0.000000000000000000e+00 3.233078219604028636e-01 0.000000000000000000e+00 -4.445698114431459458e-01 -4.240042525796680617e-01 1.422557846768355727e+00 0.000000000000000000e+00
1.470499999000000058e+00 2.690430928793470677e+00 1.051756141658721999e+00 1.000000000000000000e+00 0.000000000000000000e+00 0.000000000000000000e+00 3.294627387198647006e-01 0.000000000000000000e+00 -4.442089824833361789e-01 -4.216156477239489386e-01 1.365076094480403457e+00 0.000000000000000000e+00
1.480499999000000066e+00 2.694817624909023213e+00 1.056695922634034446e+00 1.000000000000000000e+00 0.000000000000000000e+00 0.000000000000000000e+00 3.452069519119656538e-01 0.000000000000000000e+00 -4.438234471523878621e-01 -4.191457572362928263e-01 1.240907306131440846e+00 0.000000000000000000e+00
1.490499999000000075e+00 2.698393058308818038e+00 1.060725377087626375e+00 1.000000000000000000e+00 0.000000000000000000e+00 0.000000000000000000e+00 3.544201947777085859e-01 0.000000000000000000e+00 -4.434995828671084994e-01 -4.171310300094967505e-01 1.129303945654527075e+00 0.000000000000000000e+00
1.500499999000000084e+00 2.700132404756479421e+00 1.062686665239871875e+00 1.000000000000000000e+00 0.000000000000000000e+00 0.000000000000000000e+00 3.580461050215711927e-01 0.000000000000000000e+00 -4.433388918768542131e-01 -4.161503859333741118e-01 9.383743348740575252e-01 0.000000000000000000e+00
1.510499999000000093e+00 2.703992067130548627e+00 1.067041392713401038e+00 1.000000000000000000e+00 0.000000000000000000e+00 0.000000000000000000e+00 3.645056805803262856e-01 0.000000000000000000e+00 -4.429749418379111403e-01 -4.139730221966095303e-01 1.011127612383790453e+00 0.000000000000000000e+00
1.520499999000000102e+00 2.707606932149773993e+00 1.071123213037920241e+00 1.000000000000000000e+00 0.000000000000000000e+00 0.000000000000000000e+00 3.747808817902567036e-01 0.000000000000000000e+00 -4.426248181830617634e-01 -4.119321120343499287e-01 1.498906633502696595e+00 0.000000000000000000e+00
1.530499999000000111e+00 2.710956045833164296e+00 1.074907870945335908e+00 1.000000000000000000e+00 0.000000000000000000e+00 0.000000000000000000e+00 3.810927432372405166e-01 0.000000000000000000e+00 -4.422924021050319565e-01 -4.100397830806420951e-01 1.393619479428803043e+00 0.000000000000000000e+00
1.540499999000000120e+00 2.713506770296732817e+00 1.077792238407159875e+00 1.000000000000000000e+00 0.000000000000000000e+00 0.000000000000000000e+00 3.845823282432037638e-01 0.000000000000000000e+00 -4.420340232042321849e-01 -4.085975993497301118e-01 7.688804970600414679e-01 0.000000000000000000e+00
1.550499999000000129e+00 2.717133311905290061e+00 1.081896079849918424e+00 1.000000000000000000e+00 0.000000000000000000e+00 0.000000000000000000e+00 3.943113212785832600e-01 0.000000000000000000e+00 -4.416588797467285166e-01 -4.065456786283507262e-01 1.178520074353937908e+00 0.000000000000000000e+00
1.560499999000000138e+00 2.721001528348220067e+00 1.086277296600725029e+00 1.000000000000000000e+00 0.000000000000000000e+00 0.000000000000000000e+00 4.010601115018567198e-01 0.000000000000000000e+00 -4.412486052832937933e-01 -4.043550702529474239e-01 1.334249684787810919e+00 0.000000000000000000e+00
1.570499999000000146e+00 2.721001528348220067e+00 1.086277296600725029e+00 1.000000000000000000e+00 0.000000000000000000e+00 0.000000000000000000e+00 4.010601115018567198e-01 0.000000000000000000e+00 -4.412486052832937933e-01 -4.043550702529474239e-01 1.334249684787810919e+00 0.000000000000000000e+00
1.580499999000000155e+00 2.728580689925732550e+00 1.094873673571629125e+00 1.000000000000000000e+00 0.000000000000000000e+00 0.000000000000000000e+00 4.152217737818371668e-01 0.000000000000000000e+00 -4.404141747922612482e-01 -4.000568817674953759e-01 1.027633822081509107e+00 0.000000000000000000e+00
1.590499999000000164e+00 2.731348982351780919e+00 1.098017623071831261e+00 1.000000000000000000e+00 0.000000000000000000e+00 0.000000000000000000e+00 4.216112998952339375e-01 0.000000000000000000e+00 -4.400992299914839867e-01 -3.984849070173942520e-01 1.318374419044678891e+00 0.000000000000000000e+00
1.600499999000000173e+00 2.735656191219619338e+00 1.102913849710696059e+00 1.000000000000000000e+00 0.000000000000000000e+00 0.000000000000000000e+00 4.290437144879307163e-01 0.000000000000000000e+00 -4.395982969730350964e-01 -3.960367936979619641e-01 1.272712466375800933e+00 0.000000000000000000e+00
1.610499999000000182e+00 2.739462890086928670e+00 1.107245824750096475e+00 1.000000000000000000e+00 0.000000000000000000e+00 0.000000000000000000e+00 4.356217639926412977e-01 0.000000000000000000e+00 -4.391444490443626170e-01 -3.938708061782617564e-01 1.185774856438332359e+00 0.000000000000000000e+00
1.620499999000000191e+00 2.741001495368376784e+00 1.108998017501372280e+00 1.000000000000000000e+00 0.000000000000000000e+00 0.000000000000000000e+00 4.380481878189508849e-01 0.000000000000000000e+00 -4.389580321153586095e-01 -3.929947098026237429e-01 1.170472774543109384e+00 0.000000000000000000e+00
1.630499999000000200e+00 2.747641797189581236e+00 1.116568791418160567e+00 1.000000000000000000e+00 0.000000000000000000e+00 0.000000000000000000e+00 4.498591084901578108e-01 0.000000000000000000e+00 -4.381336800979003798e-01 -3.892093228442295993e-01 1.413814692944782347e+00 0.000000000000000000e+00
1.640499999000000209e+00 2.751223417182090625e+00 1.120658282113082826e+00 1.000000000000000000e+00 0.000000000000000000e+00 0.000000000000000000e+00 4.570030730007291209e-01 0.000000000000000000e+00 -4.376755895405528562e-01 -3.871645774967685805e-01 1.563570391587395747e+00 0.000000000000000000e+00
1.650499998999999995e+00 2.755459668117262950e+00 1.125500823114372384e+00 1.000000000000000000e+00 0.000000000000000000e+00 0.000000000000000000e+00 4.646906437729093620e-01 0.000000000000000000e+00 -4.371214886388047338e-01 -3.847433069961238017e-01 1.415960892637746049e+00 0.000000000000000000e+00
1.660499999000000004e+00 2.759345847633512427e+00 1.129948654009273357e+00 1.000000000000000000e+00 0.000000000000000000e+00 0.000000000000000000e+00 4.706458370256172974e-01 0.000000000000000000e+00 -4.366013811425434876e-01 -3.825193915486732044e-01 1.339592870761955767e+00 0.000000000000000000e+00
1.670499999000000013e+00 2.762241703931340275e+00 1.133266512747173937e+00 1.000000000000000000e+00 0.000000000000000000e+00 0.000000000000000000e+00 4.762627597195220885e-01 0.000000000000000000e+00 -4.362064206771575914e-01 -3.808604621797230250e-01 1.100067698040767317e+00 0.000000000000000000e+00
1.680499999000000022e+00 2.768115479643801891e+00 1.140005614017511881e+00 1.000000000000000000e+00 0.000000000000000000e+00 0.000000000000000000e+00 4.841811038757312669e-01 0.000000000000000000e+00 -4.353857500071662279e-01 -3.774909115445540531e-01 1.521699789496943733e+00 0.000000000000000000e+00
1.690499999000000031e+00 2.771949034199425288e+00 1.144410867365045492e+00 1.000000000000000000e+00 0.000000000000000000e+00 0.000000000000000000e+00 4.915912521002416269e-01 0.000000000000000000e+00 -4.348358814882274381e-01 -3.752882848707871366e-01 1.266792017869265319e+00 0.000000000000000000e+00
1.700499999000000040e+00 2.771949034199425288e+00 1.144410867365045492e+00 1.000000000000000000e+00 0.000000000000000000e+00 0.000000000000000000e+00 4.915912521002416269e-01 0.000000000000000000e+00 -4.348358814882274381e-01 -3.752882848707871366e-01 1.266792017869265319e+00 0.000000000000000000e+00
1.710499999000000049e+00 2.780848108329383006e+00 1.154658994985907183e+00 1.000000000000000000e+00 0.000000000000000000e+00 0.000000000000000000e+00 5.069997484577454250e-01 0.000000000000000000e+00 -4.335154589754002252e-01 -3.701642210603562910e-01 1.823087136193570101e+00 0.000000000000000000e+00
1.720499999000000058e+00 2.785050308463564050e+00 1.159509247312623392e+00 1.000000000000000000e+00 0.000000000000000000e+00 0.000000000000000000e+00 5.105528764964396560e-01 0.000000000000000000e+00 -4.328703114085695192e-01 -3.677390948969981865e-01 1.822322067152308378e+00 0.000000000000000000e+00
1.730499999000000066e+00 2.787729692768316170e+00 1.162605645829120737e+00 1.000000000000000000e+00 0.000000000000000000e+00 0.000000000000000000e+00 5.180247889716256271e-01 0.000000000000000000e+00 -4.324516231651289733e-01 -3.661908956387495140e-01 2.061041286306200426e+00 0.000000000000000000e+00
1.740499999000000075e+00 2.794057494299991617e+00 1.169930367310444419e+00 1.000000000000000000e+00 0.000000000000000000e+00 0.000000000000000000e+00 5.274759717622221622e-01 0.000000000000000000e+00 -4.314399227327457287e-01 -3.625285348980876732e-01 1.124910021313503927e+00 0.000000000000000000e+00
1.750499999000000084e+00 2.797720798720611857e+00 1.174178755585836065e+00 1.000000000000000000e+00 0.000000000000000000e+00 0.000000000000000000e+00 5.310485344239552763e-01 0.000000000000000000e+00 -4.308393728641100040e-01 -3.604043407603919613e-01 1.132165706809439287e+00 0.000000000000000000e+00
1.760499999000000093e+00 2.800722455431547075e+00 1.177664273256585403e+00 1.000000000000000000e+00 0.000000000000000000e+00 0.000000000000000000e+00 5.376647537444271263e-01 0.000000000000000000e+00 -4.303390863121833165e-01 -3.586615819250172921e-01 1.040900298768341337e+00 0.000000000000000000e+00
1.770499999000000102e+00 2.807970802550811218e+00 1.186098016994814097e+00 1.000000000000000000e+00 0.000000000000000000e+00 0.000000000000000000e+00 5.491314144492863702e-01 0.000000000000000000e+00 -4.291001786348120350e-01 -3.544447100559028341e-01 1.343926389377869679e+00 0.000000000000000000e+00
1.780499999000000111e+00 2.807970802550811218e+00 1.186098016994814097e+00 1.000000000000000000e+00 0.000000000000000000e+00 0.000000000000000000e+00 5.491314144492863702e-01 0.000000000000000000e+00 -4.291001786348120350e-01 -3.544447100559028341e-01 1.343926389377869679e+00 0.000000000000000000e+00
1.790499999000000120e+00 2.816546566678547414e+00 1.196108400329409127e+00 1.000000000000000000e+00 0.000000000000000000e+00 0.000000000000000000e+00 5.624201378078628188e-01 0.000000000000000000e+00 -4.275771705322498062e-01 -3.494395183886053191e-01 2.105422524940439466e+00 0.000000000000000000e+00
1.800499999000000129e+00 2.823332512410010597e+00 1.204055306161274652e+00 1.000000000000000000e+00 0.000000000000000000e+00 0.000000000000000000e+00 5.724946491599345322e-01 0.000000000000000000e+00 -4.263271908035414781e-01 -3.454660654726725566e-01 2.444733627370692108e+00 0.000000000000000000e+00
1.810499999000000138e+00 2.824554836606610664e+00 1.205489243431465463e+00 1.000000000000000000e+00 0.000000000000000000e+00 0.000000000000000000e+00 5.737549406222363091e-01 0.000000000000000000e+00 -4.260977636336025776e-01 -3.447490968375771514e-01 1.615981323311919793e+00 0.000000000000000000e+00
1.820499999000000146e+00 2.832701373318607718e+00 1.215066176360185990e+00 1.000000000000000000e+00 0.000000000000000000e+00 0.000000000000000000e+00 5.860072617869894751e-01 0.000000000000000000e+00 -4.245348523854102218e-01 -3.399606303732168877e-01 1.876223990370932571e+00 0.000000000000000000e+00
1.830499999000000155e+00 2.833947596544152958e+00 1.216534349851684516e+00 1.000000000000000000e+00 0.000000000000000000e+00 0.000000000000000000e+00 5.879906509063371756e-01 0.000000000000000000e+00 -4.242905241948154993e-01 -3.392265436274676249e-01 1.462711028641678457e+00 0.000000000000000000e+00
1.840499999000000164e+00 2.842757524859769624e+00 1.226937842863160322e+00 1.000000000000000000e+00 0.000000000000000000e+00 0.000000000000000000e+00 6.002602255213387306e-01 0.000000000000000000e+00 -4.225229219053779350e-01 -3.340247971217297218e-01 1.336358810697232613e+00 0.000000000000000000e+00
1.850499999000000173e+00 2.848628053185760844e+00 1.233894822631602883e+00 1.000000000000000000e+00 0.000000000000000000e+00 0.000000000000000000e+00 6.089279105490734700e-01 0.000000000000000000e+00 -4.213051685001477087e-01 -3.305463072375084410e-01 1.271963032570873064e+00 0.000000000000000000e+00
1.860499999000000182e+00 2.851200210864202500e+00 1.236949396934931222e+00 1.000000000000000000e+00 0.000000000000000000e+00 0.000000000000000000e+00 6.118180699215023388e-01 0.000000000000000000e+00 -4.207613790194524306e-01 -3.290190200858443825e-01 9.050099042188746168e-01 0.000000000000000000e+00
1.870499999000000191e+00 2.858203936008852253e+00 1.245286996968430815e+00 1.000000000000000000e+00 0.000000000000000000e+00 0.000000000000000000e+00 6.215756570395879477e-01 0.000000000000000000e+00 -4.192485721141095967e-01 -3.248502200690944752e-01 8.862549268109478628e-01 0.000000000000000000e+00
1.880499999000000200e+00 2.863183244270803840e+00 1.251233176932362356e+00 1.000000000000000000e+00 0.000000000000000000e+00 0.000000000000000000e+00 6.259136804138423216e-01 0.000000000000000000e+00 -4.181440097400584976e-01 -3.218771300871287044e-01 7.513179526410308506e-01 0.000000000000000000e+00
1.890499999000000209e+00 2.869265840428000480e+00 1.258518502079647661e+00 1.000000000000000000e+00 0.000000000000000000e+00 0.000000000000000000e+00 6.374842231889479294e-01 0.000000000000000000e+00 -4.167613104324751627e-01 -3.182344675134861633e-01 1.425246754565997476e+00 0.000000000000000000e+00
1.900499999000000217e+00 2.872997293599888202e+00 1.262999877771632917e+00 1.000000000000000000e+00 0.000000000000000000e+00 0.000000000000000000e+00 6.425472801501893594e-01 0.000000000000000000e+00 -4.158945934269305256e-01 -3.159937796674935351e-01 1.754052867687413864e+00 0.000000000000000000e+00
1.910499999000000226e+00 2.876212880785390613e+00 1.266869266267825589e+00 1.000000000000000000e+00 0.000000000000000000e+00 0.000000000000000000e+00 6.458022561787772897e-01 0.000000000000000000e+00 -4.151362546254880326e-01 -3.140590854193970882e-01 1.548659212703320076e+00 0.000000000000000000e+00
1.920499999000000013e+00 2.884863890706772960e+00 1.277314947337041762e+00 1.000000000000000000e+00 0.000000000000000000e+00 0.000000000000000000e+00 6.577378657270482876e-01 0.000000000000000000e+00 -4.130425008884296423e-01 -3.088362448847891129e-01 9.046064840685243968e-01 0.000000000000000000e+00
1.930499999000000022e+00 2.890051640956383672e+00 1.283604689561290479e+00 1.000000000000000000e+00 0.000000000000000000e+00 0.000000000000000000e+00 6.620781288682970889e-01 0.000000000000000000e+00 -4.117486984677341533e-01 -3.056913737726646429e-01 8.779639686877882543e-01 0.000000000000000000e+00
1.940499999000000031e+00 2.891148561377750781e+00 1.284937164539337484e+00 1.000000000000000000e+00 0.000000000000000000e+00 0.000000000000000000e+00 6.667800348708242675e-01 0.000000000000000000e+00 -4.114713911382847367e-01 -3.050251362836412516e-01 1.277536327581205722e+00 0.000000000000000000e+00
1.950499999000000040e+00 2.901093637314145823e+00 1.297059636392798421e+00 1.000000000000000000e+00 0.000000000000000000e+00 0.000000000000000000e+00 6.734706585256069467e-01 0.000000000000000000e+00 -4.088964058335003982e-01 -2.989639003569107834e-01 1.219763942401100865e+00 0.000000000000000000e+00
1.960499999000000049e+00 2.903042317331344435e+00 1.299443996693984138e+00 1.000000000000000000e+00 0.000000000000000000e+00 0.000000000000000000e+00 6.819690173518208054e-01 0.000000000000000000e+00 -4.083787990039287608e-01 -2.977717202063178137e-01 1.569268539271067464e+00 0.000000000000000000e+00
1.970499999000000058e+00 2.912574044754094427e+00 1.311151185086374404e+00 1.000000000000000000e+00 0.000000000000000000e+00 0.000000000000000000e+00 6.939005465860829114e-01 0.000000000000000000e+00 -4.057835843363793993e-01 -2.919181260101227915e-01 1.673154490141380180e+00 0.000000000000000000e+00
1.980499999000000066e+00 2.917947398045735774e+00 1.317784450644153615e+00 1.000000000000000000e+00 0.000000000000000000e+00 0.000000000000000000e+00 7.004073412828693002e-01 0.000000000000000000e+00 -4.042730876906430737e-01 -2.886014932312331860e-01 1.640218466596436331e+00 0.000000000000000000e+00
1.990499999000000075e+00 2.922497432771971493e+00 1.323420961381974736e+00 1.000000000000000000e+00 0.000000000000000000e+00 0.000000000000000000e+00 7.061902102910935231e-01 0.000000000000000000e+00 -4.029665245529641671e-01 -2.857832378623225145e-01 1.125017956960756793e+00 0.000000000000000000e+00
2.000499999000000084e+00 2.929364118226664981e+00 1.331962458993059872e+00 1.000000000000000000e+00 0.000000000000000000e+00 0.000000000000000000e+00 7.117914675904273292e-01 0.000000000000000000e+00 -4.009457933113106387e-01 -2.815124890567800575e-01 1.111428187476435792e+00 0.000000000000000000e+00
2.010499999000000315e+00 2.931376051994586618e+00 1.334473331000645135e+00 1.000000000000000000e+00 0.000000000000000000e+00 0.000000000000000000e+00 7.181145841376611605e-01 0.000000000000000000e+00 -4.003423488439666889e-01 -2.802570530529874260e-01 1.501733294773004657e+00 0.000000000000000000e+00
2.020499999000000102e+00 2.941785668681138333e+00 1.347526184406724559e+00 1.000000000000000000e+00 0.000000000000000000e+00 0.000000000000000000e+00 7.314790756527189686e-01 0.000000000000000000e+00 -3.971354141281918104e-01 -2.737306263499476033e-01 2.100872470661840463e+00 0.000000000000000000e+00
2.030499999000000333e+00 2.947320062319220391e+00 1.354509540096048292e+00 1.000000000000000000e+00 0.000000000000000000e+00 0.000000000000000000e+00 7.383396460590421206e-01 0.000000000000000000e+00 -3.953709347166917132e-01 -2.702389485052857365e-01 1.386310662200002097e+00 0.000000000000000000e+00
2.040499999000000120e+00 2.951415004028667077e+00 1.359696871125164686e+00 1.000000000000000000e+00 0.000000000000000000e+00 0.000000000000000000e+00 7.423107828045304446e-01 0.000000000000000000e+00 -3.940379450783834114e-01 -2.676452829907275399e-01 1.404956210766697300e+00 0.000000000000000000e+00
2.050499998999999907e+00 2.958466856965128677e+00 1.368671733693699766e+00 1.000000000000000000e+00 0.000000000000000000e+00 0.000000000000000000e+00 7.479052140445893171e-01 0.000000000000000000e+00 -3.916862025342601195e-01 -2.631578517064599998e-01 8.376261789898992172e-01 0.000000000000000000e+00
2.060499999000000138e+00 2.962007258636182083e+00 1.373198136639318889e+00 1.000000000000000000e+00 0.000000000000000000e+00 0.000000000000000000e+00 7.556632512956068526e-01 0.000000000000000000e+00 -3.904780140600312976e-01 -2.608946502336505491e-01 9.395610640170216632e-01 0.000000000000000000e+00
2.070499998999999924e+00 2.966445681601427076e+00 1.378892666245307375e+00 1.000000000000000000e+00 0.000000000000000000e+00 0.000000000000000000e+00 7.616151500378927075e-01 0.000000000000000000e+00 -3.889367306960254678e-01 -2.580473854306563064e-01 1.149895509902040702e+00 0.000000000000000000e+00
2.080499999000000155e+00 2.976257648549961221e+00 1.391563444175019315e+00 1.000000000000000000e+00 0.000000000000000000e+00 0.000000000000000000e+00 7.726132832419644325e-01 0.000000000000000000e+00 -3.854208826959246714e-01 -2.517119964658002251e-01 9.939036430460683746e-01 0.000000000000000000e+00
2.090499998999999942e+00 2.981335891929098203e+00 1.398167426353747356e+00 1.000000000000000000e+00 0.000000000000000000e+00 0.000000000000000000e+00 7.798226679396217387e-01 0.000000000000000000e+00 -3.835404292912264479e-01 -2.484100053764363158e-01 1.347594020857677100e+00 0.000000000000000000e+00
2.100499999000000173e+00 2.988830284533406711e+00 1.407973771623278969e+00 1.000000000000000000e+00 0.000000000000000000e+00 0.000000000000000000e+00 7.888317269190844305e-01 0.000000000000000000e+00 -3.806862684550149645e-01 -2.435068327416703982e-01 1.522167129034097899e+00 0.000000000000000000e+00
2.110499998999999960e+00 2.991535389114647892e+00 1.411531621004515014e+00 1.000000000000000000e+00 0.000000000000000000e+00 0.000000000000000000e+00 7.918941472216707300e-01 0.000000000000000000e+00 -3.796322266521953148e-01 -2.417279080510524869e-01 1.296950651014169731e+00 0.000000000000000000e+00
2.120499999000000191e+00 2.996353026131107988e+00 1.417892710421488012e+00 1.000000000000000000e+00 0.000000000000000000e+00 0.000000000000000000e+00 7.951361771216240992e-01 0.000000000000000000e+00 -3.777227900440555119e-01 -2.385473633425659878e-01 1.085171705012151655e+00 0.000000000000000000e+00
2.130499998999999978e+00 3.006622990461568001e+00 1.431563077525709327e+00 1.000000000000000000e+00 0.000000000000000000e+00 0.000000000000000000e+00 8.100796238618771516e-01 0.000000000000000000e+00 -3.735093548587199441e-01 -2.317121797904552194e-01 1.110549075266336727e+00 0.000000000000000000e+00
2.140499999000000209e+00 3.011469076385205668e+00 1.438068188973149031e+00 1.000000000000000000e+00 0.000000000000000000e+00 0.000000000000000000e+00 8.156581462405773086e-01 0.000000000000000000e+00 -3.714506566655091935e-01 -2.284596240667354783e-01 9.622347771038878284e-01 0.000000000000000000e+00
2.150499998999999995e+00 3.013894814542861234e+00 1.441338018256436815e+00 1.000000000000000000e+00 0.000000000000000000e+00 0.000000000000000000e+00 8.174573208219452214e-01 0.000000000000000000e+00 -3.704025303177282957e-01 -2.268247094250915863e-01 8.992132063585117630e-01 0.000000000000000000e+00
2.160499999000000226e+00 3.022092863671118401e+00 1.452458688000315412e+00 1.000000000000000000e+00 0.000000000000000000e+00 0.000000000000000000e+00 8.284296108360829081e-01 0.000000000000000000e+00 -3.667701399011721319e-01 -2.212643745531522876e-01 1.380031718660428952e+00 0.000000000000000000e+00
2.170499999000000013e+00 3.029695548335335165e+00 1.462872499830832229e+00 1.000000000000000000e+00 0.000000000000000000e+00 0.000000000000000000e+00 8.361617140781866242e-01 0.000000000000000000e+00 -3.632718684274885979e-01 -2.160574686378938791e-01 1.835300637318882933e+00 0.000000000000000000e+00
2.180499999000000244e+00 3.035174058146266951e+00 1.470440024643741239e+00 1.000000000000000000e+00 0.000000000000000000e+00 0.000000000000000000e+00 8.426338251648616273e-01 0.000000000000000000e+00 -3.606696294725383889e-01 -2.122737062314393741e-01 1.183781641220698067e+00 0.000000000000000000e+00
2.190499999000000031e+00 3.041872455522770302e+00 1.479768313125100709e+00 1.000000000000000000e+00 0.000000000000000000e+00 0.000000000000000000e+00 8.516207721770246986e-01 0.000000000000000000e+00 -3.573906918107221942e-01 -2.076095619907595280e-01 1.270074927054028802e+00 0.000000000000000000e+00
2.200499999000000262e+00 3.047657284163565627e+00 1.487894558927930655e+00 1.000000000000000000e+00 0.000000000000000000e+00 0.000000000000000000e+00 8.553942950347253049e-01 0.000000000000000000e+00 -3.544687835862410652e-01 -2.035464390893445552e-01 1.271433250984692176e+00 0.000000000000000000e+00
2.210499999000000049e+00 3.054352357689595454e+00 1.497384918482455474e+00 1.000000000000000000e+00 0.000000000000000000e+00 0.000000000000000000e+00 8.658134115948363796e-01 0.000000000000000000e+00 -3.509773245364724015e-01 -1.988012593120821458e-01 1.261334309967586886e+00 0.000000000000000000e+00
2.220499999000000280e+00 3.060129201114527131e+00 1.505651088874232268e+00 1.000000000000000000e+00 0.000000000000000000e+00 0.000000000000000000e+00 8.728165401638972032e-01 0.000000000000000000e+00 -3.478651651456359795e-01 -1.946681741161938595e-01 1.309929897596055159e+00 0.000000000000000000e+00
2.230499999000000066e+00 3.065898713391447927e+00 1.513982072204653306e+00 1.000000000000000000e+00 0.000000000000000000e+00 0.000000000000000000e+00 8.801767635811412749e-01 0.000000000000000000e+00 -3.446599849906498703e-01 -1.905026824509833405e-01 1.460766518343243892e+00 0.000000000000000000e+00
2.240499999000000297e+00 3.071658475533279198e+00 1.522377853029651229e+00 1.000000000000000000e+00 0.000000000000000000e+00 0.000000000000000000e+00 8.866379694219399532e-01 0.000000000000000000e+00 -3.413584699665391242e-01 -1.863047920384842682e-01 1.344438199084589503e+00 0.000000000000000000e+00
2.250499999000000084e+00 3.078010158275748864e+00 1.531732773923380808e+00 1.000000000000000000e+00 0.000000000000000000e+00 0.000000000000000000e+00 8.929187529070871099e-01 0.000000000000000000e+00 -3.375931186021852715e-01 -1.816273315916195896e-01 1.319832829822460862e+00 0.000000000000000000e+00
2.260499999000000315e+00 3.084644386406085736e+00 1.541618037573549760e+00 1.000000000000000000e+00 0.000000000000000000e+00 0.000000000000000000e+00 9.013515054387752912e-01 0.000000000000000000e+00 -3.335121555636362811e-01 -1.766846997665351138e-01 1.352372050259925240e+00 0.000000000000000000e+00
2.270499999000000102e+00 3.090354340807979217e+00 1.550225185480851753e+00 1.000000000000000000e+00 0.000000000000000000e+00 0.000000000000000000e+00 9.087061347528107014e-01 0.000000000000000000e+00 -3.298707701858593633e-01 -1.723811258128841173e-01 1.152985016272172647e+00 0.000000000000000000e+00
2.280499999000000333e+00 3.093351260512705814e+00 1.554781270612310307e+00 1.000000000000000000e+00 0.000000000000000000e+00 0.000000000000000000e+00 9.112170262917301811e-01 0.000000000000000000e+00 -3.279092112053265673e-01 -1.701030832471547294e-01 7.006668310970617375e-01 0.000000000000000000e+00
2.290499999000000120e+00 3.101707743299814357e+00 1.567633704864917155e+00 1.000000000000000000e+00 0.000000000000000000e+00 0.000000000000000000e+00 9.225131685894544242e-01 0.000000000000000000e+00 -3.222449583702728382e-01 -1.636768661208513054e-01 9.718801089707502783e-01 0.000000000000000000e+00
2.300499999000000351e+00 3.107936795658901019e+00 1.577365263267206608e+00 1.000000000000000000e+00 0.000000000000000000e+00 0.000000000000000000e+00 9.287866730263802939e-01 0.000000000000000000e+00 -3.178234291473790440e-01 -1.588110869197066899e-01 9.717397139428269881e-01 0.000000000000000000e+00
2.310499999000000138e+00 3.114715678567903545e+00 1.588114317181851032e+00 1.000000000000000000e+00 0.000000000000000000e+00 0.000000000000000000e+00 9.386422487334884490e-01 0.000000000000000000e+00 -3.128011461149740602e-01 -1.534365599623844778e-01 1.194404590037988712e+00 0.000000000000000000e+00
2.320499998999999924e+00 3.119985441258891878e+00 1.596592731861359082e+00 1.000000000000000000e+00 0.000000000000000000e+00 0.000000000000000000e+00 9.445539900069174211e-01 0.000000000000000000e+00 -3.087333849525050744e-01 -1.491973526226303415e-01 1.400985446957918823e+00 0.000000000000000000e+00
2.330499999000000155e+00 3.123189094114134701e+00 1.601802556033471880e+00 1.000000000000000000e+00 0.000000000000000000e+00 0.000000000000000000e+00 9.490318430228337210e-01 0.000000000000000000e+00 -3.061857564336639692e-01 -1.465924405365740535e-01 1.464881526430750425e+00 0.000000000000000000e+00
2.340499998999999942e+00 3.131280834916445599e+00 1.615161709718124561e+00 1.000000000000000000e+00 0.000000000000000000e+00 0.000000000000000000e+00 9.590600986727609856e-01 0.000000000000000000e+00 -2.994795161926693816e-01 -1.399128636942476023e-01 1.720117119493489444e+00 0.000000000000000000e+00
2.350499999000000173e+00 3.137284235164737201e+00 1.625273199101652688e+00 1.000000000000000000e+00 -2.384185793236071049e-08 -2.384185793236071049e-08 9.665795646355382909e-01 0.000000000000000000e+00 -2.942305619976048892e-01 -1.348571058834562297e-01 1.858787806961984312e+00 0.000000000000000000e+00
2.360499998999999960e+00 3.141816982822241755e+00 1.633030180940889364e+00 1.000000000000000000e+00 -2.384185793236071049e-08 -2.384185793236071049e-08 9.723077836249011119e-01 0.000000000000000000e+00 -2.900980323531316962e-01 -1.309786149638376695e-01 1.979647417854723646e+00 0.000000000000000000e+00
2.370499999000000191e+00 3.148821009543438798e+00 1.645242197915914861e+00 1.000000000000000000e+00 -2.384185793236071049e-08 -2.384185793236071049e-08 9.812567059365060462e-01 0.000000000000000000e+00 -2.833969102715002131e-01 -1.248726064763250321e-01 1.586001047071607717e+00 0.000000000000000000e+00
2.380499998999999978e+00 3.154898163662180455e+00 1.656081296576099815e+00 1.000000000000000000e+00 -2.384185793236071049e-08 -2.384185793236071049e-08 9.876988840947042991e-01 0.000000000000000000e+00 -2.772388293384169256e-01 -1.194530571462324442e-01 1.072912907426119888e+00 0.000000000000000000e+00
2.390499999000000209e+00 3.159804664281187669e+00 1.665014064874195343e+00 1.000000000000000000e+00 -2.384185793236071049e-08 -2.384185793236071049e-08 9.955712624974932812e-01 0.000000000000000000e+00 -2.720067597725971398e-01 -1.149866729971849022e-01 1.052704541778997083e+00 0.000000000000000000e+00
2.400499998999999995e+00 3.164112504948450422e+00 1.673002964301680828e+00 1.000000000000000000e+00 -2.384185793236071049e-08 -2.384185793236071049e-08 1.000043516304559787e+00 0.000000000000000000e+00 -2.672011783042813060e-01 -1.109922232834421596e-01 8.066053047930813458e-01 0.000000000000000000e+00
2.410499999000000226e+00 3.170996571665590569e+00 1.686082588275390037e+00 1.000000000000000000e+00 -2.384185793236071049e-08 -2.384185793236071049e-08 1.010059603531397121e+00 0.000000000000000000e+00 -2.590607130696965799e-01 -1.044524112965874441e-01 1.520646537824734468e+00 0.000000000000000000e+00
2.420499999000000013e+00 3.175671418236654553e+00 1.695208532509551391e+00 1.000000000000000000e+00 -2.384185793236071049e-08 -2.384185793236071049e-08 1.016676083324006941e+00 0.000000000000000000e+00 -2.531679909691795793e-01 -9.988943917950687812e-02 1.418487870183125610e+00 0.000000000000000000e+00
2.430499999000000244e+00 3.181275074831080296e+00 1.706441139078165303e+00 1.000000000000000000e+00 -2.384185793236071049e-08 -2.384185793236071049e-08 1.023649117959492649e+00 0.000000000000000000e+00 -2.456571589494055408e-01 -9.427313589519981107e-02 1.819990036038530379e+00 0.000000000000000000e+00
2.440499999000000031e+00 3.186502007337335129e+00 1.717243890158030029e+00 1.000000000000000000e+00 -2.384185793236071049e-08 -2.384185793236071049e-08 1.031514823410460080e+00 0.000000000000000000e+00 -2.381459515377596925e-01 -8.887176035526755946e-02 1.163595923716346014e+00 0.000000000000000000e+00
2.450499999000000262e+00 3.189673631343476590e+00 1.723970811482265608e+00 1.000000000000000000e+00 -2.384185793236071049e-08 -2.384185793236071049e-08 1.035268456645768609e+00 0.000000000000000000e+00 -2.333160935757697674e-01 -8.550829969314954759e-02 1.254060547770768252e+00 0.000000000000000000e+00
2.460499999000000049e+00 3.195858189262231974e+00 1.737515269257585038e+00 1.000000000000000000e+00 -2.384185793236071049e-08 -2.384185793236071049e-08 1.041881367332271768e+00 0.000000000000000000e+00 -2.232069306265446196e-01 -7.873607080548983284e-02 1.149949519644003049e+00 0.000000000000000000e+00
2.470499999000000280e+00 3.200460270246034078e+00 1.748016287592151441e+00 1.000000000000000000e+00 -2.384185793236071049e-08 -2.384185793236071049e-08 1.053496935160020964e+00 0.000000000000000000e+00 -2.149850515929686012e-01 -7.348556163820663123e-02 1.120643972117702614e+00 0.000000000000000000e+00
2.480499999000000066e+00 3.205134023467394400e+00 1.759119278967444577e+00 1.000000000000000000e+00 -2.384185793236071049e-08 -2.384185793236071049e-08 1.061001082027424935e+00 0.000000000000000000e+00 -2.058876702466863606e-01 -6.793406595056006303e-02 1.308071543872744158e+00 0.000000000000000000e+00
2.490499999000000297e+00 3.209841192773009055e+00 1.770835489723776579e+00 1.000000000000000000e+00 -2.384185793236071049e-08 -2.384185793236071049e-08 1.068861592648555181e+00 0.000000000000000000e+00 -1.957872478754636991e-01 -6.207596057239417320e-02 1.495726933929810043e+00 0.000000000000000000e+00
2.500000000000000000e+00 3.212930656471313817e+00 1.778873387489341873e+00 1.000000000000000000e+00 -2.384185793236071049e-08 -2.384185793236071049e-08 1.074220483055473352e+00 0.000000000000000000e+00 -1.885275162886362876e-01 -5.805701168961152625e-02 1.352279442416120192e+00 0.000000000000000000e+00
2.510000000000000231e+00 3.217270880432991476e+00 1.790735002423387678e+00 1.000000000000000000e+00 -2.384185793236071049e-08 -2.384185793236071049e-08 1.081900792594300720e+00 0.000000000000000000e+00 -1.772614635782481241e-01 -5.212620422258873454e-02 1.256083921487353150e+00 0.000000000000000000e+00
2.520000000000000018e+00 3.221002512401408779e+00 1.801593301528728652e+00 1.000000000000000000e+00 -2.384185793236071049e-08 -2.384185793236071049e-08 1.089223131335606443e+00 0.000000000000000000e+00 -1.662923109012227618e-01 -4.669705466991813658e-02 1.264505878652783855e+00 0.000000000000000000e+00
2.530000000000000249e+00 3.224340547163977444e+00 1.811974850966572070e+00 1.000000000000000000e+00 -2.384185793236071049e-08 -2.384185793236071049e-08 1.095651846376680227e+00 0.000000000000000000e+00 -1.551230168436081858e-01 -4.150627995099642753e-02 1.199701163351040822e+00 0.000000000000000000e+00
2.540000000000000036e+00 3.227140218270789784e+00 1.821318247365565135e+00 1.000000000000000000e+00 -2.384185793236071049e-08 -2.384185793236071049e-08 1.102080041702702351e+00 0.000000000000000000e+00 -1.444046196721514574e-01 -3.683458175149989522e-02 9.958163225815278574e-01 0.000000000000000000e+00
2.550000000000000266e+00 3.229450544241991405e+00 1.829605273778488472e+00 1.000000000000000000e+00 -2.384185793236071049e-08 -2.384185793236071049e-08 1.106543407266255219e+00 0.000000000000000000e+00 -1.342783038382693306e-01 -3.269106854503811554e-02 9.015317212480107312e-01 0.000000000000000000e+00
2.560000000000000053e+00 3.233440196859617366e+00 1.845740765461941990e+00 1.000000000000000000e+00 -2.384185793236071049e-08 -2.384185793236071049e-08 1.115649028091153960e+00 0.000000000000000000e+00 -1.124610291374010251e-01 -2.462332270331146766e-02 8.993318883516681073e-01 0.000000000000000000e+00
2.570000000000000284e+00 3.234652979005741891e+00 1.851339540446007570e+00 1.000000000000000000e+00 -2.384185793236071049e-08 -2.384185793236071049e-08 1.121361644096444232e+00 0.000000000000000000e+00 -1.040722385174402964e-01 -2.182393521127878877e-02 9.099264170369055771e-01 0.000000000000000000e+00
2.580000000000000071e+00 3.237438319847738111e+00 1.866545398102207542e+00 1.000000000000000000e+00 -2.384185793236071049e-08 -2.384185793236071049e-08 1.131000836916373542e+00 0.000000000000000000e+00 -7.824774373094245394e-02 -1.422100638317869148e-02 1.125623098398204736e+00 0.000000000000000000e+00
2.590000000000000302e+00 3.238626163175006845e+00 1.875049323287990122e+00 1.000000000000000000e+00 -2.384185793236071049e-08 -2.384185793236071049e-08 1.135998537247026929e+00 0.000000000000000000e+00 -6.099409902832036989e-02 -9.969043790287512863e-03 1.122182411637848931e+00 0.000000000000000000e+00
2.600000000000000089e+00 3.239861611593814583e+00 1.889311772765905673e+00 1.000000000000000000e+00 -2.384185793236071049e-08 -2.384185793236071049e-08 1.144387000975795932e+00 0.000000000000000000e+00 -2.290775359948571399e-02 -2.837819051329626419e-03 1.427018470037981546e+00 0.000000000000000000e+00
2.610000000000000320e+00 2.764358381377680196e+00 1.902531741694651446e+00 1.000000000000000000e+00 -2.384185793236071049e-08 -2.384185793236071049e-08 1.152596349598071779e+00 0.000000000000000000e+00 -0.000000000000000000e+00 -9.949874347104228356e-01 1.154567247359252091e+00 0.000000000000000000e+00
2.620000000000000107e+00 2.764358381377680196e+00 1.905995955104560657e+00 1.000000000000000000e+00 -2.384185793236071049e-08 -2.384185793236071049e-08 1.155630066173310322e+00 0.000000000000000000e+00 -0.000000000000000000e+00 -9.949874347104228356e-01 1.233045497630296028e+00 0.000000000000000000e+00
2.630000000000000338e+00 2.764358381377680196e+00 1.922830215039399215e+00 1.000000000000000000e+00 -2.384185793236071049e-08 -2.384185793236071049e-08 1.165979781929281867e+00 0.000000000000000000e+00 -0.000000000000000000e+00 -9.949874347104228356e-01 1.610518196130268809e+00 0.000000000000000000e+00
2.640000000000000124e+00 2.764358381377680196e+00 1.937462951590467330e+00 1.000000000000000000e+00 -2.384185793236071049e-08 -2.384185793236071049e-08 1.174722693840242860e+00 0.000000000000000000e+00 -0.000000000000000000e+00 -9.949874347104228356e-01 1.115439793031052229e+00 0.000000000000000000e+00
2.650000000000000355e+00 2.764358381377680196e+00 1.945116045076872302e+00 1.000000000000000000e+00 -2.384185793236071049e-08 -2.384185793236071049e-08 1.179540021895451929e+00 0.000000000000000000e+00 -0.000000000000000000e+00 -9.949874347104228356e-01 1.030878804714069785e+00 0.000000000000000000e+00
2.660000000000000142e+00 2.764358381377680196e+00 1.961702039921660923e+00 1.000000000000000000e+00 -2.384185793236071049e-08 -2.384185793236071049e-08 1.189530886633474394e+00 0.000000000000000000e+00 -0.000000000000000000e+00 -9.949874347104228356e-01 1.479439294026130947e+00 0.000000000000000000e+00
2.670000000000000373e+00 2.764358381377680196e+00 1.967659506254695323e+00 1.000000000000000000e+00 -2.384185793236071049e-08 -2.384185793236071049e-08 1.191493266606905355e+00 0.000000000000000000e+00 -0.000000000000000000e+00 -9.949874347104228356e-01 1.475073029438780603e+00 0.000000000000000000e+00
2.680000000000000160e+00 2.764358381377680196e+00 1.984435317395788045e+00 1.000000000000000000e+00 -2.384185793236071049e-08 -2.384185793236071049e-08 1.202553557081852187e+00 0.000000000000000000e+00 -0.000000000000000000e+00 -9.949874347104228356e-01 1.281484072051505274e+00 0.000000000000000000e+00
2.689999999999999947e+00 2.764358381377680196e+00 1.995293619168858834e+00 1.000000000000000000e+00 -2.384185793236071049e-08 -2.384185793236071049e-08 1.209153679222132460e+00 0.000000000000000000e+00 -0.000000000000000000e+00 -9.949874347104228356e-01 1.230043069223004215e+00 0.000000000000000000e+00
2.700000000000000178e+00 2.764358381377680196e+00 2.008034683084496397e+00 1.000000000000000000e+00 -2.384185793236071049e-08 -2.384185793236071049e-08 1.216110227533456989e+00 0.000000000000000000e+00 -0.000000000000000000e+00 -9.949874347104228356e-01 1.254640309242911034e+00 0.000000000000000000e+00
2.709999999999999964e+00 2.764358381377680196e+00 2.017183602699873735e+00 1.000000000000000000e+00 -2.384185793236071049e-08 -2.384185793236071049e-08 1.221639601153499122e+00 0.000000000000000000e+00 -0.000000000000000000e+00 -9.949874347104228356e-01 1.181832679942058428e+00 0.000000000000000000e+00
2.720000000000000195e+00 2.764358381377680196e+00 2.028215279905063895e+00 1.000000000000000000e+00 -2.384185793236071049e-08 -2.384185793236071049e-08 1.225741911687809660e+00 0.000000000000000000e+00 -0.000000000000000000e+00 -9.949874347104228356e-01 1.167953944794541066e+00 0.000000000000000000e+00
2.729999999999999982e+00 2.764358381377680196e+00 2.046110086669869599e+00 1.000000000000000000e+00 -2.384185793236071049e-08 -2.384185793236071049e-08 1.239118414257530887e+00 0.000000000000000000e+00 -0.000000000000000000e+00 -9.949874347104228356e-01 1.381313819088165973e+00 0.000000000000000000e+00
2.740000000000000213e+00 2.764358381377680196e+00 2.057292649582185717e+00 1.000000000000000000e+00 -2.384185793236071049e-08 -2.384185793236071049e-08 1.245538857874290306e+00 0.000000000000000000e+00 -0.000000000000000000e+00 -9.949874347104228356e-01 1.320779435266970170e+00 0.000000000000000000e+00
2.750000000000000000e+00 2.764358381377680196e+00 2.068532995724310375e+00 1.000000000000000000e+00 -2.384185793236071049e-08 -2.384185793236071049e-08 1.251959132071904124e+00 0.000000000000000000e+00 -0.000000000000000000e+00 -9.949874347104228356e-01 1.319739363157244716e+00 0.000000000000000000e+00
2.760000000000000231e+00 2.764358381377680196e+00 2.079201933869270658e+00 1.000000000000000000e+00 -2.384185793236071049e-08 -2.384185793236071049e-08 1.256952545828768031e+00 0.000000000000000000e+00 -0.000000000000000000e+00 -9.949874347104228356e-01 1.203715863672101483e+00 0.000000000000000000e+00
2.770000000000000018e+00 2.764358381377680196e+00 2.090554631355775683e+00 1.000000000000000000e+00 -2.384185793236071049e-08 -2.384185793236071049e-08 1.264442450491753522e+00 0.000000000000000000e+00 -0.000000000000000000e+00 -9.949874347104228356e-01 1.629456011362669710e+00 0.000000000000000000e+00
2.780000000000000249e+00 2.764358381377680196e+00 2.106418118429087549e+00 1.000000000000000000e+00 -2.384185793236071049e-08 -2.384185793236071049e-08 1.273358764403839105e+00 0.000000000000000000e+00 -0.000000000000000000e+00 -9.949874347104230576e-01 1.866734657894282279e+00 0.000000000000000000e+00
2.790000000000000036e+00 2.764358381377680196e+00 2.118548907698975636e+00 1.000000000000000000e+00 -2.384185793236071049e-08 -2.384185793236071049e-08 1.279778299215288628e+00 0.000000000000000000e+00 -0.000000000000000000e+00 -9.949874347104228356e-01 1.584249222770426568e+00 0.000000000000000000e+00
2.800000000000000266e+00 2.764358381377680196e+00 2.126886011711000002e+00 1.000000000000000000e+00 -2.384185793236071049e-08 -2.384185793236071049e-08 1.282631386465296730e+00 0.000000000000000000e+00 -0.000000000000000000e+00 -9.949874347104230576e-01 1.128825505835070686e+00 0.000000000000000000e+00
2.810000000000000053e+00 2.764358381377680196e+00 2.143003603721047146e+00 1.000000000000000000e+00 -2.384185793236071049e-08 -2.384185793236071049e-08 1.292795311285369175e+00 0.000000000000000000e+00 -0.000000000000000000e+00 -9.949874347104228356e-01 1.075756678165433300e+00 0.000000000000000000e+00
2.820000000000000284e+00 2.764358381377680196e+00 2.153377348612644848e+00 1.000000000000000000e+00 -2.384185793236071049e-08 -2.384185793236071049e-08 1.296718111449711719e+00 0.000000000000000000e+00 -0.000000000000000000e+00 -9.949874347104228356e-01 8.394784711695573165e-01 0.000000000000000000e+00
2.830000000000000071e+00 2.764358381377680196e+00 2.170332038737567970e+00 1.000000000000000000e+00 -2.384185793236071049e-08 -2.384185793236071049e-08 1.308664527542028555e+00 0.000000000000000000e+00 -0.000000000000000000e+00 -9.949874347104226135e-01 1.585384238954100633e+00 0.000000000000000000e+00
2.840000000000000302e+00 2.764358381377680196e+00 2.186089503028483705e+00 1.000000000000000000e+00 -2.384185793236071049e-08 -2.384185793236071049e-08 1.316688003330254375e+00 0.000000000000000000e+00 -0.000000000000000000e+00 -9.949874347104226135e-01 1.691564608471772146e+00 0.000000000000000000e+00
2.850000000000000089e+00 2.764358381377680196e+00 2.192025029355167742e+00 1.000000000000000000e+00 -2.384185793236071049e-08 -2.384185793236071049e-08 1.320253922161874760e+00 0.000000000000000000e+00 -0.000000000000000000e+00 -9.949874347104228356e-01 1.302224835039357487e+00 0.000000000000000000e+00
2.860000000000000320e+00 2.764358381377680196e+00 2.209918259204239011e+00 1.000000000000000000e+00 -2.384185793236071049e-08 -2.384185793236071049e-08 1.330060035793945161e+00 0.000000000000000000e+00 -0.000000000000000000e+00 -9.949874347104228356e-01 1.233286477294842864e+00 0.000000000000000000e+00
2.870000000000000107e+00 2.764358381377680196e+00 2.219247399917900765e+00 1.000000000000000000e+00 -2.384185793236071049e-08 -2.384185793236071049e-08 1.332734387666027143e+00 0.000000000000000000e+00 -0.000000000000000000e+00 -9.949874347104226135e-01 1.152625179728451910e+00 0.000000000000000000e+00
2.880000000000000338e+00 2.764358381377680196e+00 2.219247399917900765e+00 1.000000000000000000e+00 -2.384185793236071049e-08 -2.384185793236071049e-08 1.332734387666027143e+00 0.000000000000000000e+00 -0.000000000000000000e+00 -9.949874347104226135e-01 1.152625179728451910e+00 0.000000000000000000e+00
2.890000000000000124e+00 2.764358381377680196e+00 2.252851017835109548e+00 1.000000000000000000e+00 -2.384185793236071049e-08 -2.384185793236071049e-08 1.352524017670483580e+00 0.000000000000000000e+00 -0.000000000000000000e+00 -9.949874347104228356e-01 1.240031838468456327e+00 0.000000000000000000e+00
2.900000000000000355e+00 2.764358381377680196e+00 2.266417262323448867e+00 1.000000000000000000e+00 -2.384185793236071049e-08 -2.384185793236071049e-08 1.358228949568237809e+00 0.000000000000000000e+00 -0.000000000000000000e+00 -9.949874347104226135e-01 8.467000266270907627e-01 0.000000000000000000e+00
2.910000000000000142e+00 2.764358381377680196e+00 2.275956063427433840e+00 1.000000000000000000e+00 -2.384185793236071049e-08 -2.384185793236071049e-08 1.365003466175173541e+00 0.000000000000000000e+00 -0.000000000000000000e+00 -9.949874347104230576e-01 1.385676799292441030e+00 0.000000000000000000e+00
2.920000000000000373e+00 2.764358381377680196e+00 2.288271579650003495e+00 1.000000000000000000e+00 -2.384185793236071049e-08 -2.384185793236071049e-08 1.371421363207097732e+00 0.000000000000000000e+00 -0.000000000000000000e+00 -9.949874347104230576e-01 1.386151123926029127e+00 0.000000000000000000e+00
2.930000000000000160e+00 2.764358381377680196e+00 2.288271579650003495e+00 1.000000000000000000e+00 -2.384185793236071049e-08 -2.384185793236071049e-08 1.371421363207097732e+00 0.000000000000000000e+00 -0.000000000000000000e+00 -9.949874347104230576e-01 1.386151123926029127e+00 0.000000000000000000e+00
2.940000000000000391e+00 2.764358381377680196e+00 2.321395339389678902e+00 1.000000000000000000e+00 -2.384185793236071049e-08 -2.384185793236071049e-08 1.388357017059125065e+00 0.000000000000000000e+00 -0.000000000000000000e+00 -9.949874347104230576e-01 1.309616856844109556e+00 0.000000000000000000e+00
2.950000000000000178e+00 2.764358381377680196e+00 2.335318127879164596e+00 1.000000000000000000e+00 -2.384185793236071049e-08 -2.384185793236071049e-08 1.394061500505999973e+00 0.000000000000000000e+00 -0.000000000000000000e+00 -9.949874347104228356e-01 1.285428435346085418e+00 0.000000000000000000e+00
2.959999999999999964e+00 2.764358381377680196e+00 2.345106506616887909e+00 1.000000000000000000e+00 -2.384185793236071049e-08 -2.384185793236071049e-08 1.400657235798051348e+00 0.000000000000000000e+00 -0.000000000000000000e+00 -9.949874347104228356e-01 1.120126554138003439e+00 0.000000000000000000e+00
2.970000000000000195e+00 2.764358381377680196e+00 2.356336008069329857e+00 1.000000000000000000e+00 -2.384185793236071049e-08 -2.384185793236071049e-08 1.405113778746811981e+00 0.000000000000000000e+00 -0.000000000000000000e+00 -9.949874347104230576e-01 1.088925170255893971e+00 0.000000000000000000e+00
2.979999999999999982e+00 2.764358381377680196e+00 2.366199256564303077e+00 1.000000000000000000e+00 -2.384185793236071049e-08 -2.384185793236071049e-08 1.411352882132349107e+00 0.000000000000000000e+00 -0.000000000000000000e+00 -9.949874347104230576e-01 1.520858269242862715e+00 0.000000000000000000e+00
2.990000000000000213e+00 2.764358381377680196e+00 2.391722327605067200e+00 1.000000000000000000e+00 -2.384185793236071049e-08 -2.384185793236071049e-08 1.423652574890584166e+00 0.000000000000000000e+00 -0.000000000000000000e+00 -9.949874347104230576e-01 1.511478867882488419e+00 0.000000000000000000e+00
