1.600000000000000033e-01 1.913189911275939847e-01 1.000000000000000000e+00 0.000000000000000000e+00 0.000000000000000000e+00 0.000000000000000000e+00 -1.000000000000000000e+00 0.000000000000000000e+00
1.770000000000000184e-01 1.913189911275939847e-01 1.000000000000000000e+00 0.000000000000000000e+00 0.000000000000000000e+00 0.000000000000000000e+00 -1.000000000000000000e+00 0.000000000000000000e+00
1.840000000000000246e-01 1.913189911275939847e-01 1.000000000000000000e+00 0.000000000000000000e+00 0.000000000000000000e+00 0.000000000000000000e+00 -1.000000000000000000e+00 0.000000000000000000e+00
1.900000000000000022e-01 1.913189911275939847e-01 1.000000000000000000e+00 0.000000000000000000e+00 0.000000000000000000e+00 0.000000000000000000e+00 -1.000000000000000000e+00 0.000000000000000000e+00
2.000000000000000111e-01 1.913189911275939847e-01 1.000000000000000000e+00 0.000000000000000000e+00 0.000000000000000000e+00 0.000000000000000000e+00 -1.000000000000000000e+00 0.000000000000000000e+00
2.100000000000000200e-01 1.913189911275939847e-01 1.000000000000000000e+00 0.000000000000000000e+00 0.000000000000000000e+00 0.000000000000000000e+00 -1.000000000000000000e+00 0.000000000000000000e+00
2.200000000000000011e-01 1.913189911275939847e-01 1.000000000000000000e+00 0.000000000000000000e+00 0.000000000000000000e+00 0.000000000000000000e+00 -1.000000000000000000e+00 0.000000000000000000e+00
2.300000000000000100e-01 1.913189911275939847e-01 1.000000000000000000e+00 0.000000000000000000e+00 0.000000000000000000e+00 0.000000000000000000e+00 -1.000000000000000000e+00 0.000000000000000000e+00
2.400000000000000189e-01 1.913189911275939847e-01 1.000000000000000000e+00 0.000000000000000000e+00 0.000000000000000000e+00 0.000000000000000000e+00 -1.000000000000000000e+00 0.000000000000000000e+00
2.500000000000000000e-01 1.913189911275939847e-01 1.000000000000000000e+00 0.000000000000000000e+00 0.000000000000000000e+00 0.000000000000000000e+00 -1.000000000000000000e+00 0.000000000000000000e+00
2.600000000000000089e-01 1.913189911275939847e-01 1.000000000000000000e+00 0.000000000000000000e+00 0.000000000000000000e+00 0.000000000000000000e+00 -1.000000000000000000e+00 0.000000000000000000e+00
2.700000000000000178e-01 1.913189911275939847e-01 1.000000000000000000e+00 0.000000000000000000e+00 0.000000000000000000e+00 0.000000000000000000e+00 -1.000000000000000000e+00 0.000000000000000000e+00
2.800000000000000266e-01 1.913189911275939847e-01 1.000000000000000000e+00 0.000000000000000000e+00 0.000000000000000000e+00 0.000000000000000000e+00 -1.000000000000000000e+00 0.000000000000000000e+00
2.900000000000000355e-01 1.913189911275939847e-01 1.000000000000000000e+00 0.000000000000000000e+00 0.000000000000000000e+00 0.000000000000000000e+00 -1.000000000000000000e+00 0.000000000000000000e+00
3.000000000000000444e-01 1.913189911275939847e-01 1.000000000000000000e+00 0.000000000000000000e+00 0.000000000000000000e+00 0.000000000000000000e+00 -1.000000000000000000e+00 0.000000000000000000e+00
3.099999999999999978e-01 1.913189911275939847e-01 1.000000000000000000e+00 0.000000000000000000e+00 0.000000000000000000e+00 0.000000000000000000e+00 -1.000000000000000000e+00 0.000000000000000000e+00
3.200000000000000067e-01 1.913189911275939847e-01 1.000000000000000000e+00 0.000000000000000000e+00 0.000000000000000000e+00 0.000000000000000000e+00 -1.000000000000000000e+00 0.000000000000000000e+00
3.300000000000000155e-01 1.913189911275939847e-01 1.000000000000000000e+00 0.000000000000000000e+00 0.000000000000000000e+00 0.000000000000000000e+00 -1.000000000000000000e+00 0.000000000000000000e+00
3.400000000000000244e-01 1.913189911275939847e-01 1.000000000000000000e+00 0.000000000000000000e+00 0.000000000000000000e+00 0.000000000000000000e+00 -1.000000000000000000e+00 0.000000000000000000e+00
3.500000000000000333e-01 1.913189911275939847e-01 1.000000000000000000e+00 0.000000000000000000e+00 0.000000000000000000e+00 0.000000000000000000e+00 -1.000000000000000000e+00 0.000000000000000000e+00
3.600000000000000422e-01 1.913189911275939847e-01 1.000000000000000000e+00 0.000000000000000000e+00 0.000000000000000000e+00 0.000000000000000000e+00 -1.000000000000000000e+00 0.000000000000000000e+00
3.699999999999999956e-01 1.913189911275939847e-01 1.000000000000000000e+00 0.000000000000000000e+00 0.000000000000000000e+00 0.000000000000000000e+00 -1.000000000000000000e+00 0.000000000000000000e+00
3.800000000000000044e-01 1.913189911275939847e-01 1.000000000000000000e+00 0.000000000000000000e+00 0.000000000000000000e+00 0.000000000000000000e+00 -1.000000000000000000e+00 0.000000000000000000e+00
3.900000000000000133e-01 1.913189911275939847e-01 1.000000000000000000e+00 0.000000000000000000e+00 0.000000000000000000e+00 0.000000000000000000e+00 -1.000000000000000000e+00 0.000000000000000000e+00
4.000000000000000222e-01 1.913189911275939847e-01 1.000000000000000000e+00 0.000000000000000000e+00 0.000000000000000000e+00 0.000000000000000000e+00 -1.000000000000000000e+00 0.000000000000000000e+00
4.100000000000000311e-01 1.913189911275939847e-01 1.000000000000000000e+00 0.000000000000000000e+00 0.000000000000000000e+00 0.000000000000000000e+00 -1.000000000000000000e+00 0.000000000000000000e+00
4.200000000000000400e-01 1.913189911275939847e-01 1.000000000000000000e+00 0.000000000000000000e+00 0.000000000000000000e+00 0.000000000000000000e+00 -1.000000000000000000e+00 0.000000000000000000e+00
4.300000000000000488e-01 1.913189911275939847e-01 1.000000000000000000e+00 0.000000000000000000e+00 0.000000000000000000e+00 0.000000000000000000e+00 -1.000000000000000000e+00 0.000000000000000000e+00
4.400000000000000022e-01 1.913189911275939847e-01 1.000000000000000000e+00 0.000000000000000000e+00 0.000000000000000000e+00 0.000000000000000000e+00 -1.000000000000000000e+00 0.000000000000000000e+00
4.500000000000000111e-01 1.913189911275939847e-01 1.000000000000000000e+00 0.000000000000000000e+00 0.000000000000000000e+00 0.000000000000000000e+00 -1.000000000000000000e+00 0.000000000000000000e+00
4.600000000000000200e-01 1.913189911275939847e-01 1.000000000000000000e+00 0.000000000000000000e+00 0.000000000000000000e+00 0.000000000000000000e+00 -1.000000000000000000e+00 0.000000000000000000e+00
4.700000000000000289e-01 1.913189911275939847e-01 1.000000000000000000e+00 0.000000000000000000e+00 0.000000000000000000e+00 0.000000000000000000e+00 -1.000000000000000000e+00 0.000000000000000000e+00
4.800000000000000377e-01 1.913189911275939847e-01 1.000000000000000000e+00 0.000000000000000000e+00 0.000000000000000000e+00 0.000000000000000000e+00 -1.000000000000000000e+00 0.000000000000000000e+00
4.900000000000000466e-01 1.913189911275939847e-01 1.000000000000000000e+00 0.000000000000000000e+00 0.000000000000000000e+00 0.000000000000000000e+00 -1.000000000000000000e+00 0.000000000000000000e+00
5.000000000000000000e-01 1.913189911275939847e-01 1.000000000000000000e+00 0.000000000000000000e+00 0.000000000000000000e+00 0.000000000000000000e+00 -1.000000000000000000e+00 0.000000000000000000e+00
5.104999989999999821e-01 1.913189911275939847e-01 1.000000000000000000e+00 0.000000000000000000e+00 0.000000000000000000e+00 0.000000000000000000e+00 -1.000000000000000000e+00 0.000000000000000000e+00
5.204999989999999910e-01 1.913189911275939847e-01 1.000000000000000000e+00 0.000000000000000000e+00 0.000000000000000000e+00 0.000000000000000000e+00 -1.000000000000000000e+00 0.000000000000000000e+00
5.304999989999999999e-01 1.913189911275939847e-01 1.000000000000000000e+00 0.000000000000000000e+00 0.000000000000000000e+00 0.000000000000000000e+00 -1.000000000000000000e+00 0.000000000000000000e+00
5.404999990000000087e-01 1.913189911275939847e-01 1.000000000000000000e+00 0.000000000000000000e+00 0.000000000000000000e+00 0.000000000000000000e+00 -1.000000000000000000e+00 0.000000000000000000e+00
5.504999990000000176e-01 1.913189911275939847e-01 1.000000000000000000e+00 0.000000000000000000e+00 0.000000000000000000e+00 0.000000000000000000e+00 -1.000000000000000000e+00 0.000000000000000000e+00
5.604999990000000265e-01 1.913189911275939847e-01 1.000000000000000000e+00 0.000000000000000000e+00 0.000000000000000000e+00 0.000000000000000000e+00 -1.000000000000000000e+00 0.000000000000000000e+00
5.704999990000000354e-01 1.913189911275939847e-01 1.000000000000000000e+00 0.000000000000000000e+00 0.000000000000000000e+00 0.000000000000000000e+00 -1.000000000000000000e+00 0.000000000000000000e+00
5.804999990000000443e-01 1.913189911275939847e-01 1.000000000000000000e+00 0.000000000000000000e+00 0.000000000000000000e+00 0.000000000000000000e+00 -1.000000000000000000e+00 0.000000000000000000e+00
5.904999990000000532e-01 1.913189911275939847e-01 1.000000000000000000e+00 0.000000000000000000e+00 0.000000000000000000e+00 0.000000000000000000e+00 -1.000000000000000000e+00 0.000000000000000000e+00
6.004999990000000620e-01 1.913189911275939847e-01 1.000000000000000000e+00 0.000000000000000000e+00 0.000000000000000000e+00 0.000000000000000000e+00 -1.000000000000000000e+00 0.000000000000000000e+00
6.104999990000000709e-01 1.913189911275939847e-01 1.000000000000000000e+00 0.000000000000000000e+00 0.000000000000000000e+00 0.000000000000000000e+00 -1.000000000000000000e+00 0.000000000000000000e+00
6.204999990000000798e-01 1.913189911275939847e-01 1.000000000000000000e+00 0.000000000000000000e+00 0.000000000000000000e+00 0.000000000000000000e+00 -1.000000000000000000e+00 0.000000000000000000e+00
6.304999990000000887e-01 1.913189911275939847e-01 1.000000000000000000e+00 0.000000000000000000e+00 0.000000000000000000e+00 0.000000000000000000e+00 -1.000000000000000000e+00 0.000000000000000000e+00
6.404999989999999865e-01 1.913189911275939847e-01 1.000000000000000000e+00 0.000000000000000000e+00 0.000000000000000000e+00 0.000000000000000000e+00 -1.000000000000000000e+00 0.000000000000000000e+00
6.504999989999999954e-01 1.913189911275939847e-01 1.000000000000000000e+00 0.000000000000000000e+00 0.000000000000000000e+00 0.000000000000000000e+00 -1.000000000000000000e+00 0.000000000000000000e+00
6.604999990000000043e-01 1.913189911275939847e-01 1.000000000000000000e+00 0.000000000000000000e+00 0.000000000000000000e+00 0.000000000000000000e+00 -1.000000000000000000e+00 0.000000000000000000e+00
6.704999990000000132e-01 1.913189911275939847e-01 1.000000000000000000e+00 0.000000000000000000e+00 0.000000000000000000e+00 0.000000000000000000e+00 -1.000000000000000000e+00 0.000000000000000000e+00
6.804999990000000221e-01 1.913189911275939847e-01 1.000000000000000000e+00 0.000000000000000000e+00 0.000000000000000000e+00 0.000000000000000000e+00 -1.000000000000000000e+00 0.000000000000000000e+00
6.904999990000000309e-01 1.913189911275939847e-01 1.000000000000000000e+00 0.000000000000000000e+00 0.000000000000000000e+00 0.000000000000000000e+00 -1.000000000000000000e+00 0.000000000000000000e+00
7.004999990000000398e-01 1.913189911275939847e-01 1.000000000000000000e+00 0.000000000000000000e+00 0.000000000000000000e+00 0.000000000000000000e+00 -1.000000000000000000e+00 0.000000000000000000e+00
7.104999990000000487e-01 1.913189911275939847e-01 1.000000000000000000e+00 0.000000000000000000e+00 0.000000000000000000e+00 0.000000000000000000e+00 -1.000000000000000000e+00 0.000000000000000000e+00
7.204999990000000576e-01 1.913189911275939847e-01 1.000000000000000000e+00 0.000000000000000000e+00 0.000000000000000000e+00 0.000000000000000000e+00 -1.000000000000000000e+00 0.000000000000000000e+00
7.304999990000000665e-01 1.913189911275939847e-01 1.000000000000000000e+00 0.000000000000000000e+00 0.000000000000000000e+00 0.000000000000000000e+00 -1.000000000000000000e+00 0.000000000000000000e+00
7.404999990000000754e-01 1.913189911275939847e-01 1.000000000000000000e+00 0.000000000000000000e+00 0.000000000000000000e+00 0.000000000000000000e+00 -1.000000000000000000e+00 0.000000000000000000e+00
7.504999990000000842e-01 1.913189911275939847e-01 1.000000000000000000e+00 0.000000000000000000e+00 0.000000000000000000e+00 0.000000000000000000e+00 -1.000000000000000000e+00 0.000000000000000000e+00
7.604999990000000931e-01 1.913189911275939847e-01 1.000000000000000000e+00 0.000000000000000000e+00 0.000000000000000000e+00 0.000000000000000000e+00 -1.000000000000000000e+00 0.000000000000000000e+00
7.704999990000001020e-01 1.913189911275939847e-01 1.000000000000000000e+00 0.000000000000000000e+00 0.000000000000000000e+00 0.000000000000000000e+00 -1.000000000000000000e+00 0.000000000000000000e+00
7.804999989999999999e-01 1.913189911275939847e-01 1.000000000000000000e+00 0.000000000000000000e+00 0.000000000000000000e+00 0.000000000000000000e+00 -1.000000000000000000e+00 0.000000000000000000e+00
7.904999990000000087e-01 1.913189911275939847e-01 1.000000000000000000e+00 0.000000000000000000e+00 0.000000000000000000e+00 0.000000000000000000e+00 -1.000000000000000000e+00 0.000000000000000000e+00
8.004999990000000176e-01 1.913189911275939847e-01 1.000000000000000000e+00 0.000000000000000000e+00 0.000000000000000000e+00 0.000000000000000000e+00 -1.000000000000000000e+00 0.000000000000000000e+00
8.104999990000000265e-01 1.913189911275939847e-01 1.000000000000000000e+00 0.000000000000000000e+00 0.000000000000000000e+00 0.000000000000000000e+00 -1.000000000000000000e+00 0.000000000000000000e+00
8.204999990000000354e-01 1.913189911275939847e-01 1.000000000000000000e+00 0.000000000000000000e+00 0.000000000000000000e+00 0.000000000000000000e+00 -1.000000000000000000e+00 0.000000000000000000e+00
8.304999990000000443e-01 1.913189911275939847e-01 1.000000000000000000e+00 0.000000000000000000e+00 0.000000000000000000e+00 0.000000000000000000e+00 -1.000000000000000000e+00 0.000000000000000000e+00
8.404999990000000532e-01 1.913189911275939847e-01 1.000000000000000000e+00 0.000000000000000000e+00 0.000000000000000000e+00 0.000000000000000000e+00 -1.000000000000000000e+00 0.000000000000000000e+00
8.504999990000000620e-01 1.913189911275939847e-01 1.000000000000000000e+00 0.000000000000000000e+00 0.000000000000000000e+00 0.000000000000000000e+00 -1.000000000000000000e+00 0.000000000000000000e+00
8.604999990000000709e-01 1.913189911275939847e-01 1.000000000000000000e+00 0.000000000000000000e+00 0.000000000000000000e+00 0.000000000000000000e+00 -1.000000000000000000e+00 0.000000000000000000e+00
8.704999990000000798e-01 1.913189911275939847e-01 1.000000000000000000e+00 0.000000000000000000e+00 0.000000000000000000e+00 0.000000000000000000e+00 -1.000000000000000000e+00 0.000000000000000000e+00
8.804999990000000887e-01 1.913189911275939847e-01 1.000000000000000000e+00 0.000000000000000000e+00 0.000000000000000000e+00 0.000000000000000000e+00 -1.000000000000000000e+00 0.000000000000000000e+00
8.904999990000000976e-01 1.913189911275939847e-01 1.000000000000000000e+00 0.000000000000000000e+00 0.000000000000000000e+00 0.000000000000000000e+00 -1.000000000000000000e+00 0.000000000000000000e+00
9.004999990000001064e-01 1.913189911275939847e-01 1.000000000000000000e+00 0.000000000000000000e+00 0.000000000000000000e+00 0.000000000000000000e+00 -1.000000000000000000e+00 0.000000000000000000e+00
9.104999990000000043e-01 1.913189911275939847e-01 1.000000000000000000e+00 0.000000000000000000e+00 0.000000000000000000e+00 0.000000000000000000e+00 -1.000000000000000000e+00 0.000000000000000000e+00
9.204999990000000132e-01 1.913189911275939847e-01 1.000000000000000000e+00 0.000000000000000000e+00 0.000000000000000000e+00 0.000000000000000000e+00 -1.000000000000000000e+00 0.000000000000000000e+00
9.304999990000000221e-01 1.913189911275939847e-01 1.000000000000000000e+00 0.000000000000000000e+00 0.000000000000000000e+00 0.000000000000000000e+00 -1.000000000000000000e+00 0.000000000000000000e+00
9.404999990000000309e-01 1.913189911275939847e-01 1.000000000000000000e+00 0.000000000000000000e+00 0.000000000000000000e+00 0.000000000000000000e+00 -1.000000000000000000e+00 0.000000000000000000e+00
9.504999990000000398e-01 1.913189911275939847e-01 1.000000000000000000e+00 0.000000000000000000e+00 0.000000000000000000e+00 0.000000000000000000e+00 -1.000000000000000000e+00 0.000000000000000000e+00
9.604999990000000487e-01 1.913189911275939847e-01 1.000000000000000000e+00 0.000000000000000000e+00 0.000000000000000000e+00 0.000000000000000000e+00 -1.000000000000000000e+00 0.000000000000000000e+00
9.704999990000000576e-01 1.913189911275939847e-01 1.000000000000000000e+00 0.000000000000000000e+00 0.000000000000000000e+00 0.000000000000000000e+00 -1.000000000000000000e+00 0.000000000000000000e+00
9.804999990000000665e-01 1.913189911275939847e-01 1.000000000000000000e+00 0.000000000000000000e+00 0.000000000000000000e+00 0.000000000000000000e+00 -1.000000000000000000e+00 0.000000000000000000e+00
9.904999990000000754e-01 1.913189911275939847e-01 1.000000000000000000e+00 0.000000000000000000e+00 0.000000000000000000e+00 0.000000000000000000e+00 -1.000000000000000000e+00 0.000000000000000000e+00
1.000499999000000084e+00 1.913189911275939847e-01 1.000000000000000000e+00 0.000000000000000000e+00 0.000000000000000000e+00 0.000000000000000000e+00 -1.000000000000000000e+00 0.000000000000000000e+00
1.010499999000000093e+00 1.913189911275939847e-01 1.000000000000000000e+00 0.000000000000000000e+00 0.000000000000000000e+00 0.000000000000000000e+00 -1.000000000000000000e+00 0.000000000000000000e+00
1.020499999000000102e+00 1.913189911275939847e-01 1.000000000000000000e+00 0.000000000000000000e+00 0.000000000000000000e+00 0.000000000000000000e+00 -1.000000000000000000e+00 0.000000000000000000e+00
1.030499999000000111e+00 1.913189911275939847e-01 1.000000000000000000e+00 0.000000000000000000e+00 0.000000000000000000e+00 0.000000000000000000e+00 -1.000000000000000000e+00 0.000000000000000000e+00
1.040499999000000120e+00 1.913189911275939847e-01 1.000000000000000000e+00 0.000000000000000000e+00 0.000000000000000000e+00 0.000000000000000000e+00 -1.000000000000000000e+00 0.000000000000000000e+00
1.050499999000000129e+00 1.913180818636639469e-01 1.000000854492187452e+00 0.000000000000000000e+00 0.000000000000000000e+00 0.000000000000000000e+00 -1.000000854492187452e+00 0.000000000000000000e+00
1.060499999000000138e+00 1.913128861606516740e-01 1.000005737304687559e+00 0.000000000000000000e+00 0.000000000000000000e+00 0.000000000000000000e+00 -1.000005737304687559e+00 0.000000000000000000e+00
1.070499999000000146e+00 1.912973649192437620e-01 1.000020324707031172e+00 0.000000000000000000e+00 0.000000000000000000e+00 0.000000000000000000e+00 -1.000020324707031172e+00 0.000000000000000000e+00
1.080499999000000155e+00 1.912648981679816451e-01 1.000050842285156172e+00 0.000000000000000000e+00 0.000000000000000000e+00 0.000000000000000000e+00 -1.000050842285156172e+00 0.000000000000000000e+00
1.090499999000000164e+00 1.912106272554152664e-01 1.000101867675781353e+00 0.000000000000000000e+00 0.000000000000000000e+00 0.000000000000000000e+00 -1.000101867675781353e+00 0.000000000000000000e+00
1.100499999000000173e+00 1.911328856979562785e-01 1.000174987792968651e+00 0.000000000000000000e+00 0.000000000000000000e+00 0.000000000000000000e+00 -1.000174987792968651e+00 0.000000000000000000e+00
1.110499998999999960e+00 1.910346227751200665e-01 1.000267456054687587e+00 0.000000000000000000e+00 0.000000000000000000e+00 0.000000000000000000e+00 -1.000267456054687587e+00 0.000000000000000000e+00
1.120499998999999969e+00 1.909199555644065516e-01 1.000375427246093851e+00 0.000000000000000000e+00 0.000000000000000000e+00 0.000000000000000000e+00 -1.000375427246093851e+00 0.000000000000000000e+00
1.130499998999999978e+00 1.907912476181471417e-01 1.000496704101562440e+00 0.000000000000000000e+00 0.000000000000000000e+00 0.000000000000000000e+00 -1.000496704101562440e+00 0.000000000000000000e+00
1.140499998999999987e+00 1.906473010243949773e-01 1.000632446289062560e+00 0.000000000000000000e+00 0.000000000000000000e+00 0.000000000000000000e+00 -1.000632446289062560e+00 0.000000000000000000e+00
1.150499998999999995e+00 1.904836939394219941e-01 1.000786865234374989e+00 0.000000000000000000e+00 0.000000000000000000e+00 0.000000000000000000e+00 -1.000786865234374989e+00 0.000000000000000000e+00
1.160499999000000004e+00 1.902953169740743133e-01 1.000964843750000055e+00 0.000000000000000000e+00 0.000000000000000000e+00 0.000000000000000000e+00 -1.000964843750000055e+00 0.000000000000000000e+00
1.170499999000000013e+00 1.900785757728890024e-01 1.001169860839843828e+00 0.000000000000000000e+00 0.000000000000000000e+00 0.000000000000000000e+00 -1.001169860839843828e+00 0.000000000000000000e+00
1.180499999000000022e+00 1.898326762774802390e-01 1.001402770996093761e+00 0.000000000000000000e+00 0.000000000000000000e+00 0.000000000000000000e+00 -1.001402770996093761e+00 0.000000000000000000e+00
1.190499999000000031e+00 1.895615374637698025e-01 1.001659973144531257e+00 0.000000000000000000e+00 0.000000000000000000e+00 0.000000000000000000e+00 -1.001659973144531257e+00 0.000000000000000000e+00
1.200499999000000040e+00 1.892697728777319455e-01 1.001937194824218835e+00 0.000000000000000000e+00 0.000000000000000000e+00 0.000000000000000000e+00 -1.001937194824218835e+00 0.000000000000000000e+00
1.210499999000000049e+00 1.889600523098834417e-01 1.002231994628906220e+00 0.000000000000000000e+00 0.000000000000000000e+00 0.000000000000000000e+00 -1.002231994628906220e+00 0.000000000000000000e+00
1.220499999000000058e+00 1.886311967846436843e-01 1.002545593261718659e+00 0.000000000000000000e+00 0.000000000000000000e+00 0.000000000000000000e+00 -1.002545593261718659e+00 0.000000000000000000e+00
1.230499999000000066e+00 1.882792358900118312e-01 1.002881896972656284e+00 0.000000000000000000e+00 0.000000000000000000e+00 0.000000000000000000e+00 -1.002881896972656284e+00 0.000000000000000000e+00
1.240499999000000075e+00 1.879001144262106848e-01 1.003244934082031303e+00 0.000000000000000000e+00 0.000000000000000000e+00 0.000000000000000000e+00 -1.003244934082031303e+00 0.000000000000000000e+00
1.250499999000000084e+00 1.874912878736361144e-01 1.003637329101562559e+00 0.000000000000000000e+00 0.000000000000000000e+00 0.000000000000000000e+00 -1.003637329101562559e+00 0.000000000000000000e+00
1.260499999000000093e+00 1.870536742908582850e-01 1.004058410644531163e+00 0.000000000000000000e+00 0.000000000000000000e+00 0.000000000000000000e+00 -1.004058410644531163e+00 0.000000000000000000e+00
1.270499999000000102e+00 1.865919273694732761e-01 1.004503906250000078e+00 0.000000000000000000e+00 0.000000000000000000e+00 0.000000000000000000e+00 -1.004503906250000078e+00 0.000000000000000000e+00
1.280499999000000111e+00 1.861110423687766247e-01 1.004969177246093803e+00 0.000000000000000000e+00 0.000000000000000000e+00 0.000000000000000000e+00 -1.004969177246093803e+00 0.000000000000000000e+00
1.290499999000000120e+00 1.856133926556134961e-01 1.005452087402343819e+00 0.000000000000000000e+00 0.000000000000000000e+00 0.000000000000000000e+00 -1.005452087402343819e+00 0.000000000000000000e+00
1.300499999000000129e+00 1.850975121530850087e-01 1.005954223632812505e+00 0.000000000000000000e+00 0.000000000000000000e+00 0.000000000000000000e+00 -1.005954223632812505e+00 0.000000000000000000e+00
1.310499999000000138e+00 1.845598397191041684e-01 1.006479248046874941e+00 0.000000000000000000e+00 0.000000000000000000e+00 0.000000000000000000e+00 -1.006479248046874941e+00 0.000000000000000000e+00
1.320499999000000146e+00 1.839969961950471689e-01 1.007030700683593682e+00 0.000000000000000000e+00 0.000000000000000000e+00 0.000000000000000000e+00 -1.007030700683593682e+00 0.000000000000000000e+00
1.330499999000000155e+00 1.834075226514090273e-01 1.007610290527343855e+00 0.000000000000000000e+00 0.000000000000000000e+00 0.000000000000000000e+00 -1.007610290527343855e+00 0.000000000000000000e+00
1.340499999000000164e+00 1.827936410083484953e-01 1.008216125488281323e+00 0.000000000000000000e+00 0.000000000000000000e+00 0.000000000000000000e+00 -1.008216125488281323e+00 0.000000000000000000e+00
1.350499999000000173e+00 1.821606926667056481e-01 1.008843200683593677e+00 0.000000000000000000e+00 0.000000000000000000e+00 0.000000000000000000e+00 -1.008843200683593677e+00 0.000000000000000000e+00
1.360499999000000182e+00 1.815134587435665026e-01 1.009486999511718830e+00 0.000000000000000000e+00 0.000000000000000000e+00 0.000000000000000000e+00 -1.009486999511718830e+00 0.000000000000000000e+00
1.370499999000000191e+00 1.808537252151879438e-01 1.010145935058593736e+00 0.000000000000000000e+00 0.000000000000000000e+00 0.000000000000000000e+00 -1.010145935058593736e+00 0.000000000000000000e+00
1.380499998999999978e+00 1.801796730623493881e-01 1.010822021484375055e+00 0.000000000000000000e+00 0.000000000000000000e+00 0.000000000000000000e+00 -1.010822021484375055e+00 0.000000000000000000e+00
1.390499998999999987e+00 1.794880108311054379e-01 1.011518798828124899e+00 0.000000000000000000e+00 0.000000000000000000e+00 0.000000000000000000e+00 -1.011518798828124899e+00 0.000000000000000000e+00
1.400499998999999995e+00 1.787758767540541527e-01 1.012239440917968691e+00 0.000000000000000000e+00 0.000000000000000000e+00 0.000000000000000000e+00 -1.012239440917968691e+00 0.000000000000000000e+00
1.410499999000000004e+00 1.780426913997439353e-01 1.012984863281249925e+00 0.000000000000000000e+00 0.000000000000000000e+00 0.000000000000000000e+00 -1.012984863281249925e+00 0.000000000000000000e+00
1.420499999000000013e+00 1.772917167323697640e-01 1.013752075195312408e+00 0.000000000000000000e+00 0.000000000000000000e+00 0.000000000000000000e+00 -1.013752075195312408e+00 0.000000000000000000e+00
1.430499999000000022e+00 1.765282411843847044e-01 1.014535949707031204e+00 0.000000000000000000e+00 0.000000000000000000e+00 0.000000000000000000e+00 -1.014535949707031204e+00 0.000000000000000000e+00
1.440499999000000031e+00 1.757566321263253073e-01 1.015332214355468832e+00 0.000000000000000000e+00 0.000000000000000000e+00 0.000000000000000000e+00 -1.015332214355468832e+00 0.000000000000000000e+00
1.450499999000000040e+00 1.749779470499622791e-01 1.016139953613281355e+00 0.000000000000000000e+00 0.000000000000000000e+00 0.000000000000000000e+00 -1.016139953613281355e+00 0.000000000000000000e+00
1.460499999000000049e+00 1.741899579771485351e-01 1.016961669921875089e+00 0.000000000000000000e+00 0.000000000000000000e+00 0.000000000000000000e+00 -1.016961669921875089e+00 0.000000000000000000e+00
1.470499999000000058e+00 1.733893875558849551e-01 1.017801025390624892e+00 0.000000000000000000e+00 0.000000000000000000e+00 0.000000000000000000e+00 -1.017801025390624892e+00 0.000000000000000000e+00
1.480499999000000066e+00 1.725739625854600945e-01 1.018660705566406310e+00 0.000000000000000000e+00 0.000000000000000000e+00 0.000000000000000000e+00 -1.018660705566406310e+00 0.000000000000000000e+00
1.490499999000000075e+00 1.717441132511534629e-01 1.019540588378906154e+00 0.000000000000000000e+00 0.000000000000000000e+00 0.000000000000000000e+00 -1.019540588378906154e+00 0.000000000000000000e+00
1.500499999000000084e+00 1.709035258078765995e-01 1.020437072753906271e+00 0.000000000000000000e+00 0.000000000000000000e+00 0.000000000000000000e+00 -1.020437072753906271e+00 0.000000000000000000e+00
1.510499999000000093e+00 1.700575131369106430e-01 1.021344726562499972e+00 0.000000000000000000e+00 0.000000000000000000e+00 0.000000000000000000e+00 -1.021344726562499972e+00 0.000000000000000000e+00
1.520499999000000102e+00 1.692094649848792098e-01 1.022260070800781184e+00 0.000000000000000000e+00 0.000000000000000000e+00 0.000000000000000000e+00 -1.022260070800781184e+00 0.000000000000000000e+00
1.530499999000000111e+00 1.683597240714038712e-01 1.023182861328125082e+00 0.000000000000000000e+00 0.000000000000000000e+00 0.000000000000000000e+00 -1.023182861328125082e+00 0.000000000000000000e+00
1.540499999000000120e+00 1.675056769500907761e-01 1.024116088867187413e+00 0.000000000000000000e+00 0.000000000000000000e+00 0.000000000000000000e+00 -1.024116088867187413e+00 0.000000000000000000e+00
1.550499999000000129e+00 1.666442262242212591e-01 1.025063354492187440e+00 0.000000000000000000e+00 0.000000000000000000e+00 0.000000000000000000e+00 -1.025063354492187440e+00 0.000000000000000000e+00
1.560499999000000138e+00 1.657736242965165419e-01 1.026026855468749943e+00 0.000000000000000000e+00 0.000000000000000000e+00 0.000000000000000000e+00 -1.026026855468749943e+00 0.000000000000000000e+00
1.570499999000000146e+00 1.648947995944279876e-01 1.027005859374999996e+00 0.000000000000000000e+00 0.000000000000000000e+00 0.000000000000000000e+00 -1.027005859374999996e+00 0.000000000000000000e+00
1.580499999000000155e+00 1.640119209195879391e-01 1.027995971679687592e+00 0.000000000000000000e+00 0.000000000000000000e+00 0.000000000000000000e+00 -1.027995971679687592e+00 0.000000000000000000e+00
1.590499999000000164e+00 1.631298077887756159e-01 1.028991943359375050e+00 0.000000000000000000e+00 0.000000000000000000e+00 0.000000000000000000e+00 -1.028991943359375050e+00 0.000000000000000000e+00
1.600499999000000173e+00 1.622510135816471744e-01 1.029990966796874963e+00 0.000000000000000000e+00 0.000000000000000000e+00 0.000000000000000000e+00 -1.029990966796874963e+00 0.000000000000000000e+00
1.610499999000000182e+00 1.613750483138453040e-01 1.030993652343749956e+00 0.000000000000000000e+00 0.000000000000000000e+00 0.000000000000000000e+00 -1.030993652343749956e+00 0.000000000000000000e+00
1.620499999000000191e+00 1.604991149920460547e-01 1.032003295898437534e+00 0.000000000000000000e+00 0.000000000000000000e+00 0.000000000000000000e+00 -1.032003295898437534e+00 0.000000000000000000e+00
1.630499999000000200e+00 1.596202872856138377e-01 1.033023437500000030e+00 0.000000000000000000e+00 0.000000000000000000e+00 0.000000000000000000e+00 -1.033023437500000030e+00 0.000000000000000000e+00
1.640499999000000209e+00 1.587370788047948178e-01 1.034056030273437399e+00 0.000000000000000000e+00 0.000000000000000000e+00 0.000000000000000000e+00 -1.034056030273437399e+00 0.000000000000000000e+00
1.650499998999999995e+00 1.578512544545001006e-01 1.035099243164062432e+00 0.000000000000000000e+00 0.000000000000000000e+00 0.000000000000000000e+00 -1.035099243164062432e+00 0.000000000000000000e+00
1.660499999000000004e+00 1.569669952016240488e-01 1.036148315429687550e+00 0.000000000000000000e+00 0.000000000000000000e+00 0.000000000000000000e+00 -1.036148315429687550e+00 0.000000000000000000e+00
1.670499999000000013e+00 1.560881601257620988e-01 1.037198730468749996e+00 0.000000000000000000e+00 0.000000000000000000e+00 0.000000000000000000e+00 -1.037198730468749996e+00 0.000000000000000000e+00
1.680499999000000022e+00 1.552167788204874554e-01 1.038248046874999941e+00 0.000000000000000000e+00 0.000000000000000000e+00 0.000000000000000000e+00 -1.038248046874999941e+00 0.000000000000000000e+00
1.690499999000000031e+00 1.543518132563570511e-01 1.039297485351562411e+00 0.000000000000000000e+00 0.000000000000000000e+00 0.000000000000000000e+00 -1.039297485351562411e+00 0.000000000000000000e+00
1.700499999000000040e+00 1.534899678636709730e-01 1.040351074218750060e+00 0.000000000000000000e+00 0.000000000000000000e+00 0.000000000000000000e+00 -1.040351074218750060e+00 0.000000000000000000e+00
1.710499999000000049e+00 1.526285408154366419e-01 1.041412231445312475e+00 0.000000000000000000e+00 0.000000000000000000e+00 0.000000000000000000e+00 -1.041412231445312475e+00 0.000000000000000000e+00
1.720499999000000058e+00 1.517667769355748320e-01 1.042482055664062601e+00 0.000000000000000000e+00 0.000000000000000000e+00 0.000000000000000000e+00 -1.042482055664062601e+00 0.000000000000000000e+00
1.730499999000000066e+00 1.509066701751519135e-01 1.043558227539062466e+00 0.000000000000000000e+00 0.000000000000000000e+00 0.000000000000000000e+00 -1.043558227539062466e+00 0.000000000000000000e+00
1.740499999000000075e+00 1.500522773831677315e-01 1.044635742187500105e+00 0.000000000000000000e+00 0.000000000000000000e+00 0.000000000000000000e+00 -1.044635742187500105e+00 0.000000000000000000e+00
1.750499999000000084e+00 1.492068599588752820e-01 1.045710449218749893e+00 0.000000000000000000e+00 0.000000000000000000e+00 0.000000000000000000e+00 -1.045710449218749893e+00 0.000000000000000000e+00
1.760499999000000093e+00 1.483715830364157329e-01 1.046780761718749897e+00 0.000000000000000000e+00 0.000000000000000000e+00 0.000000000000000000e+00 -1.046780761718749897e+00 0.000000000000000000e+00
1.770499999000000102e+00 1.475447490635104497e-01 1.047848754882812594e+00 0.000000000000000000e+00 0.000000000000000000e+00 0.000000000000000000e+00 -1.047848754882812594e+00 0.000000000000000000e+00
1.780499999000000111e+00 1.467232184921939409e-01 1.048918457031249973e+00 0.000000000000000000e+00 0.000000000000000000e+00 0.000000000000000000e+00 -1.048918457031249973e+00 0.000000000000000000e+00
1.790499999000000120e+00 1.459044147591546103e-01 1.049993286132812509e+00 0.000000000000000000e+00 0.000000000000000000e+00 0.000000000000000000e+00 -1.049993286132812509e+00 0.000000000000000000e+00
1.800499999000000129e+00 1.450880507339943337e-01 1.051073730468750078e+00 0.000000000000000000e+00 0.000000000000000000e+00 0.000000000000000000e+00 -1.051073730468750078e+00 0.000000000000000000e+00
1.810499999000000138e+00 1.442765843841607998e-01 1.052156616210937479e+00 0.000000000000000000e+00 0.000000000000000000e+00 0.000000000000000000e+00 -1.052156616210937479e+00 0.000000000000000000e+00
1.820499999000000146e+00 1.434735690644616257e-01 1.053237182617187573e+00 0.000000000000000000e+00 0.000000000000000000e+00 0.000000000000000000e+00 -1.053237182617187573e+00 0.000000000000000000e+00
1.830499999000000155e+00 1.426816340563679120e-01 1.054311767578125059e+00 0.000000000000000000e+00 0.000000000000000000e+00 0.000000000000000000e+00 -1.054311767578125059e+00 0.000000000000000000e+00
1.840499999000000164e+00 1.419013649216867012e-01 1.055379394531249959e+00 0.000000000000000000e+00 0.000000000000000000e+00 0.000000000000000000e+00 -1.055379394531249959e+00 0.000000000000000000e+00
1.850499999000000173e+00 1.411304173700833609e-01 1.056443115234374952e+00 0.000000000000000000e+00 0.000000000000000000e+00 0.000000000000000000e+00 -1.056443115234374952e+00 0.000000000000000000e+00
1.860499999000000182e+00 1.403659104905312649e-01 1.057506835937499945e+00 0.000000000000000000e+00 0.000000000000000000e+00 0.000000000000000000e+00 -1.057506835937499945e+00 0.000000000000000000e+00
1.870499999000000191e+00 1.396054912792875635e-01 1.058573852539062443e+00 0.000000000000000000e+00 0.000000000000000000e+00 0.000000000000000000e+00 -1.058573852539062443e+00 0.000000000000000000e+00
1.880499999000000200e+00 1.388495489995819065e-01 1.059643676757812569e+00 0.000000000000000000e+00 0.000000000000000000e+00 0.000000000000000000e+00 -1.059643676757812569e+00 0.000000000000000000e+00
1.890499999000000209e+00 1.381004194821439102e-01 1.060713012695312596e+00 0.000000000000000000e+00 0.000000000000000000e+00 0.000000000000000000e+00 -1.060713012695312596e+00 0.000000000000000000e+00
1.900499999000000217e+00 1.373614564157933371e-01 1.061776977539062417e+00 0.000000000000000000e+00 0.000000000000000000e+00 0.000000000000000000e+00 -1.061776977539062417e+00 0.000000000000000000e+00
1.910499999000000226e+00 1.366345579842576097e-01 1.062832641601562544e+00 0.000000000000000000e+00 0.000000000000000000e+00 0.000000000000000000e+00 -1.062832641601562544e+00 0.000000000000000000e+00
1.920499999000000013e+00 1.359198118918945042e-01 1.063879638671874961e+00 0.000000000000000000e+00 0.000000000000000000e+00 0.000000000000000000e+00 -1.063879638671874961e+00 0.000000000000000000e+00
1.930499999000000022e+00 1.352146667591546114e-01 1.064921508789062443e+00 0.000000000000000000e+00 0.000000000000000000e+00 0.000000000000000000e+00 -1.064921508789062443e+00 0.000000000000000000e+00
1.940499999000000031e+00 1.345161657815593381e-01 1.065962524414062473e+00 0.000000000000000000e+00 0.000000000000000000e+00 0.000000000000000000e+00 -1.065962524414062473e+00 0.000000000000000000e+00
1.950499999000000040e+00 1.338225029222324114e-01 1.067005371093749932e+00 0.000000000000000000e+00 0.000000000000000000e+00 0.000000000000000000e+00 -1.067005371093749932e+00 0.000000000000000000e+00
1.960499999000000049e+00 1.331344187480028030e-01 1.068048950195312541e+00 0.000000000000000000e+00 0.000000000000000000e+00 0.000000000000000000e+00 -1.068048950195312541e+00 0.000000000000000000e+00
1.970499999000000058e+00 1.324544551233811651e-01 1.069089355468749947e+00 0.000000000000000000e+00 0.000000000000000000e+00 0.000000000000000000e+00 -1.069089355468749947e+00 0.000000000000000000e+00
1.980499999000000066e+00 1.317853788489966593e-01 1.070122192382812587e+00 0.000000000000000000e+00 0.000000000000000000e+00 0.000000000000000000e+00 -1.070122192382812587e+00 0.000000000000000000e+00
1.990499999000000075e+00 1.311287647379724142e-01 1.071144775390624915e+00 0.000000000000000000e+00 0.000000000000000000e+00 0.000000000000000000e+00 -1.071144775390624915e+00 0.000000000000000000e+00
2.000499999000000084e+00 1.304838856978058903e-01 1.072157958984375048e+00 0.000000000000000000e+00 0.000000000000000000e+00 0.000000000000000000e+00 -1.072157958984375048e+00 0.000000000000000000e+00
2.010499999000000315e+00 1.298481957515209562e-01 1.073165527343749925e+00 0.000000000000000000e+00 0.000000000000000000e+00 0.000000000000000000e+00 -1.073165527343749925e+00 0.000000000000000000e+00
2.020499999000000102e+00 1.292188543023879976e-01 1.074171874999999998e+00 0.000000000000000000e+00 0.000000000000000000e+00 0.000000000000000000e+00 -1.074171874999999998e+00 0.000000000000000000e+00
2.030499999000000333e+00 1.285947756391170316e-01 1.075178710937499948e+00 0.000000000000000000e+00 0.000000000000000000e+00 0.000000000000000000e+00 -1.075178710937499948e+00 0.000000000000000000e+00
2.040499999000000120e+00 1.279767782369193307e-01 1.076184692382812447e+00 0.000000000000000000e+00 0.000000000000000000e+00 0.000000000000000000e+00 -1.076184692382812447e+00 0.000000000000000000e+00
2.050499998999999907e+00 1.273675007008586713e-01 1.077185424804687486e+00 0.000000000000000000e+00 0.000000000000000000e+00 0.000000000000000000e+00 -1.077185424804687486e+00 0.000000000000000000e+00
2.060499999000000138e+00 1.267691927532433871e-01 1.078177001953124936e+00 0.000000000000000000e+00 0.000000000000000000e+00 0.000000000000000000e+00 -1.078177001953124936e+00 0.000000000000000000e+00
2.070499998999999924e+00 1.261830764029583385e-01 1.079157104492187491e+00 0.000000000000000000e+00 0.000000000000000000e+00 0.000000000000000000e+00 -1.079157104492187491e+00 0.000000000000000000e+00
2.080499999000000155e+00 1.256079496837138043e-01 1.080127441406250055e+00 0.000000000000000000e+00 0.000000000000000000e+00 0.000000000000000000e+00 -1.080127441406250055e+00 0.000000000000000000e+00
2.090499998999999942e+00 1.250411498798975618e-01 1.081092285156250110e+00 0.000000000000000000e+00 0.000000000000000000e+00 0.000000000000000000e+00 -1.081092285156250110e+00 0.000000000000000000e+00
2.100499999000000173e+00 1.244802465642477207e-01 1.082055664062500089e+00 0.000000000000000000e+00 0.000000000000000000e+00 0.000000000000000000e+00 -1.082055664062500089e+00 0.000000000000000000e+00
2.110499998999999960e+00 1.239245064929999085e-01 1.083018798828125018e+00 0.000000000000000000e+00 0.000000000000000000e+00 0.000000000000000000e+00 -1.083018798828125018e+00 0.000000000000000000e+00
2.120499999000000191e+00 1.233750285332969598e-01 1.083979736328124943e+00 0.000000000000000000e+00 0.000000000000000000e+00 0.000000000000000000e+00 -1.083979736328124943e+00 0.000000000000000000e+00
2.130499998999999978e+00 1.228343860643075214e-01 1.084933837890625030e+00 0.000000000000000000e+00 0.000000000000000000e+00 0.000000000000000000e+00 -1.084933837890625030e+00 0.000000000000000000e+00
2.140499999000000209e+00 1.223044438044810223e-01 1.085877563476562502e+00 0.000000000000000000e+00 0.000000000000000000e+00 0.000000000000000000e+00 -1.085877563476562502e+00 0.000000000000000000e+00
2.150499998999999995e+00 1.217859145018366229e-01 1.086809326171874979e+00 0.000000000000000000e+00 0.000000000000000000e+00 0.000000000000000000e+00 -1.086809326171874979e+00 0.000000000000000000e+00
2.160499999000000226e+00 1.212773370984344679e-01 1.087731445312499989e+00 0.000000000000000000e+00 0.000000000000000000e+00 0.000000000000000000e+00 -1.087731445312499989e+00 0.000000000000000000e+00
2.170499999000000013e+00 1.207761030631487875e-01 1.088648437500000066e+00 0.000000000000000000e+00 0.000000000000000000e+00 0.000000000000000000e+00 -1.088648437500000066e+00 0.000000000000000000e+00
2.180499999000000244e+00 1.202801544542818624e-01 1.089563964843750066e+00 0.000000000000000000e+00 0.000000000000000000e+00 0.000000000000000000e+00 -1.089563964843750066e+00 0.000000000000000000e+00
2.190499999000000031e+00 1.197890056278310134e-01 1.090478881835937441e+00 0.000000000000000000e+00 0.000000000000000000e+00 0.000000000000000000e+00 -1.090478881835937441e+00 0.000000000000000000e+00
2.200499999000000262e+00 1.193041268795398402e-01 1.091390380859375009e+00 0.000000000000000000e+00 0.000000000000000000e+00 0.000000000000000000e+00 -1.091390380859375009e+00 0.000000000000000000e+00
2.210499999000000049e+00 1.188278950893636443e-01 1.092293823242187489e+00 0.000000000000000000e+00 0.000000000000000000e+00 0.000000000000000000e+00 -1.092293823242187489e+00 0.000000000000000000e+00
2.220499999000000280e+00 1.183618374184787214e-01 1.093186035156249902e+00 0.000000000000000000e+00 0.000000000000000000e+00 0.000000000000000000e+00 -1.093186035156249902e+00 0.000000000000000000e+00
2.230499999000000066e+00 1.179062278681650699e-01 1.094066162109375018e+00 0.000000000000000000e+00 0.000000000000000000e+00 0.000000000000000000e+00 -1.094066162109375018e+00 0.000000000000000000e+00
2.240499999000000297e+00 1.174593322239142479e-01 1.094937255859375069e+00 0.000000000000000000e+00 0.000000000000000000e+00 0.000000000000000000e+00 -1.094937255859375069e+00 0.000000000000000000e+00
2.250499999000000084e+00 1.170186714076331125e-01 1.095803955078124892e+00 0.000000000000000000e+00 0.000000000000000000e+00 0.000000000000000000e+00 -1.095803955078124892e+00 0.000000000000000000e+00
2.260499999000000315e+00 1.165825257001569248e-01 1.096669555664062434e+00 0.000000000000000000e+00 0.000000000000000000e+00 0.000000000000000000e+00 -1.096669555664062434e+00 0.000000000000000000e+00
2.270499999000000102e+00 1.161509346038792634e-01 1.097533935546874950e+00 0.000000000000000000e+00 0.000000000000000000e+00 0.000000000000000000e+00 -1.097533935546874950e+00 0.000000000000000000e+00
2.280499999000000333e+00 1.157254384995833885e-01 1.098393920898437459e+00 0.000000000000000000e+00 0.000000000000000000e+00 0.000000000000000000e+00 -1.098393920898437459e+00 0.000000000000000000e+00
2.290499999000000120e+00 1.153081760795229282e-01 1.099244995117187429e+00 0.000000000000000000e+00 0.000000000000000000e+00 0.000000000000000000e+00 -1.099244995117187429e+00 0.000000000000000000e+00
2.300499999000000351e+00 1.149003800433450184e-01 1.100084350585937454e+00 0.000000000000000000e+00 0.000000000000000000e+00 0.000000000000000000e+00 -1.100084350585937454e+00 0.000000000000000000e+00
2.310499999000000138e+00 1.145018902458585508e-01 1.100911987304687534e+00 0.000000000000000000e+00 0.000000000000000000e+00 0.000000000000000000e+00 -1.100911987304687534e+00 0.000000000000000000e+00
2.320499998999999924e+00 1.141108675109687720e-01 1.101731445312500002e+00 0.000000000000000000e+00 0.000000000000000000e+00 0.000000000000000000e+00 -1.101731445312500002e+00 0.000000000000000000e+00
2.330499999000000155e+00 1.137250178806481493e-01 1.102547363281249915e+00 0.000000000000000000e+00 0.000000000000000000e+00 0.000000000000000000e+00 -1.102547363281249915e+00 0.000000000000000000e+00
2.340499998999999942e+00 1.133430382606177567e-01 1.103362426757812598e+00 0.000000000000000000e+00 0.000000000000000000e+00 0.000000000000000000e+00 -1.103362426757812598e+00 0.000000000000000000e+00
2.350499999000000173e+00 1.129651949818331058e-01 1.104176025390624982e+00 0.000000000000000000e+00 0.000000000000000000e+00 0.000000000000000000e+00 -1.104176025390624982e+00 0.000000000000000000e+00
2.360499998999999960e+00 1.125932539356890860e-01 1.104984252929687605e+00 0.000000000000000000e+00 0.000000000000000000e+00 0.000000000000000000e+00 -1.104984252929687605e+00 0.000000000000000000e+00
2.370499999000000191e+00 1.122290266993093422e-01 1.105782958984375064e+00 0.000000000000000000e+00 0.000000000000000000e+00 0.000000000000000000e+00 -1.105782958984375064e+00 0.000000000000000000e+00
2.380499998999999978e+00 1.118734336918079109e-01 1.106569824218750053e+00 0.000000000000000000e+00 0.000000000000000000e+00 0.000000000000000000e+00 -1.106569824218750053e+00 0.000000000000000000e+00
2.390499999000000209e+00 1.115260535726589897e-01 1.107345458984374975e+00 0.000000000000000000e+00 0.000000000000000000e+00 0.000000000000000000e+00 -1.107345458984374975e+00 0.000000000000000000e+00
2.400499998999999995e+00 1.111849128927606678e-01 1.108114013671875009e+00 0.000000000000000000e+00 0.000000000000000000e+00 0.000000000000000000e+00 -1.108114013671875009e+00 0.000000000000000000e+00
2.410499999000000226e+00 1.108479986784252080e-01 1.108879882812499940e+00 0.000000000000000000e+00 0.000000000000000000e+00 0.000000000000000000e+00 -1.108879882812499940e+00 0.000000000000000000e+00
2.420499999000000013e+00 1.105142685158693183e-01 1.109645385742187518e+00 0.000000000000000000e+00 0.000000000000000000e+00 0.000000000000000000e+00 -1.109645385742187518e+00 0.000000000000000000e+00
2.430499999000000244e+00 1.101843965643902745e-01 1.110408935546874920e+00 0.000000000000000000e+00 0.000000000000000000e+00 0.000000000000000000e+00 -1.110408935546874920e+00 0.000000000000000000e+00
2.440499999000000031e+00 1.098600725613469997e-01 1.111166503906249936e+00 0.000000000000000000e+00 0.000000000000000000e+00 0.000000000000000000e+00 -1.111166503906249936e+00 0.000000000000000000e+00
2.450499999000000262e+00 1.095429240359206968e-01 1.111914062499999911e+00 0.000000000000000000e+00 0.000000000000000000e+00 0.000000000000000000e+00 -1.111914062499999911e+00 0.000000000000000000e+00
2.460499999000000049e+00 1.092335984701529039e-01 1.112649780273437417e+00 0.000000000000000000e+00 0.000000000000000000e+00 0.000000000000000000e+00 -1.112649780273437417e+00 0.000000000000000000e+00
2.470499999000000280e+00 1.089313507059004316e-01 1.113375122070312528e+00 0.000000000000000000e+00 0.000000000000000000e+00 0.000000000000000000e+00 -1.113375122070312528e+00 0.000000000000000000e+00
2.480499999000000066e+00 1.086341545126681130e-01 1.114094726562500082e+00 0.000000000000000000e+00 0.000000000000000000e+00 0.000000000000000000e+00 -1.114094726562500082e+00 0.000000000000000000e+00
2.490499999000000297e+00 1.083404012508575320e-01 1.114812377929687459e+00 0.000000000000000000e+00 0.000000000000000000e+00 0.000000000000000000e+00 -1.114812377929687459e+00 0.000000000000000000e+00
2.500000000000000000e+00 1.080492775098536029e-01 1.115530029296875059e+00 0.000000000000000000e+00 0.000000000000000000e+00 0.000000000000000000e+00 -1.115530029296875059e+00 0.000000000000000000e+00
2.510000000000000231e+00 1.077759759306355924e-01 1.116209716796874973e+00 0.000000000000000000e+00 0.000000000000000000e+00 0.000000000000000000e+00 -1.116209716796874973e+00 0.000000000000000000e+00
2.520000000000000018e+00 1.074919970313095163e-01 1.116922241210937417e+00 0.000000000000000000e+00 0.000000000000000000e+00 0.000000000000000000e+00 -1.116922241210937417e+00 0.000000000000000000e+00
2.530000000000000249e+00 1.072104570834793158e-01 1.117635131835937434e+00 0.000000000000000000e+00 0.000000000000000000e+00 0.000000000000000000e+00 -1.117635131835937434e+00 0.000000000000000000e+00
2.540000000000000036e+00 1.069299782007977484e-01 1.118351928710937582e+00 0.000000000000000000e+00 0.000000000000000000e+00 0.000000000000000000e+00 -1.118351928710937582e+00 0.000000000000000000e+00
2.550000000000000266e+00 1.066498463784690820e-01 1.119074584960937591e+00 0.000000000000000000e+00 0.000000000000000000e+00 0.000000000000000000e+00 -1.119074584960937591e+00 0.000000000000000000e+00
2.560000000000000053e+00 1.063709158461694226e-01 1.119801025390624982e+00 0.000000000000000000e+00 0.000000000000000000e+00 0.000000000000000000e+00 -1.119801025390624982e+00 0.000000000000000000e+00
2.570000000000000284e+00 1.060948882493268908e-01 1.120526855468749972e+00 0.000000000000000000e+00 0.000000000000000000e+00 0.000000000000000000e+00 -1.120526855468749972e+00 0.000000000000000000e+00
2.580000000000000071e+00 1.058234007365155271e-01 1.121247680664062552e+00 0.000000000000000000e+00 0.000000000000000000e+00 0.000000000000000000e+00 -1.121247680664062552e+00 0.000000000000000000e+00
2.590000000000000302e+00 1.055572564283360215e-01 1.121961181640624972e+00 0.000000000000000000e+00 0.000000000000000000e+00 0.000000000000000000e+00 -1.121961181640624972e+00 0.000000000000000000e+00
2.600000000000000089e+00 1.052957448564084686e-01 1.122669067382812580e+00 0.000000000000000000e+00 0.000000000000000000e+00 0.000000000000000000e+00 -1.122669067382812580e+00 0.000000000000000000e+00
2.610000000000000320e+00 1.050373807029025830e-01 1.123375244140625062e+00 0.000000000000000000e+00 0.000000000000000000e+00 0.000000000000000000e+00 -1.123375244140625062e+00 0.000000000000000000e+00
2.620000000000000107e+00 1.047807785040435480e-01 1.124083496093750023e+00 0.000000000000000000e+00 0.000000000000000000e+00 0.000000000000000000e+00 -1.124083496093750023e+00 0.000000000000000000e+00
2.630000000000000338e+00 1.045256089288217893e-01 1.124794799804687440e+00 0.000000000000000000e+00 0.000000000000000000e+00 0.000000000000000000e+00 -1.124794799804687440e+00 0.000000000000000000e+00
2.640000000000000124e+00 1.042727644615746296e-01 1.125506713867187480e+00 0.000000000000000000e+00 0.000000000000000000e+00 0.000000000000000000e+00 -1.125506713867187480e+00 0.000000000000000000e+00
2.650000000000000355e+00 1.040238713690457839e-01 1.126214599609375089e+00 0.000000000000000000e+00 0.000000000000000000e+00 0.000000000000000000e+00 -1.126214599609375089e+00 0.000000000000000000e+00
2.660000000000000142e+00 1.037801943777931779e-01 1.126914672851562438e+00 0.000000000000000000e+00 0.000000000000000000e+00 0.000000000000000000e+00 -1.126914672851562438e+00 0.000000000000000000e+00
2.670000000000000373e+00 1.035421926313566665e-01 1.127605346679687592e+00 0.000000000000000000e+00 0.000000000000000000e+00 0.000000000000000000e+00 -1.127605346679687592e+00 0.000000000000000000e+00
2.680000000000000160e+00 1.033089372956395025e-01 1.128289062499999940e+00 0.000000000000000000e+00 0.000000000000000000e+00 0.000000000000000000e+00 -1.128289062499999940e+00 0.000000000000000000e+00
2.689999999999999947e+00 1.030788776487505665e-01 1.128970214843749931e+00 0.000000000000000000e+00 0.000000000000000000e+00 0.000000000000000000e+00 -1.128970214843749931e+00 0.000000000000000000e+00
2.700000000000000178e+00 1.028508479830545497e-01 1.129652221679687596e+00 0.000000000000000000e+00 0.000000000000000000e+00 0.000000000000000000e+00 -1.129652221679687596e+00 0.000000000000000000e+00
2.709999999999999964e+00 1.026247338941101983e-01 1.130335449218750066e+00 0.000000000000000000e+00 0.000000000000000000e+00 0.000000000000000000e+00 -1.130335449218750066e+00 0.000000000000000000e+00
2.720000000000000195e+00 1.024014999346785082e-01 1.131016967773437409e+00 0.000000000000000000e+00 0.000000000000000000e+00 0.000000000000000000e+00 -1.131016967773437409e+00 0.000000000000000000e+00
2.729999999999999982e+00 1.021826221386377131e-01 1.131692138671875014e+00 0.000000000000000000e+00 0.000000000000000000e+00 0.000000000000000000e+00 -1.131692138671875014e+00 0.000000000000000000e+00
2.740000000000000213e+00 1.019691641308784202e-01 1.132357421875000103e+00 0.000000000000000000e+00 0.000000000000000000e+00 0.000000000000000000e+00 -1.132357421875000103e+00 0.000000000000000000e+00
2.750000000000000000e+00 1.017611413316243940e-01 1.133012451171875101e+00 0.000000000000000000e+00 0.000000000000000000e+00 0.000000000000000000e+00 -1.133012451171875101e+00 0.000000000000000000e+00
2.760000000000000231e+00 1.015575353422357718e-01 1.133660156249999940e+00 0.000000000000000000e+00 0.000000000000000000e+00 0.000000000000000000e+00 -1.133660156249999940e+00 0.000000000000000000e+00
2.770000000000000018e+00 1.013568375560631729e-01 1.134305175781249897e+00 0.000000000000000000e+00 0.000000000000000000e+00 0.000000000000000000e+00 -1.134305175781249897e+00 0.000000000000000000e+00
2.780000000000000249e+00 1.011581599768325290e-01 1.134950317382812601e+00 0.000000000000000000e+00 0.000000000000000000e+00 0.000000000000000000e+00 -1.134950317382812601e+00 0.000000000000000000e+00
2.790000000000000036e+00 1.009615016714253688e-01 1.135595581054687608e+00 0.000000000000000000e+00 0.000000000000000000e+00 0.000000000000000000e+00 -1.135595581054687608e+00 0.000000000000000000e+00
2.800000000000000266e+00 1.007679969828982891e-01 1.136237182617187536e+00 0.000000000000000000e+00 0.000000000000000000e+00 0.000000000000000000e+00 -1.136237182617187536e+00 0.000000000000000000e+00
2.810000000000000053e+00 1.005788412553578759e-01 1.136870971679687425e+00 0.000000000000000000e+00 0.000000000000000000e+00 0.000000000000000000e+00 -1.136870971679687425e+00 0.000000000000000000e+00
2.820000000000000284e+00 1.003948918349841790e-01 1.137493774414062520e+00 0.000000000000000000e+00 0.000000000000000000e+00 0.000000000000000000e+00 -1.137493774414062520e+00 0.000000000000000000e+00
2.830000000000000071e+00 1.002159392958970052e-01 1.138105957031249948e+00 0.000000000000000000e+00 0.000000000000000000e+00 0.000000000000000000e+00 -1.138105957031249948e+00 0.000000000000000000e+00
2.840000000000000302e+00 1.000408318046319689e-01 1.138711181640625014e+00 0.000000000000000000e+00 0.000000000000000000e+00 0.000000000000000000e+00 -1.138711181640625014e+00 0.000000000000000000e+00
2.850000000000000089e+00 9.986818406144282179e-02 1.139314086914062552e+00 0.000000000000000000e+00 0.000000000000000000e+00 0.000000000000000000e+00 -1.139314086914062552e+00 0.000000000000000000e+00
2.860000000000000320e+00 9.969735431949433568e-02 1.139916870117187564e+00 0.000000000000000000e+00 0.000000000000000000e+00 0.000000000000000000e+00 -1.139916870117187564e+00 0.000000000000000000e+00
2.870000000000000107e+00 9.944568337820658410e-02 1.141115966796875103e+00 0.000000000000000000e+00 0.000000000000000000e+00 0.000000000000000000e+00 -1.140518798828124902e+00 0.000000000000000000e+00
2.880000000000000338e+00 9.936282260897755236e-02 1.141115966796875103e+00 0.000000000000000000e+00 0.000000000000000000e+00 0.000000000000000000e+00 -1.141115966796875103e+00 0.000000000000000000e+00
2.890000000000000124e+00 9.920131341649907064e-02 1.141704101562500018e+00 0.000000000000000000e+00 0.000000000000000000e+00 0.000000000000000000e+00 -1.141704101562500018e+00 0.000000000000000000e+00
2.900000000000000355e+00 9.904459711245294784e-02 1.142280761718750037e+00 0.000000000000000000e+00 0.000000000000000000e+00 0.000000000000000000e+00 -1.142280761718750037e+00 0.000000000000000000e+00
2.910000000000000142e+00 9.889224859345668861e-02 1.142847167968749966e+00 0.000000000000000000e+00 0.000000000000000000e+00 0.000000000000000000e+00 -1.142847167968749966e+00 0.000000000000000000e+00
2.920000000000000373e+00 9.874308211688354042e-02 1.143407470703124984e+00 0.000000000000000000e+00 0.000000000000000000e+00 0.000000000000000000e+00 -1.143407470703124984e+00 0.000000000000000000e+00
2.930000000000000160e+00 9.859595830153011775e-02 1.143965820312500048e+00 0.000000000000000000e+00 0.000000000000000000e+00 0.000000000000000000e+00 -1.143965820312500048e+00 0.000000000000000000e+00
2.940000000000000391e+00 9.845030571032531430e-02 1.144524414062499940e+00 0.000000000000000000e+00 0.000000000000000000e+00 0.000000000000000000e+00 -1.144524291992187415e+00 0.000000000000000000e+00
2.950000000000000178e+00 9.830659457188895001e-02 1.145081298828124927e+00 0.000000000000000000e+00 0.000000000000000000e+00 0.000000000000000000e+00 -1.145081176757812402e+00 0.000000000000000000e+00
2.959999999999999964e+00 9.816584897615576732e-02 1.145632446289062578e+00 0.000000000000000000e+00 0.000000000000000000e+00 0.000000000000000000e+00 -1.145632324218750053e+00 0.000000000000000000e+00
2.970000000000000195e+00 9.802901889566995042e-02 1.146173950195312541e+00 0.000000000000000000e+00 0.000000000000000000e+00 0.000000000000000000e+00 -1.146173706054687491e+00 0.000000000000000000e+00
2.979999999999999982e+00 9.789646700761722720e-02 1.146703857421875083e+00 0.000000000000000000e+00 0.000000000000000000e+00 0.000000000000000000e+00 -1.146703735351562559e+00 0.000000000000000000e+00
2.990000000000000213e+00 9.776760756700408894e-02 1.147224365234374988e+00 0.000000000000000000e+00 0.000000000000000000e+00 0.000000000000000000e+00 -1.147224243164062463e+00 0.000000000000000000e+00
3.000000000000000000e+00 9.764132619872933905e-02 1.147739746093749957e+00 0.000000000000000000e+00 0.000000000000000000e+00 0.000000000000000000e+00 -1.147739501953124908e+00 0.000000000000000000e+00
3.010000000000000231e+00 9.751658143368657772e-02 1.148254028320312425e+00 0.000000000000000000e+00 0.000000000000000000e+00 0.000000000000000000e+00 -1.148253784179687598e+00 0.000000000000000000e+00
3.020000000000000018e+00 9.739307298003374580e-02 1.148768554687499943e+00 0.000000000000000000e+00 0.000000000000000000e+00 0.000000000000000000e+00 -1.148768188476562591e+00 0.000000000000000000e+00
3.030000000000000249e+00 9.727134936901404849e-02 1.149280883789062457e+00 0.000000000000000000e+00 0.000000000000000000e+00 0.000000000000000000e+00 -1.149280517578125105e+00 0.000000000000000000e+00
3.040000000000000036e+00 9.715237878109550529e-02 1.149786865234375011e+00 0.000000000000000000e+00 0.000000000000000000e+00 0.000000000000000000e+00 -1.149786499023437436e+00 0.000000000000000000e+00
3.050000000000000266e+00 9.703698978038244327e-02 1.150282714843749998e+00 0.000000000000000000e+00 0.000000000000000000e+00 0.000000000000000000e+00 -1.150282348632812424e+00 0.000000000000000000e+00
3.060000000000000053e+00 9.692531854567476568e-02 1.150767578124999968e+00 0.000000000000000000e+00 0.000000000000000000e+00 0.000000000000000000e+00 -1.150767089843750091e+00 0.000000000000000000e+00
3.070000000000000284e+00 9.681671898483468208e-02 1.151243774414062448e+00 0.000000000000000000e+00 0.000000000000000000e+00 0.000000000000000000e+00 -1.151243408203125096e+00 0.000000000000000000e+00
3.080000000000000071e+00 9.671008955347581981e-02 1.151716186523437546e+00 0.000000000000000000e+00 0.000000000000000000e+00 0.000000000000000000e+00 -1.151715698242187447e+00 0.000000000000000000e+00
3.090000000000000302e+00 9.660458859107157181e-02 1.152188354492187594e+00 0.000000000000000000e+00 0.000000000000000000e+00 0.000000000000000000e+00 -1.152187744140624970e+00 0.000000000000000000e+00
3.100000000000000089e+00 9.650009278965698822e-02 1.152660766601562470e+00 0.000000000000000000e+00 0.000000000000000000e+00 0.000000000000000000e+00 -1.152660156250000068e+00 0.000000000000000000e+00
3.110000000000000320e+00 9.639724154245599141e-02 1.153130615234374989e+00 0.000000000000000000e+00 0.000000000000000000e+00 0.000000000000000000e+00 -1.153129882812500062e+00 0.000000000000000000e+00
3.120000000000000107e+00 9.629696365373352496e-02 1.153593383789062399e+00 0.000000000000000000e+00 0.000000000000000000e+00 0.000000000000000000e+00 -1.153592651367187472e+00 0.000000000000000000e+00
3.130000000000000338e+00 9.619986285786863434e-02 1.154046142578124989e+00 0.000000000000000000e+00 0.000000000000000000e+00 0.000000000000000000e+00 -1.154045288085937537e+00 0.000000000000000000e+00
3.140000000000000124e+00 9.610597601517401056e-02 1.154488281249999915e+00 0.000000000000000000e+00 0.000000000000000000e+00 0.000000000000000000e+00 -1.154487426757812463e+00 0.000000000000000000e+00
3.150000000000000355e+00 9.601452026012469165e-02 1.154923339843749952e+00 0.000000000000000000e+00 0.000000000000000000e+00 0.000000000000000000e+00 -1.154922363281249975e+00 0.000000000000000000e+00
3.160000000000000142e+00 9.592448947719955932e-02 1.155355834960937411e+00 0.000000000000000000e+00 0.000000000000000000e+00 0.000000000000000000e+00 -1.155354858398437434e+00 0.000000000000000000e+00
3.170000000000000373e+00 9.583526676190912141e-02 1.155788818359374970e+00 0.000000000000000000e+00 0.000000000000000000e+00 0.000000000000000000e+00 -1.155787719726562468e+00 0.000000000000000000e+00
3.180000000000000160e+00 9.574689136137159995e-02 1.156222045898437578e+00 0.000000000000000000e+00 0.000000000000000000e+00 0.000000000000000000e+00 -1.156220825195312552e+00 0.000000000000000000e+00
3.190000000000000391e+00 9.566002643419257989e-02 1.156652221679687509e+00 0.000000000000000000e+00 0.000000000000000000e+00 0.000000000000000000e+00 -1.156650878906249957e+00 0.000000000000000000e+00
3.200000000000000178e+00 9.557555094326630751e-02 1.157074829101562452e+00 0.000000000000000000e+00 0.000000000000000000e+00 0.000000000000000000e+00 -1.157073364257812598e+00 0.000000000000000000e+00
3.210000000000000409e+00 9.549391133703644119e-02 1.157487304687500052e+00 0.000000000000000000e+00 0.000000000000000000e+00 0.000000000000000000e+00 -1.157485839843749975e+00 0.000000000000000000e+00
3.220000000000000195e+00 9.537643261587003263e-02 1.158287353515625062e+00 0.000000000000000000e+00 0.000000000000000000e+00 0.000000000000000000e+00 -1.157888549804687583e+00 0.000000000000000000e+00
3.229999999999999982e+00 9.533789931672775886e-02 1.158287353515625062e+00 0.000000000000000000e+00 0.000000000000000000e+00 0.000000000000000000e+00 -1.158285644531249936e+00 0.000000000000000000e+00
3.240000000000000213e+00 9.526183123799392138e-02 1.158683227539062610e+00 0.000000000000000000e+00 0.000000000000000000e+00 0.000000000000000000e+00 -1.158681396484374959e+00 0.000000000000000000e+00
3.250000000000000000e+00 9.518629008257517565e-02 1.159080322265624963e+00 0.000000000000000000e+00 0.000000000000000000e+00 0.000000000000000000e+00 -1.159078247070312484e+00 0.000000000000000000e+00
3.260000000000000231e+00 9.511144216883749003e-02 1.159477661132812587e+00 0.000000000000000000e+00 0.000000000000000000e+00 0.000000000000000000e+00 -1.159475463867187583e+00 0.000000000000000000e+00
3.270000000000000018e+00 9.503804767005741283e-02 1.159871215820312607e+00 0.000000000000000000e+00 0.000000000000000000e+00 0.000000000000000000e+00 -1.159868896484375078e+00 0.000000000000000000e+00
3.280000000000000249e+00 9.496682507225928660e-02 1.160256958007812589e+00 0.000000000000000000e+00 0.000000000000000000e+00 0.000000000000000000e+00 -1.160254516601562536e+00 0.000000000000000000e+00
3.290000000000000036e+00 9.489811969840966643e-02 1.160632812500000055e+00 0.000000000000000000e+00 0.000000000000000000e+00 0.000000000000000000e+00 -1.160630126953124952e+00 0.000000000000000000e+00
3.300000000000000266e+00 9.483162488212260044e-02 1.161000000000000032e+00 0.000000000000000000e+00 0.000000000000000000e+00 0.000000000000000000e+00 -1.160997314453124929e+00 0.000000000000000000e+00
3.310000000000000053e+00 9.476653290393555196e-02 1.161363037109375052e+00 0.000000000000000000e+00 0.000000000000000000e+00 0.000000000000000000e+00 -1.161360107421874899e+00 0.000000000000000000e+00
3.320000000000000284e+00 9.470209840746757202e-02 1.161725830078125021e+00 0.000000000000000000e+00 0.000000000000000000e+00 0.000000000000000000e+00 -1.161722778320312566e+00 0.000000000000000000e+00
3.330000000000000071e+00 9.463797821909369912e-02 1.162090454101562420e+00 0.000000000000000000e+00 0.000000000000000000e+00 0.000000000000000000e+00 -1.162087158203124915e+00 0.000000000000000000e+00
3.340000000000000302e+00 9.457448795404144182e-02 1.162454956054687516e+00 0.000000000000000000e+00 0.000000000000000000e+00 0.000000000000000000e+00 -1.162451660156250011e+00 0.000000000000000000e+00
3.350000000000000089e+00 9.451236044789212976e-02 1.162815307617187432e+00 0.000000000000000000e+00 0.000000000000000000e+00 0.000000000000000000e+00 -1.162811767578125099e+00 0.000000000000000000e+00
3.360000000000000320e+00 9.445222694737920310e-02 1.163167480468749959e+00 0.000000000000000000e+00 0.000000000000000000e+00 0.000000000000000000e+00 -1.163163818359375101e+00 0.000000000000000000e+00
3.370000000000000107e+00 9.439428284097706179e-02 1.163510131835937544e+00 0.000000000000000000e+00 0.000000000000000000e+00 0.000000000000000000e+00 -1.163506347656249940e+00 0.000000000000000000e+00
3.380000000000000338e+00 9.433813551257463903e-02 1.163845336914062445e+00 0.000000000000000000e+00 0.000000000000000000e+00 0.000000000000000000e+00 -1.163841430664062537e+00 0.000000000000000000e+00
3.390000000000000124e+00 9.428301332214306107e-02 1.164177612304687415e+00 0.000000000000000000e+00 0.000000000000000000e+00 0.000000000000000000e+00 -1.164173461914062457e+00 0.000000000000000000e+00
3.400000000000000355e+00 9.422825286325386962e-02 1.164510742187500059e+00 0.000000000000000000e+00 0.000000000000000000e+00 0.000000000000000000e+00 -1.164506591796875101e+00 0.000000000000000000e+00
3.410000000000000142e+00 9.417368050400098944e-02 1.164846069335937484e+00 0.000000000000000000e+00 0.000000000000000000e+00 0.000000000000000000e+00 -1.164841674804687477e+00 0.000000000000000000e+00
3.420000000000000373e+00 9.411972688031811085e-02 1.165180786132812507e+00 0.000000000000000000e+00 0.000000000000000000e+00 0.000000000000000000e+00 -1.165176269531249975e+00 0.000000000000000000e+00
3.430000000000000160e+00 9.406705818048799461e-02 1.165510742187499948e+00 0.000000000000000000e+00 0.000000000000000000e+00 0.000000000000000000e+00 -1.165506103515624892e+00 0.000000000000000000e+00
3.440000000000000391e+00 9.401620894943063522e-02 1.165832397460937475e+00 0.000000000000000000e+00 0.000000000000000000e+00 0.000000000000000000e+00 -1.165827636718749893e+00 0.000000000000000000e+00
3.450000000000000178e+00 9.396727438818797129e-02 1.166144897460937413e+00 0.000000000000000000e+00 0.000000000000000000e+00 0.000000000000000000e+00 -1.166140014648437528e+00 0.000000000000000000e+00
3.460000000000000409e+00 9.391975191900436837e-02 1.166451171874999915e+00 0.000000000000000000e+00 0.000000000000000000e+00 0.000000000000000000e+00 -1.166446289062500030e+00 0.000000000000000000e+00
3.470000000000000195e+00 9.387292353903398112e-02 1.166755859375000037e+00 0.000000000000000000e+00 0.000000000000000000e+00 0.000000000000000000e+00 -1.166750854492187406e+00 0.000000000000000000e+00
3.480000000000000426e+00 9.382626389334047801e-02 1.167062255859375064e+00 0.000000000000000000e+00 0.000000000000000000e+00 0.000000000000000000e+00 -1.167057250976562432e+00 0.000000000000000000e+00
3.490000000000000213e+00 9.377972547637436485e-02 1.167370849609375094e+00 0.000000000000000000e+00 0.000000000000000000e+00 0.000000000000000000e+00 -1.167365722656249938e+00 0.000000000000000000e+00
3.500000000000000000e+00 9.373378013575728307e-02 1.167678466796874925e+00 0.000000000000000000e+00 0.000000000000000000e+00 0.000000000000000000e+00 -1.167673217773437466e+00 0.000000000000000000e+00
3.510000000000000231e+00 9.368907944705651136e-02 1.167980590820312470e+00 0.000000000000000000e+00 0.000000000000000000e+00 0.000000000000000000e+00 -1.167975341796875011e+00 0.000000000000000000e+00
3.520000000000000018e+00 9.364603629244594440e-02 1.168274291992187575e+00 0.000000000000000000e+00 0.000000000000000000e+00 0.000000000000000000e+00 -1.168269042968749893e+00 0.000000000000000000e+00
3.530000000000000249e+00 9.360462444046968589e-02 1.168559448242187493e+00 0.000000000000000000e+00 0.000000000000000000e+00 0.000000000000000000e+00 -1.168554321289062559e+00 0.000000000000000000e+00
3.540000000000000036e+00 9.356431138225929089e-02 1.168839721679687527e+00 0.000000000000000000e+00 0.000000000000000000e+00 0.000000000000000000e+00 -1.168834472656250068e+00 0.000000000000000000e+00
3.550000000000000266e+00 9.352441029671598738e-02 1.169119628906249986e+00 0.000000000000000000e+00 0.000000000000000000e+00 0.000000000000000000e+00 -1.169114379882812527e+00 0.000000000000000000e+00
3.560000000000000053e+00 9.348454231103553447e-02 1.169401855468749973e+00 0.000000000000000000e+00 0.000000000000000000e+00 0.000000000000000000e+00 -1.169396728515625039e+00 0.000000000000000000e+00
3.570000000000000284e+00 9.344476772502752215e-02 1.169686157226562440e+00 0.000000000000000000e+00 0.000000000000000000e+00 0.000000000000000000e+00 -1.169681030273437505e+00 0.000000000000000000e+00
3.580000000000000071e+00 9.340559103761547632e-02 1.169968872070312527e+00 0.000000000000000000e+00 0.000000000000000000e+00 0.000000000000000000e+00 -1.169963745117187592e+00 0.000000000000000000e+00
3.590000000000000302e+00 9.336761443152352680e-02 1.170245483398437480e+00 0.000000000000000000e+00 0.000000000000000000e+00 0.000000000000000000e+00 -1.170240478515625071e+00 0.000000000000000000e+00
3.600000000000000089e+00 9.333114470880088387e-02 1.170513671874999995e+00 0.000000000000000000e+00 0.000000000000000000e+00 0.000000000000000000e+00 -1.170508666992187585e+00 0.000000000000000000e+00
3.610000000000000320e+00 9.329603513950757154e-02 1.170774169921874996e+00 0.000000000000000000e+00 0.000000000000000000e+00 0.000000000000000000e+00 -1.170769287109374890e+00 0.000000000000000000e+00
3.620000000000000107e+00 9.326173836623630198e-02 1.171031005859374918e+00 0.000000000000000000e+00 0.000000000000000000e+00 0.000000000000000000e+00 -1.171026123046875034e+00 0.000000000000000000e+00
3.630000000000000338e+00 9.322766191058096119e-02 1.171288452148437464e+00 0.000000000000000000e+00 0.000000000000000000e+00 0.000000000000000000e+00 -1.171283691406250105e+00 0.000000000000000000e+00
3.640000000000000124e+00 9.319351334197223391e-02 1.171548828124999941e+00 0.000000000000000000e+00 0.000000000000000000e+00 0.000000000000000000e+00 -1.171544189453125107e+00 0.000000000000000000e+00
3.650000000000000355e+00 9.315945317540019754e-02 1.171810913085937544e+00 0.000000000000000000e+00 0.000000000000000000e+00 0.000000000000000000e+00 -1.171806518554687537e+00 0.000000000000000000e+00
3.660000000000000142e+00 9.312601148943588925e-02 1.172070800781249922e+00 0.000000000000000000e+00 0.000000000000000000e+00 0.000000000000000000e+00 -1.172066406249999915e+00 0.000000000000000000e+00
3.670000000000000373e+00 9.309370629783897400e-02 1.172324096679687511e+00 0.000000000000000000e+00 0.000000000000000000e+00 0.000000000000000000e+00 -1.172319946289062553e+00 0.000000000000000000e+00
3.680000000000000160e+00 9.306275241533057407e-02 1.172569091796874963e+00 0.000000000000000000e+00 0.000000000000000000e+00 0.000000000000000000e+00 -1.172565063476562530e+00 0.000000000000000000e+00
3.690000000000000391e+00 9.303291564068916220e-02 1.172807373046875101e+00 0.000000000000000000e+00 0.000000000000000000e+00 0.000000000000000000e+00 -1.172803466796874972e+00 0.000000000000000000e+00
3.700000000000000178e+00 9.300366073977961445e-02 1.173043090820312440e+00 0.000000000000000000e+00 0.000000000000000000e+00 0.000000000000000000e+00 -1.173039306640625057e+00 0.000000000000000000e+00
3.710000000000000409e+00 9.297446355945915286e-02 1.173280395507812601e+00 0.000000000000000000e+00 0.000000000000000000e+00 0.000000000000000000e+00 -1.173276855468750046e+00 0.000000000000000000e+00
3.720000000000000195e+00 9.294512219035688805e-02 1.173521118164062571e+00 0.000000000000000000e+00 0.000000000000000000e+00 0.000000000000000000e+00 -1.173517700195312541e+00 0.000000000000000000e+00
3.730000000000000426e+00 9.291589721261306334e-02 1.173763061523437568e+00 0.000000000000000000e+00 0.000000000000000000e+00 0.000000000000000000e+00 -1.173759887695312587e+00 0.000000000000000000e+00
3.740000000000000213e+00 9.288730148066504100e-02 1.174002075195312411e+00 0.000000000000000000e+00 0.000000000000000000e+00 0.000000000000000000e+00 -1.173999023437499956e+00 0.000000000000000000e+00
3.750000000000000444e+00 9.285977129125089213e-02 1.174234252929687417e+00 0.000000000000000000e+00 0.000000000000000000e+00 0.000000000000000000e+00 -1.174231445312500011e+00 0.000000000000000000e+00
3.760000000000000231e+00 9.283344156017281357e-02 1.174458374023437557e+00 0.000000000000000000e+00 0.000000000000000000e+00 0.000000000000000000e+00 -1.174455688476562454e+00 0.000000000000000000e+00
3.770000000000000018e+00 9.280802500899165697e-02 1.174676635742187392e+00 0.000000000000000000e+00 0.000000000000000000e+00 0.000000000000000000e+00 -1.174674072265625036e+00 0.000000000000000000e+00
3.780000000000000249e+00 9.278297768363963360e-02 1.174893554687499897e+00 0.000000000000000000e+00 0.000000000000000000e+00 0.000000000000000000e+00 -1.174891235351562591e+00 0.000000000000000000e+00
3.790000000000000036e+00 9.275786466977153921e-02 1.175113037109374980e+00 0.000000000000000000e+00 0.000000000000000000e+00 0.000000000000000000e+00 -1.175110839843749977e+00 0.000000000000000000e+00
3.800000000000000266e+00 9.273259714725057279e-02 1.175335815429687569e+00 0.000000000000000000e+00 0.000000000000000000e+00 0.000000000000000000e+00 -1.175333862304687393e+00 0.000000000000000000e+00
3.810000000000000053e+00 9.270747206804486051e-02 1.175559448242187610e+00 0.000000000000000000e+00 0.000000000000000000e+00 0.000000000000000000e+00 -1.175557617187499959e+00 0.000000000000000000e+00
3.820000000000000284e+00 9.268299211875685728e-02 1.175779296875000046e+00 0.000000000000000000e+00 0.000000000000000000e+00 0.000000000000000000e+00 -1.175777709960937445e+00 0.000000000000000000e+00
3.830000000000000071e+00 9.265951432386898556e-02 1.175992065429687594e+00 0.000000000000000000e+00 0.000000000000000000e+00 0.000000000000000000e+00 -1.175990722656250043e+00 0.000000000000000000e+00
3.840000000000000302e+00 9.263708402462600411e-02 1.176197143554687408e+00 0.000000000000000000e+00 0.000000000000000000e+00 0.000000000000000000e+00 -1.176196044921874906e+00 0.000000000000000000e+00
3.850000000000000089e+00 9.261536961167249338e-02 1.176397460937500083e+00 0.000000000000000000e+00 0.000000000000000000e+00 0.000000000000000000e+00 -1.176396484375000107e+00 0.000000000000000000e+00
3.860000000000000320e+00 9.259385478008774761e-02 1.176597656250000012e+00 0.000000000000000000e+00 0.000000000000000000e+00 0.000000000000000000e+00 -1.176596801757812560e+00 0.000000000000000000e+00
3.870000000000000107e+00 9.257218965855296133e-02 1.176801025390624922e+00 0.000000000000000000e+00 0.000000000000000000e+00 0.000000000000000000e+00 -1.176800292968749995e+00 0.000000000000000000e+00
3.880000000000000338e+00 9.255036394840754355e-02 1.177007690429687559e+00 0.000000000000000000e+00 0.000000000000000000e+00 0.000000000000000000e+00 -1.177007202148437459e+00 0.000000000000000000e+00
3.890000000000000124e+00 9.252873036048003819e-02 1.177214477539062498e+00 0.000000000000000000e+00 0.000000000000000000e+00 0.000000000000000000e+00 -1.177214111328124924e+00 0.000000000000000000e+00
3.900000000000000355e+00 9.250774234028025234e-02 1.177416870117187431e+00 0.000000000000000000e+00 0.000000000000000000e+00 0.000000000000000000e+00 -1.177416748046874906e+00 0.000000000000000000e+00
3.910000000000000142e+00 9.248768095251691523e-02 1.177612060546874950e+00 0.000000000000000000e+00 0.000000000000000000e+00 0.000000000000000000e+00 -1.177612182617187475e+00 0.000000000000000000e+00
3.920000000000000373e+00 9.246853276378996789e-02 1.177800048828125057e+00 0.000000000000000000e+00 0.000000000000000000e+00 0.000000000000000000e+00 -1.177800292968750107e+00 0.000000000000000000e+00
3.930000000000000160e+00 9.244991666828228372e-02 1.177984375000000083e+00 0.000000000000000000e+00 0.000000000000000000e+00 0.000000000000000000e+00 -1.177984741210937436e+00 0.000000000000000000e+00
3.940000000000000391e+00 9.243136690662490107e-02 1.178169555664062562e+00 0.000000000000000000e+00 0.000000000000000000e+00 0.000000000000000000e+00 -1.178170166015624964e+00 0.000000000000000000e+00
3.950000000000000178e+00 9.241262044641940232e-02 1.178358398437499899e+00 0.000000000000000000e+00 0.000000000000000000e+00 0.000000000000000000e+00 -1.178359130859375048e+00 0.000000000000000000e+00
3.960000000000000409e+00 9.239372255583899740e-02 1.178550415039062438e+00 0.000000000000000000e+00 0.000000000000000000e+00 0.000000000000000000e+00 -1.178551391601562415e+00 0.000000000000000000e+00
3.970000000000000195e+00 9.237506079029866868e-02 1.178741821289062575e+00 0.000000000000000000e+00 0.000000000000000000e+00 0.000000000000000000e+00 -1.178742919921875076e+00 0.000000000000000000e+00
3.980000000000000426e+00 9.235703824842711462e-02 1.178928344726562605e+00 0.000000000000000000e+00 0.000000000000000000e+00 0.000000000000000000e+00 -1.178929565429687409e+00 0.000000000000000000e+00
3.990000000000000213e+00 9.233988659765879348e-02 1.179107421874999950e+00 0.000000000000000000e+00 0.000000000000000000e+00 0.000000000000000000e+00 -1.179108764648437502e+00 0.000000000000000000e+00
4.000000000000000000e+00 9.232350073020223480e-02 1.179279907226562507e+00 0.000000000000000000e+00 0.000000000000000000e+00 0.000000000000000000e+00 -1.179281494140625108e+00 0.000000000000000000e+00
4.010000000000000675e+00 9.230748729077153936e-02 1.179449951171875011e+00 0.000000000000000000e+00 0.000000000000000000e+00 0.000000000000000000e+00 -1.179451660156249915e+00 0.000000000000000000e+00
