3.014716625213623245e-03 -1.360000000000000098e+00 -1.747999999999999998e+00 -2.000000000000000042e-03 7.000000000000000146e-03 2.299999999999999961e-02 -1.099999999999999936e-02
3.022745609283447338e-03 -1.360000000000000098e+00 -1.747999999999999998e+00 -2.000000000000000042e-03 7.000000000000000146e-03 3.200000000000000067e-02 5.000000000000000104e-03
3.028598785400390524e-03 -1.360000000000000098e+00 -1.747999999999999998e+00 -2.000000000000000042e-03 4.000000000000000083e-03 5.000000000000000104e-03 -2.000000000000000042e-03
3.039182424545287895e-03 -1.360000000000000098e+00 -1.747999999999999998e+00 -1.000000000000000021e-03 5.000000000000000104e-03 -2.000000000000000042e-02 2.299999999999999961e-02
3.049562692642211834e-03 -1.360000000000000098e+00 -1.747999999999999998e+00 -1.000000000000000021e-03 5.000000000000000104e-03 1.400000000000000029e-02 1.200000000000000025e-02
3.058794021606445462e-03 -1.360000000000000098e+00 -1.747999999999999998e+00 -2.000000000000000042e-03 5.000000000000000104e-03 5.000000000000000104e-03 1.499999999999999944e-02
3.068755388259887616e-03 -1.360000000000000098e+00 -1.747999999999999998e+00 -1.000000000000000021e-03 4.000000000000000083e-03 -1.600000000000000033e-02 0.000000000000000000e+00
3.078204631805419797e-03 -1.360000000000000098e+00 -1.747999999999999998e+00 -2.000000000000000042e-03 6.000000000000000125e-03 -2.000000000000000042e-03 -2.000000000000000042e-03
3.088342428207397489e-03 -1.360000000000000098e+00 -1.747999999999999998e+00 -3.000000000000000062e-03 3.000000000000000062e-03 8.999999999999999320e-03 -4.000000000000000083e-03
3.098733425140381016e-03 -1.360000000000000098e+00 -1.747999999999999998e+00 -3.000000000000000062e-03 3.000000000000000062e-03 1.499999999999999944e-02 8.999999999999999320e-03
3.109156608581542872e-03 -1.360000000000000098e+00 -1.747999999999999998e+00 -3.000000000000000062e-03 2.000000000000000042e-03 1.600000000000000033e-02 1.700000000000000122e-02
3.120207071304321230e-03 -1.360000000000000098e+00 -1.747999999999999998e+00 -2.000000000000000042e-03 4.000000000000000083e-03 1.299999999999999940e-02 -3.000000000000000062e-03
3.128392457962036154e-03 -1.360000000000000098e+00 -1.747999999999999998e+00 -4.000000000000000083e-03 8.000000000000000167e-03 1.700000000000000122e-02 4.000000000000000083e-03
3.139180660247802707e-03 -1.360000000000000098e+00 -1.747999999999999998e+00 -1.000000000000000021e-03 1.000000000000000021e-02 5.000000000000000104e-03 1.700000000000000122e-02
3.153252363204956180e-03 -1.360000000000000098e+00 -1.747999999999999998e+00 -3.000000000000000062e-03 8.000000000000000167e-03 7.000000000000000146e-03 2.000000000000000042e-03
3.159636020660400429e-03 -1.360999999999999988e+00 -1.747999999999999998e+00 -7.000000000000000146e-03 1.200000000000000025e-02 -6.000000000000000125e-03 5.000000000000000104e-03
3.168369054794311322e-03 -1.360000000000000098e+00 -1.747999999999999998e+00 -5.000000000000000104e-03 1.200000000000000025e-02 -2.299999999999999961e-02 2.599999999999999881e-02
3.177862882614135905e-03 -1.360000000000000098e+00 -1.747999999999999998e+00 -5.000000000000000104e-03 8.999999999999999320e-03 -6.000000000000000125e-03 5.000000000000000104e-03
3.190313339233398493e-03 -1.360000000000000098e+00 -1.747999999999999998e+00 -5.000000000000000104e-03 1.000000000000000021e-02 1.899999999999999953e-02 1.899999999999999953e-02
3.200401544570922931e-03 -1.360999999999999988e+00 -1.747999999999999998e+00 -5.000000000000000104e-03 1.099999999999999936e-02 8.999999999999999320e-03 4.399999999999999745e-02
3.208554029464721642e-03 -1.360000000000000098e+00 -1.747999999999999998e+00 -5.000000000000000104e-03 1.000000000000000021e-02 6.000000000000000125e-03 1.600000000000000033e-02
3.217620611190795919e-03 -1.360000000000000098e+00 -1.747999999999999998e+00 -3.000000000000000062e-03 8.000000000000000167e-03 -1.700000000000000122e-02 1.299999999999999940e-02
3.228098630905151464e-03 -1.360000000000000098e+00 -1.747999999999999998e+00 -4.000000000000000083e-03 8.999999999999999320e-03 -1.000000000000000021e-02 3.200000000000000067e-02
3.239577293395996295e-03 -1.360000000000000098e+00 -1.747999999999999998e+00 -4.000000000000000083e-03 8.000000000000000167e-03 -4.000000000000000083e-03 5.000000000000000104e-03
3.249347686767578222e-03 -1.360000000000000098e+00 -1.747999999999999998e+00 -4.000000000000000083e-03 8.999999999999999320e-03 -6.000000000000000125e-03 -1.099999999999999936e-02
3.259288072586059501e-03 -1.360000000000000098e+00 -1.747999999999999998e+00 2.000000000000000042e-03 1.400000000000000029e-02 5.000000000000000104e-03 2.000000000000000042e-03
3.269217491149902476e-03 -1.360000000000000098e+00 -1.747999999999999998e+00 1.000000000000000021e-03 1.200000000000000025e-02 1.899999999999999953e-02 1.499999999999999944e-02
3.278538465499877905e-03 -1.360000000000000098e+00 -1.747999999999999998e+00 2.000000000000000042e-03 1.299999999999999940e-02 1.700000000000000122e-02 1.299999999999999940e-02
3.287923812866210861e-03 -1.360000000000000098e+00 -1.747999999999999998e+00 1.000000000000000021e-03 1.000000000000000021e-02 2.299999999999999961e-02 1.000000000000000021e-02
3.298212051391601497e-03 -1.360000000000000098e+00 -1.747999999999999998e+00 2.000000000000000042e-03 1.000000000000000021e-02 1.200000000000000025e-02 -3.000000000000000062e-03
3.308640956878662089e-03 -1.360000000000000098e+00 -1.747999999999999998e+00 2.000000000000000042e-03 1.000000000000000021e-02 1.799999999999999864e-02 6.000000000000000125e-03
3.318850994110107526e-03 -1.360000000000000098e+00 -1.747999999999999998e+00 2.000000000000000042e-03 1.000000000000000021e-02 8.999999999999999320e-03 3.000000000000000062e-03
3.327606678009033345e-03 -1.360000000000000098e+00 -1.747999999999999998e+00 2.000000000000000042e-03 1.000000000000000021e-02 1.200000000000000025e-02 1.000000000000000021e-02
3.337844133377075410e-03 -1.360000000000000098e+00 -1.747999999999999998e+00 2.000000000000000042e-03 8.999999999999999320e-03 2.000000000000000042e-03 2.000000000000000042e-03
3.352231502532959043e-03 -1.360000000000000098e+00 -1.747999999999999998e+00 -2.000000000000000042e-03 1.000000000000000021e-02 -3.000000000000000062e-03 -4.000000000000000083e-03
3.357620239257812309e-03 -1.360000000000000098e+00 -1.747999999999999998e+00 -3.000000000000000062e-03 8.999999999999999320e-03 2.000000000000000042e-02 6.000000000000000125e-03
3.368115901947021495e-03 -1.360000000000000098e+00 -1.747999999999999998e+00 -2.000000000000000042e-03 8.000000000000000167e-03 2.100000000000000130e-02 -4.000000000000000083e-03
3.378166913986205885e-03 -1.360000000000000098e+00 -1.747999999999999998e+00 -2.000000000000000042e-03 5.000000000000000104e-03 2.400000000000000050e-02 7.000000000000000146e-03
3.387969255447387858e-03 -1.360000000000000098e+00 -1.747999999999999998e+00 -1.000000000000000021e-03 6.000000000000000125e-03 2.000000000000000042e-03 -8.000000000000000167e-03
3.398200511932372887e-03 -1.360000000000000098e+00 -1.747999999999999998e+00 -1.000000000000000021e-03 5.000000000000000104e-03 1.299999999999999940e-02 -2.000000000000000042e-02
3.407886743545532164e-03 -1.360000000000000098e+00 -1.747999999999999998e+00 -1.000000000000000021e-03 5.000000000000000104e-03 -2.000000000000000042e-03 -1.499999999999999944e-02
3.418349504470825136e-03 -1.360000000000000098e+00 -1.747999999999999998e+00 -2.000000000000000042e-03 4.000000000000000083e-03 -6.000000000000000125e-03 0.000000000000000000e+00
3.427555322647094904e-03 -1.360000000000000098e+00 -1.747999999999999998e+00 0.000000000000000000e+00 5.000000000000000104e-03 1.099999999999999936e-02 2.000000000000000042e-03
3.439476013183593878e-03 -1.360000000000000098e+00 -1.747999999999999998e+00 0.000000000000000000e+00 4.000000000000000083e-03 2.800000000000000058e-02 -6.000000000000000125e-03
3.450617790222168090e-03 -1.360000000000000098e+00 -1.747999999999999998e+00 -1.000000000000000021e-03 2.000000000000000042e-03 3.799999999999999906e-02 -8.000000000000000167e-03
3.460859775543212707e-03 -1.360000000000000098e+00 -1.747999999999999998e+00 1.000000000000000021e-03 3.000000000000000062e-03 6.000000000000000125e-03 -2.000000000000000042e-03
3.469877958297729482e-03 -1.360000000000000098e+00 -1.747999999999999998e+00 0.000000000000000000e+00 2.000000000000000042e-03 0.000000000000000000e+00 3.000000000000000062e-03
3.479845285415649522e-03 -1.360000000000000098e+00 -1.747999999999999998e+00 3.000000000000000062e-03 3.000000000000000062e-03 1.299999999999999940e-02 -1.299999999999999940e-02
3.488685131072997991e-03 -1.360000000000000098e+00 -1.747999999999999998e+00 1.000000000000000021e-03 3.000000000000000062e-03 3.000000000000000062e-03 2.000000000000000042e-03
3.498020172119140677e-03 -1.360000000000000098e+00 -1.747999999999999998e+00 2.000000000000000042e-03 3.000000000000000062e-03 0.000000000000000000e+00 8.999999999999999320e-03
3.508585214614868240e-03 -1.360000000000000098e+00 -1.747999999999999998e+00 1.000000000000000021e-03 2.000000000000000042e-03 2.599999999999999881e-02 -8.999999999999999320e-03
3.518264293670654314e-03 -1.360000000000000098e+00 -1.747999999999999998e+00 2.000000000000000042e-03 4.000000000000000083e-03 2.999999999999999889e-02 -1.000000000000000021e-02
3.528298377990722514e-03 -1.360000000000000098e+00 -1.747999999999999998e+00 2.000000000000000042e-03 1.000000000000000021e-03 1.200000000000000025e-02 2.000000000000000042e-03
3.538666725158691548e-03 -1.360000000000000098e+00 -1.747999999999999998e+00 2.000000000000000042e-03 3.000000000000000062e-03 1.299999999999999940e-02 -1.499999999999999944e-02
3.548134326934814387e-03 -1.360000000000000098e+00 -1.747999999999999998e+00 2.000000000000000042e-03 2.000000000000000042e-03 2.000000000000000042e-03 3.000000000000000062e-03
3.558344602584838975e-03 -1.360000000000000098e+00 -1.747999999999999998e+00 2.000000000000000042e-03 2.000000000000000042e-03 -7.000000000000000146e-03 2.299999999999999961e-02
3.568406820297241253e-03 -1.360000000000000098e+00 -1.747999999999999998e+00 -1.000000000000000021e-03 0.000000000000000000e+00 7.000000000000000146e-03 -2.000000000000000042e-03
3.578407287597656222e-03 -1.360000000000000098e+00 -1.747999999999999998e+00 -1.000000000000000021e-03 -1.000000000000000021e-03 -4.000000000000000083e-03 -2.000000000000000042e-02
3.588348388671874951e-03 -1.360999999999999988e+00 -1.747999999999999998e+00 -8.000000000000000167e-03 -6.000000000000000125e-03 -1.899999999999999953e-02 2.000000000000000042e-03
3.597723722457885770e-03 -1.360999999999999988e+00 -1.747999999999999998e+00 -8.999999999999999320e-03 -6.000000000000000125e-03 -3.599999999999999728e-02 2.400000000000000050e-02
3.608580827713012834e-03 -1.360999999999999988e+00 -1.747999999999999998e+00 -7.000000000000000146e-03 -3.000000000000000062e-03 -4.000000000000000083e-03 6.000000000000000125e-03
3.618862867355346867e-03 -1.360999999999999988e+00 -1.747999999999999998e+00 -7.000000000000000146e-03 -2.000000000000000042e-03 1.400000000000000029e-02 4.000000000000000083e-03
3.628512144088745246e-03 -1.360999999999999988e+00 -1.747999999999999998e+00 -6.000000000000000125e-03 -4.000000000000000083e-03 2.000000000000000042e-02 1.000000000000000021e-03
3.638301610946655280e-03 -1.360999999999999988e+00 -1.747999999999999998e+00 -6.000000000000000125e-03 -4.000000000000000083e-03 0.000000000000000000e+00 0.000000000000000000e+00
3.649442434310912892e-03 -1.360999999999999988e+00 -1.747999999999999998e+00 -6.000000000000000125e-03 -3.000000000000000062e-03 -1.099999999999999936e-02 -1.200000000000000025e-02
3.658160686492919946e-03 -1.360999999999999988e+00 -1.747999999999999998e+00 -5.000000000000000104e-03 -3.000000000000000062e-03 -1.600000000000000033e-02 -3.000000000000000062e-03
3.667889118194580123e-03 -1.360000000000000098e+00 -1.747999999999999998e+00 -5.000000000000000104e-03 -5.000000000000000104e-03 -2.000000000000000042e-03 2.000000000000000042e-03
3.677493095397949083e-03 -1.360999999999999988e+00 -1.747999999999999998e+00 -6.000000000000000125e-03 -6.000000000000000125e-03 -3.000000000000000062e-03 -6.000000000000000125e-03
3.688385725021362145e-03 -1.360999999999999988e+00 -1.747999999999999998e+00 -6.000000000000000125e-03 -7.000000000000000146e-03 -2.100000000000000130e-02 -5.000000000000000104e-03
3.703132390975952173e-03 -1.360999999999999988e+00 -1.747999999999999998e+00 -8.999999999999999320e-03 0.000000000000000000e+00 -1.000000000000000021e-02 1.499999999999999944e-02
3.715671062469482529e-03 -1.360999999999999988e+00 -1.747999999999999998e+00 -1.200000000000000025e-02 1.000000000000000021e-03 -2.000000000000000042e-03 -1.099999999999999936e-02
3.722986698150634703e-03 -1.360999999999999988e+00 -1.747999999999999998e+00 -1.099999999999999936e-02 1.000000000000000021e-03 -1.000000000000000021e-03 -1.000000000000000021e-02
3.729052543640136875e-03 -1.360999999999999988e+00 -1.747999999999999998e+00 -1.099999999999999936e-02 1.000000000000000021e-03 -1.400000000000000029e-02 1.000000000000000021e-02
3.737684249877929778e-03 -1.360999999999999988e+00 -1.747999999999999998e+00 -1.000000000000000021e-02 1.000000000000000021e-03 -6.000000000000000125e-03 -1.099999999999999936e-02
3.748714923858642578e-03 -1.360999999999999988e+00 -1.747999999999999998e+00 -1.000000000000000021e-02 1.000000000000000021e-03 -2.999999999999999889e-02 4.000000000000000083e-03
3.758130550384521529e-03 -1.360999999999999988e+00 -1.747999999999999998e+00 -1.000000000000000021e-02 2.000000000000000042e-03 -7.000000000000000146e-03 0.000000000000000000e+00
3.767853975296020421e-03 -1.360999999999999988e+00 -1.747999999999999998e+00 -1.200000000000000025e-02 0.000000000000000000e+00 8.000000000000000167e-03 -7.000000000000000146e-03
3.777304649353027503e-03 -1.360999999999999988e+00 -1.747999999999999998e+00 -1.099999999999999936e-02 0.000000000000000000e+00 -1.000000000000000021e-03 -7.000000000000000146e-03
3.788096904754638741e-03 -1.360999999999999988e+00 -1.747999999999999998e+00 -8.000000000000000167e-03 -4.000000000000000083e-03 0.000000000000000000e+00 -1.700000000000000122e-02
3.797680616378784277e-03 -1.360000000000000098e+00 -1.747999999999999998e+00 -7.000000000000000146e-03 -8.000000000000000167e-03 1.000000000000000021e-02 -8.999999999999999320e-03
3.807935714721679549e-03 -1.360000000000000098e+00 -1.747999999999999998e+00 -5.000000000000000104e-03 -7.000000000000000146e-03 1.000000000000000021e-02 -2.100000000000000130e-02
3.817614316940307756e-03 -1.360000000000000098e+00 -1.747999999999999998e+00 -7.000000000000000146e-03 -8.000000000000000167e-03 -1.400000000000000029e-02 -1.400000000000000029e-02
3.827466011047363399e-03 -1.360000000000000098e+00 -1.747999999999999998e+00 -5.000000000000000104e-03 -6.000000000000000125e-03 -3.500000000000000333e-02 3.000000000000000062e-03
3.837376356124877833e-03 -1.360000000000000098e+00 -1.747999999999999998e+00 -6.000000000000000125e-03 -6.000000000000000125e-03 -1.899999999999999953e-02 -8.999999999999999320e-03
3.848639249801635593e-03 -1.360000000000000098e+00 -1.747999999999999998e+00 -4.000000000000000083e-03 -3.000000000000000062e-03 -1.299999999999999940e-02 -1.200000000000000025e-02
3.857447147369384884e-03 -1.360000000000000098e+00 -1.747999999999999998e+00 -5.000000000000000104e-03 -3.000000000000000062e-03 1.200000000000000025e-02 -6.000000000000000125e-03
3.867184400558471881e-03 -1.360000000000000098e+00 -1.747999999999999998e+00 -5.000000000000000104e-03 -3.000000000000000062e-03 -4.000000000000000083e-03 -2.000000000000000042e-03
3.877861022949218722e-03 -1.360000000000000098e+00 -1.747999999999999998e+00 -2.000000000000000042e-03 -3.000000000000000062e-03 -1.000000000000000021e-03 -1.499999999999999944e-02
3.888811588287353557e-03 -1.360000000000000098e+00 -1.747999999999999998e+00 -3.000000000000000062e-03 -4.000000000000000083e-03 0.000000000000000000e+00 -3.000000000000000062e-03
3.897921323776244902e-03 -1.360000000000000098e+00 -1.747999999999999998e+00 -3.000000000000000062e-03 -4.000000000000000083e-03 -1.600000000000000033e-02 1.600000000000000033e-02
3.907402038574218396e-03 -1.360000000000000098e+00 -1.747999999999999998e+00 -4.000000000000000083e-03 -3.000000000000000062e-03 -4.000000000000000083e-02 3.000000000000000062e-03
3.917515993118286279e-03 -1.360000000000000098e+00 -1.747999999999999998e+00 -2.000000000000000042e-03 -2.000000000000000042e-03 -1.700000000000000122e-02 1.000000000000000021e-03
3.927539348602295324e-03 -1.360000000000000098e+00 -1.747999999999999998e+00 -2.000000000000000042e-03 -3.000000000000000062e-03 1.299999999999999940e-02 0.000000000000000000e+00
3.937876701354980045e-03 -1.360000000000000098e+00 -1.747999999999999998e+00 -2.000000000000000042e-03 -3.000000000000000062e-03 3.400000000000000244e-02 -3.000000000000000062e-03
3.948362588882446678e-03 -1.360000000000000098e+00 -1.747999999999999998e+00 -4.000000000000000083e-03 -2.000000000000000042e-03 2.699999999999999969e-02 -1.600000000000000033e-02
3.957666397094726334e-03 -1.360000000000000098e+00 -1.747999999999999998e+00 -1.000000000000000021e-03 -3.000000000000000062e-03 2.299999999999999961e-02 -4.000000000000000083e-03
3.968981266021728849e-03 -1.360000000000000098e+00 -1.747999999999999998e+00 0.000000000000000000e+00 -5.000000000000000104e-03 5.000000000000000104e-03 1.000000000000000021e-03
3.977323055267333735e-03 -1.360000000000000098e+00 -1.747999999999999998e+00 2.000000000000000042e-03 -8.000000000000000167e-03 1.000000000000000021e-02 5.000000000000000104e-03
3.987427234649658196e-03 -1.360000000000000098e+00 -1.747999999999999998e+00 2.000000000000000042e-03 -8.000000000000000167e-03 -5.000000000000000104e-03 3.000000000000000062e-03
3.997666597366333029e-03 -1.360000000000000098e+00 -1.747999999999999998e+00 2.000000000000000042e-03 -8.999999999999999320e-03 -1.000000000000000021e-02 -1.200000000000000025e-02
4.007412433624267696e-03 -1.360000000000000098e+00 -1.747999999999999998e+00 4.000000000000000083e-03 -6.000000000000000125e-03 -1.000000000000000021e-03 -1.700000000000000122e-02
4.018091917037963472e-03 -1.360000000000000098e+00 -1.747999999999999998e+00 -2.000000000000000042e-03 -7.000000000000000146e-03 2.000000000000000042e-03 -2.299999999999999961e-02
4.027858734130859014e-03 -1.360000000000000098e+00 -1.747999999999999998e+00 -2.000000000000000042e-03 -7.000000000000000146e-03 2.199999999999999872e-02 2.000000000000000042e-03
4.037271738052367748e-03 -1.360000000000000098e+00 -1.747999999999999998e+00 -2.000000000000000042e-03 -7.000000000000000146e-03 4.100000000000000172e-02 2.000000000000000042e-02
4.047864675521850239e-03 -1.360000000000000098e+00 -1.747999999999999998e+00 2.000000000000000042e-03 -7.000000000000000146e-03 2.100000000000000130e-02 1.600000000000000033e-02
4.057814598083495788e-03 -1.360000000000000098e+00 -1.747999999999999998e+00 2.000000000000000042e-03 -5.000000000000000104e-03 1.099999999999999936e-02 7.000000000000000146e-03
4.067684888839721673e-03 -1.360000000000000098e+00 -1.747999999999999998e+00 -2.000000000000000042e-03 -6.000000000000000125e-03 -3.000000000000000062e-03 -2.900000000000000147e-02
4.077683210372925159e-03 -1.360000000000000098e+00 -1.747999999999999998e+00 -2.000000000000000042e-03 -4.000000000000000083e-03 -8.000000000000000167e-03 1.000000000000000021e-03
4.087564468383789347e-03 -1.360000000000000098e+00 -1.747999999999999998e+00 -1.000000000000000021e-03 -4.000000000000000083e-03 7.000000000000000146e-03 -2.000000000000000042e-03
4.097856044769286783e-03 -1.360000000000000098e+00 -1.747999999999999998e+00 1.000000000000000021e-03 -1.000000000000000021e-03 2.100000000000000130e-02 2.199999999999999872e-02
4.107943773269653355e-03 -1.360000000000000098e+00 -1.747999999999999998e+00 -2.000000000000000042e-03 -4.000000000000000083e-03 -7.000000000000000146e-03 2.800000000000000058e-02
4.117725372314452736e-03 -1.360000000000000098e+00 -1.747999999999999998e+00 -2.000000000000000042e-03 -2.000000000000000042e-03 6.000000000000000125e-03 1.099999999999999936e-02
4.127568960189819010e-03 -1.360000000000000098e+00 -1.747999999999999998e+00 -3.000000000000000062e-03 -3.000000000000000062e-03 2.100000000000000130e-02 -4.000000000000000083e-03
4.137339591979980087e-03 -1.360000000000000098e+00 -1.747999999999999998e+00 -3.000000000000000062e-03 -2.000000000000000042e-03 1.799999999999999864e-02 -1.400000000000000029e-02
4.147500991821289305e-03 -1.360000000000000098e+00 -1.747999999999999998e+00 1.000000000000000021e-03 -2.000000000000000042e-03 8.999999999999999320e-03 -1.499999999999999944e-02
4.157655477523804037e-03 -1.360000000000000098e+00 -1.747999999999999998e+00 -1.000000000000000021e-03 -1.000000000000000021e-03 -1.600000000000000033e-02 6.000000000000000125e-03
4.168055295944213950e-03 -1.360000000000000098e+00 -1.747999999999999998e+00 -1.000000000000000021e-03 -1.000000000000000021e-03 -2.699999999999999969e-02 2.100000000000000130e-02
4.177737474441528542e-03 -1.360000000000000098e+00 -1.747999999999999998e+00 -1.000000000000000021e-03 -1.000000000000000021e-03 -3.099999999999999978e-02 2.199999999999999872e-02
4.187987327575683379e-03 -1.360000000000000098e+00 -1.747999999999999998e+00 0.000000000000000000e+00 -5.000000000000000104e-03 0.000000000000000000e+00 -2.000000000000000042e-03
4.197489261627196898e-03 -1.360000000000000098e+00 -1.747999999999999998e+00 0.000000000000000000e+00 -6.000000000000000125e-03 2.699999999999999969e-02 -2.100000000000000130e-02
4.207478046417236113e-03 -1.360000000000000098e+00 -1.747999999999999998e+00 3.000000000000000062e-03 -7.000000000000000146e-03 2.100000000000000130e-02 -8.000000000000000167e-03
4.219100475311278985e-03 -1.360000000000000098e+00 -1.747999999999999998e+00 3.000000000000000062e-03 -8.000000000000000167e-03 0.000000000000000000e+00 1.299999999999999940e-02
4.227590560913085764e-03 -1.360000000000000098e+00 -1.747999999999999998e+00 6.000000000000000125e-03 -8.999999999999999320e-03 2.000000000000000042e-03 1.000000000000000021e-03
4.237167835235595981e-03 -1.360000000000000098e+00 -1.747999999999999998e+00 4.000000000000000083e-03 -8.999999999999999320e-03 8.999999999999999320e-03 2.000000000000000042e-03
4.247920751571655253e-03 -1.360000000000000098e+00 -1.747999999999999998e+00 5.000000000000000104e-03 -8.000000000000000167e-03 -7.000000000000000146e-03 -1.299999999999999940e-02
4.257249832153320486e-03 -1.360000000000000098e+00 -1.747999999999999998e+00 4.000000000000000083e-03 -6.000000000000000125e-03 -1.600000000000000033e-02 -2.299999999999999961e-02
4.267744302749633921e-03 -1.360000000000000098e+00 -1.747999999999999998e+00 5.000000000000000104e-03 -6.000000000000000125e-03 -5.000000000000000104e-03 -2.100000000000000130e-02
4.277548551559448228e-03 -1.360000000000000098e+00 -1.747999999999999998e+00 5.000000000000000104e-03 -5.000000000000000104e-03 1.700000000000000122e-02 -6.000000000000000125e-03
4.287052631378174099e-03 -1.360000000000000098e+00 -1.747999999999999998e+00 4.000000000000000083e-03 -6.000000000000000125e-03 -2.000000000000000042e-03 6.000000000000000125e-03
4.297394752502441823e-03 -1.360000000000000098e+00 -1.747999999999999998e+00 1.000000000000000021e-03 1.000000000000000021e-03 5.000000000000000104e-03 1.400000000000000029e-02
4.307519912719726292e-03 -1.360000000000000098e+00 -1.747999999999999998e+00 0.000000000000000000e+00 0.000000000000000000e+00 -4.000000000000000083e-03 -3.000000000000000062e-03
4.316997051239013401e-03 -1.360000000000000098e+00 -1.747999999999999998e+00 0.000000000000000000e+00 0.000000000000000000e+00 -5.000000000000000104e-03 -1.099999999999999936e-02
4.329287528991699642e-03 -1.360000000000000098e+00 -1.747999999999999998e+00 -1.000000000000000021e-03 -2.000000000000000042e-03 5.000000000000000104e-03 -2.500000000000000139e-02
4.340002536773681849e-03 -1.360000000000000098e+00 -1.747999999999999998e+00 -1.000000000000000021e-03 -2.000000000000000042e-03 7.000000000000000146e-03 -1.099999999999999936e-02
4.356373310089111696e-03 -1.360000000000000098e+00 -1.747999999999999998e+00 0.000000000000000000e+00 0.000000000000000000e+00 1.600000000000000033e-02 1.000000000000000021e-02
4.361814975738525016e-03 -1.360000000000000098e+00 -1.747999999999999998e+00 -2.000000000000000042e-03 0.000000000000000000e+00 0.000000000000000000e+00 1.700000000000000122e-02
4.369604825973510964e-03 -1.360000000000000098e+00 -1.747999999999999998e+00 -3.000000000000000062e-03 0.000000000000000000e+00 -6.000000000000000125e-03 2.599999999999999881e-02
4.380151033401489570e-03 -1.360000000000000098e+00 -1.747999999999999998e+00 -2.000000000000000042e-03 -2.000000000000000042e-03 -2.000000000000000042e-03 -8.000000000000000167e-03
4.389488220214844173e-03 -1.360000000000000098e+00 -1.747999999999999998e+00 -1.000000000000000021e-03 -1.000000000000000021e-03 2.000000000000000042e-03 1.099999999999999936e-02
4.399312734603881905e-03 -1.360000000000000098e+00 -1.747999999999999998e+00 -4.000000000000000083e-03 -1.000000000000000021e-03 -2.400000000000000050e-02 1.700000000000000122e-02
4.407968997955322502e-03 -1.360999999999999988e+00 -1.747999999999999998e+00 -7.000000000000000146e-03 0.000000000000000000e+00 -2.500000000000000139e-02 5.000000000000000104e-03
4.419356822967529345e-03 -1.360999999999999988e+00 -1.747999999999999998e+00 -7.000000000000000146e-03 -4.000000000000000083e-03 -2.199999999999999872e-02 -4.000000000000000083e-03
4.427169799804687653e-03 -1.360999999999999988e+00 -1.747999999999999998e+00 -6.000000000000000125e-03 -5.000000000000000104e-03 -1.899999999999999953e-02 5.000000000000000104e-03
4.437174558639526457e-03 -1.360000000000000098e+00 -1.747999999999999998e+00 -7.000000000000000146e-03 -7.000000000000000146e-03 -1.799999999999999864e-02 2.299999999999999961e-02
4.448023080825805851e-03 -1.360999999999999988e+00 -1.747999999999999998e+00 -7.000000000000000146e-03 -7.000000000000000146e-03 -1.000000000000000021e-03 1.499999999999999944e-02
4.456974983215331899e-03 -1.360000000000000098e+00 -1.747999999999999998e+00 -3.000000000000000062e-03 -4.000000000000000083e-03 5.000000000000000104e-03 2.000000000000000042e-03
4.467639446258544686e-03 -1.360000000000000098e+00 -1.747999999999999998e+00 -4.000000000000000083e-03 -4.000000000000000083e-03 -1.000000000000000021e-02 1.799999999999999864e-02
4.476948022842407345e-03 -1.360000000000000098e+00 -1.747999999999999998e+00 -2.000000000000000042e-03 -4.000000000000000083e-03 0.000000000000000000e+00 1.700000000000000122e-02
4.487213611602783488e-03 -1.360000000000000098e+00 -1.747999999999999998e+00 -4.000000000000000083e-03 -4.000000000000000083e-03 -1.400000000000000029e-02 0.000000000000000000e+00
4.497387409210205043e-03 -1.360000000000000098e+00 -1.747999999999999998e+00 -3.000000000000000062e-03 -2.000000000000000042e-03 -2.000000000000000042e-03 1.299999999999999940e-02
4.507485151290893319e-03 -1.360000000000000098e+00 -1.747999999999999998e+00 -4.000000000000000083e-03 -3.000000000000000062e-03 1.000000000000000021e-02 2.400000000000000050e-02
4.517777204513549923e-03 -1.360000000000000098e+00 -1.747999999999999998e+00 -3.000000000000000062e-03 -3.000000000000000062e-03 3.000000000000000062e-03 -7.000000000000000146e-03
4.527263402938843002e-03 -1.360000000000000098e+00 -1.747999999999999998e+00 -3.000000000000000062e-03 -3.000000000000000062e-03 4.000000000000000083e-03 0.000000000000000000e+00
4.536707162857056032e-03 -1.360000000000000098e+00 -1.747999999999999998e+00 -2.000000000000000042e-03 -2.000000000000000042e-03 3.000000000000000062e-03 6.000000000000000125e-03
4.549588441848754876e-03 -1.360000000000000098e+00 -1.747999999999999998e+00 -1.000000000000000021e-03 -8.000000000000000167e-03 2.000000000000000042e-03 2.000000000000000042e-03
4.557782411575317036e-03 -1.360000000000000098e+00 -1.749000000000000110e+00 -2.000000000000000042e-03 -8.999999999999999320e-03 4.000000000000000083e-03 3.000000000000000062e-03
4.567293167114258243e-03 -1.360000000000000098e+00 -1.747999999999999998e+00 -1.000000000000000021e-03 -6.000000000000000125e-03 1.000000000000000021e-02 8.999999999999999320e-03
4.577296972274780447e-03 -1.360000000000000098e+00 -1.747999999999999998e+00 -2.000000000000000042e-03 -8.000000000000000167e-03 -2.000000000000000042e-03 -1.200000000000000025e-02
4.587263584136963036e-03 -1.360000000000000098e+00 -1.747999999999999998e+00 -2.000000000000000042e-03 -8.000000000000000167e-03 -3.000000000000000062e-03 -3.599999999999999728e-02
4.596869230270386047e-03 -1.360000000000000098e+00 -1.747999999999999998e+00 -3.000000000000000062e-03 -8.000000000000000167e-03 -1.799999999999999864e-02 -3.699999999999999817e-02
4.607083320617676170e-03 -1.360000000000000098e+00 -1.747999999999999998e+00 2.000000000000000042e-03 -1.099999999999999936e-02 -2.199999999999999872e-02 1.000000000000000021e-02
4.617743968963623422e-03 -1.360000000000000098e+00 -1.747999999999999998e+00 -2.000000000000000042e-03 -1.200000000000000025e-02 -3.000000000000000062e-03 0.000000000000000000e+00
4.627477884292602317e-03 -1.360000000000000098e+00 -1.747999999999999998e+00 3.000000000000000062e-03 -1.000000000000000021e-02 -2.199999999999999872e-02 1.499999999999999944e-02
4.637201070785522058e-03 -1.360000000000000098e+00 -1.747999999999999998e+00 3.000000000000000062e-03 -8.000000000000000167e-03 1.000000000000000021e-03 4.900000000000000189e-02
4.649009943008423039e-03 -1.360000000000000098e+00 -1.747999999999999998e+00 2.000000000000000042e-03 -8.000000000000000167e-03 1.700000000000000122e-02 -7.000000000000000146e-03
4.657649517059326595e-03 -1.360000000000000098e+00 -1.747999999999999998e+00 5.000000000000000104e-03 -6.000000000000000125e-03 3.200000000000000067e-02 -3.200000000000000067e-02
4.668110847473144233e-03 -1.360000000000000098e+00 -1.747999999999999998e+00 8.999999999999999320e-03 -7.000000000000000146e-03 3.099999999999999978e-02 4.000000000000000083e-03
4.677305698394775696e-03 -1.360000000000000098e+00 -1.747999999999999998e+00 1.099999999999999936e-02 -8.000000000000000167e-03 1.200000000000000025e-02 5.000000000000000104e-03
4.687747478485107359e-03 -1.360000000000000098e+00 -1.747999999999999998e+00 1.000000000000000021e-02 -6.000000000000000125e-03 1.600000000000000033e-02 -1.000000000000000021e-03
4.697117567062377742e-03 -1.360000000000000098e+00 -1.747999999999999998e+00 8.999999999999999320e-03 -5.000000000000000104e-03 2.400000000000000050e-02 2.400000000000000050e-02
4.707015037536620670e-03 -1.360000000000000098e+00 -1.747999999999999998e+00 1.000000000000000021e-02 -6.000000000000000125e-03 8.999999999999999320e-03 1.899999999999999953e-02
4.717288017272949600e-03 -1.360000000000000098e+00 -1.747999999999999998e+00 1.000000000000000021e-02 -6.000000000000000125e-03 1.400000000000000029e-02 7.000000000000000146e-03
4.727273941040039014e-03 -1.360000000000000098e+00 -1.747999999999999998e+00 8.999999999999999320e-03 -6.000000000000000125e-03 4.000000000000000083e-03 6.000000000000000125e-03
4.737071037292480552e-03 -1.360000000000000098e+00 -1.747999999999999998e+00 8.000000000000000167e-03 -6.000000000000000125e-03 -1.000000000000000021e-02 1.799999999999999864e-02
4.747861385345458589e-03 -1.360000000000000098e+00 -1.747999999999999998e+00 7.000000000000000146e-03 -7.000000000000000146e-03 3.000000000000000062e-03 8.999999999999999320e-03
4.757077932357788377e-03 -1.360000000000000098e+00 -1.747999999999999998e+00 8.000000000000000167e-03 -6.000000000000000125e-03 1.499999999999999944e-02 2.999999999999999889e-02
4.767269849777221874e-03 -1.360000000000000098e+00 -1.747999999999999998e+00 1.000000000000000021e-03 -6.000000000000000125e-03 7.000000000000000146e-03 2.000000000000000042e-03
4.776738405227661313e-03 -1.360000000000000098e+00 -1.747999999999999998e+00 1.000000000000000021e-03 -7.000000000000000146e-03 1.400000000000000029e-02 -2.599999999999999881e-02
4.787228345870971763e-03 -1.360000000000000098e+00 -1.747999999999999998e+00 1.000000000000000021e-03 -5.000000000000000104e-03 3.099999999999999978e-02 2.000000000000000042e-03
4.797286748886108072e-03 -1.360000000000000098e+00 -1.747999999999999998e+00 2.000000000000000042e-03 -5.000000000000000104e-03 1.799999999999999864e-02 -1.000000000000000021e-03
4.836315631866454877e-03 -1.360000000000000098e+00 -1.747999999999999998e+00 3.000000000000000062e-03 -5.000000000000000104e-03 6.000000000000000125e-03 8.999999999999999320e-03
