1.715000362152535915e+09 3.240000000000000213e+00 -7.507593749999999844e+00 -1.400503515625000084e+01 0.000000000000000000e+00 0.000000000000000000e+00 -3.149396240234374922e+00 -5.744234863281249659e+00 0.000000000000000000e+00 0.000000000000000000e+00 -1.591189880371093879e-01 -2.758282165527343732e-01
1.715000362163728952e+09 3.240000000000000213e+00 -7.507593749999999844e+00 -1.400503515625000084e+01 0.000000000000000000e+00 0.000000000000000000e+00 -3.149396240234374922e+00 -5.744234863281249659e+00 0.000000000000000000e+00 0.000000000000000000e+00 -1.591189880371093879e-01 -2.758282165527343732e-01
1.715000362173980474e+09 3.240000000000000213e+00 -7.507593749999999844e+00 -1.400503515625000084e+01 0.000000000000000000e+00 0.000000000000000000e+00 -3.149396240234374922e+00 -5.744234863281249659e+00 0.000000000000000000e+00 0.000000000000000000e+00 -1.591189880371093879e-01 -2.758282165527343732e-01
1.715000362183139324e+09 3.240000000000000213e+00 -7.507593749999999844e+00 -1.400503515625000084e+01 0.000000000000000000e+00 0.000000000000000000e+00 -3.149396240234374922e+00 -5.744234863281249659e+00 0.000000000000000000e+00 0.000000000000000000e+00 -1.591189880371093879e-01 -2.758282165527343732e-01
1.715000362197215796e+09 3.240000000000000213e+00 -7.507593749999999844e+00 -1.400503515625000084e+01 0.000000000000000000e+00 0.000000000000000000e+00 -3.149396240234374922e+00 -5.744234863281249659e+00 0.000000000000000000e+00 0.000000000000000000e+00 -1.591189880371093879e-01 -2.758282165527343732e-01
1.715000362205302954e+09 3.240000000000000213e+00 -7.507593749999999844e+00 -1.400503515625000084e+01 0.000000000000000000e+00 0.000000000000000000e+00 -3.149396240234374922e+00 -5.744234863281249659e+00 0.000000000000000000e+00 0.000000000000000000e+00 -1.591189880371093879e-01 -2.758282165527343732e-01
1.715000362212713003e+09 3.240000000000000213e+00 -7.507593749999999844e+00 -1.400503515625000084e+01 0.000000000000000000e+00 0.000000000000000000e+00 -3.149396240234374922e+00 -5.744234863281249659e+00 0.000000000000000000e+00 0.000000000000000000e+00 -1.591189880371093879e-01 -2.758282165527343732e-01
1.715000362222873211e+09 3.240000000000000213e+00 -7.507593749999999844e+00 -1.400503515625000084e+01 0.000000000000000000e+00 0.000000000000000000e+00 -3.149396240234374922e+00 -5.744234863281249659e+00 0.000000000000000000e+00 0.000000000000000000e+00 -1.591189880371093879e-01 -2.758282165527343732e-01
1.715000362233449936e+09 3.240000000000000213e+00 -7.507593749999999844e+00 -1.400503515625000084e+01 0.000000000000000000e+00 0.000000000000000000e+00 -3.149396240234374922e+00 -5.744234863281249659e+00 0.000000000000000000e+00 0.000000000000000000e+00 -1.591189880371093879e-01 -2.758282165527343732e-01
1.715000362241509199e+09 3.240000000000000213e+00 -7.507593749999999844e+00 -1.400503515625000084e+01 0.000000000000000000e+00 0.000000000000000000e+00 -3.149396240234374922e+00 -5.744234863281249659e+00 0.000000000000000000e+00 0.000000000000000000e+00 -1.591189880371093879e-01 -2.758282165527343732e-01
1.715000362256839037e+09 3.240000000000000213e+00 -7.507593749999999844e+00 -1.400503515625000084e+01 0.000000000000000000e+00 0.000000000000000000e+00 -3.149396240234374922e+00 -5.744234863281249659e+00 0.000000000000000000e+00 0.000000000000000000e+00 -1.591189880371093879e-01 -2.758282165527343732e-01
1.715000362265918732e+09 3.240000000000000213e+00 -7.507593749999999844e+00 -1.400503515625000084e+01 0.000000000000000000e+00 0.000000000000000000e+00 -3.149396240234374922e+00 -5.744234863281249659e+00 0.000000000000000000e+00 0.000000000000000000e+00 -1.591189880371093879e-01 -2.758282165527343732e-01
1.715000362271249294e+09 3.240000000000000213e+00 -7.507593749999999844e+00 -1.400503515625000084e+01 0.000000000000000000e+00 0.000000000000000000e+00 -3.149396240234374922e+00 -5.744234863281249659e+00 0.000000000000000000e+00 0.000000000000000000e+00 -1.591189880371093879e-01 -2.758282165527343732e-01
1.715000362282910824e+09 3.240000000000000213e+00 -7.507593749999999844e+00 -1.400503515625000084e+01 0.000000000000000000e+00 0.000000000000000000e+00 -3.149396240234374922e+00 -5.744234863281249659e+00 0.000000000000000000e+00 0.000000000000000000e+00 -1.591189880371093879e-01 -2.758282165527343732e-01
1.715000362292433977e+09 3.240000000000000213e+00 -7.507593749999999844e+00 -1.400503515625000084e+01 0.000000000000000000e+00 0.000000000000000000e+00 -3.149396240234374922e+00 -5.744234863281249659e+00 0.000000000000000000e+00 0.000000000000000000e+00 -1.591189880371093879e-01 -2.758282165527343732e-01
1.715000362302382708e+09 3.240000000000000213e+00 -7.507593749999999844e+00 -1.400503515625000084e+01 0.000000000000000000e+00 0.000000000000000000e+00 -3.149396240234374922e+00 -5.744234863281249659e+00 0.000000000000000000e+00 0.000000000000000000e+00 -1.591189880371093879e-01 -2.758282165527343732e-01
1.715000362312022209e+09 3.240000000000000213e+00 -7.507593749999999844e+00 -1.400503515625000084e+01 0.000000000000000000e+00 0.000000000000000000e+00 -3.149396240234374922e+00 -5.744234863281249659e+00 0.000000000000000000e+00 0.000000000000000000e+00 -1.591189880371093879e-01 -2.758282165527343732e-01
1.715000362322724819e+09 3.240000000000000213e+00 -7.507593749999999844e+00 -1.400503515625000084e+01 0.000000000000000000e+00 0.000000000000000000e+00 -3.149396240234374922e+00 -5.744234863281249659e+00 0.000000000000000000e+00 0.000000000000000000e+00 -1.591189880371093879e-01 -2.758282165527343732e-01
1.715000362332564831e+09 3.240000000000000213e+00 -7.507593749999999844e+00 -1.400503515625000084e+01 0.000000000000000000e+00 0.000000000000000000e+00 -3.149396240234374922e+00 -5.744234863281249659e+00 0.000000000000000000e+00 0.000000000000000000e+00 -1.591189880371093879e-01 -2.758282165527343732e-01
1.715000362343488455e+09 3.240000000000000213e+00 -7.507593749999999844e+00 -1.400503515625000084e+01 0.000000000000000000e+00 0.000000000000000000e+00 -3.149396240234374922e+00 -5.744234863281249659e+00 0.000000000000000000e+00 0.000000000000000000e+00 -1.591189880371093879e-01 -2.758282165527343732e-01
1.715000362353330374e+09 3.240000000000000213e+00 -7.507593749999999844e+00 -1.400503515625000084e+01 0.000000000000000000e+00 0.000000000000000000e+00 -3.149396240234374922e+00 -5.744234863281249659e+00 0.000000000000000000e+00 0.000000000000000000e+00 -1.591189880371093879e-01 -2.758282165527343732e-01
1.715000362364455700e+09 3.240000000000000213e+00 -7.507593749999999844e+00 -1.400503515625000084e+01 0.000000000000000000e+00 0.000000000000000000e+00 -3.149396240234374922e+00 -5.744234863281249659e+00 0.000000000000000000e+00 0.000000000000000000e+00 -1.591189880371093879e-01 -2.758282165527343732e-01
1.715000362373063564e+09 3.240000000000000213e+00 -7.507593749999999844e+00 -1.400503515625000084e+01 0.000000000000000000e+00 0.000000000000000000e+00 -3.149396240234374922e+00 -5.744234863281249659e+00 0.000000000000000000e+00 0.000000000000000000e+00 -1.591189880371093879e-01 -2.758282165527343732e-01
1.715000362382916689e+09 3.240000000000000213e+00 -7.507593749999999844e+00 -1.400503515625000084e+01 0.000000000000000000e+00 0.000000000000000000e+00 -3.149396240234374922e+00 -5.744234863281249659e+00 0.000000000000000000e+00 0.000000000000000000e+00 -1.591189880371093879e-01 -2.758282165527343732e-01
1.715000362391963482e+09 3.240000000000000213e+00 -7.507593749999999844e+00 -1.400503515625000084e+01 0.000000000000000000e+00 0.000000000000000000e+00 -3.149396240234374922e+00 -5.744234863281249659e+00 0.000000000000000000e+00 0.000000000000000000e+00 -1.591189880371093879e-01 -2.758282165527343732e-01
1.715000362402682543e+09 3.240000000000000213e+00 -7.507593749999999844e+00 -1.400503515625000084e+01 0.000000000000000000e+00 0.000000000000000000e+00 -3.149396240234374922e+00 -5.744234863281249659e+00 0.000000000000000000e+00 0.000000000000000000e+00 -1.591189880371093879e-01 -2.758282165527343732e-01
1.715000362412262201e+09 3.240000000000000213e+00 -7.507593749999999844e+00 -1.400503515625000084e+01 0.000000000000000000e+00 0.000000000000000000e+00 -3.149396240234374922e+00 -5.744234863281249659e+00 0.000000000000000000e+00 0.000000000000000000e+00 -1.591189880371093879e-01 -2.758282165527343732e-01
1.715000362421054363e+09 3.240000000000000213e+00 -7.507593749999999844e+00 -1.400503515625000084e+01 0.000000000000000000e+00 0.000000000000000000e+00 -3.149396240234374922e+00 -5.744234863281249659e+00 0.000000000000000000e+00 0.000000000000000000e+00 -1.591189880371093879e-01 -2.758282165527343732e-01
1.715000362432460070e+09 3.240000000000000213e+00 -7.507593749999999844e+00 -1.400503515625000084e+01 0.000000000000000000e+00 0.000000000000000000e+00 -3.149396240234374922e+00 -5.744234863281249659e+00 0.000000000000000000e+00 0.000000000000000000e+00 -1.591189880371093879e-01 -2.758282165527343732e-01
1.715000362443595886e+09 3.240000000000000213e+00 -7.507593749999999844e+00 -1.400503515625000084e+01 0.000000000000000000e+00 0.000000000000000000e+00 -3.149396240234374922e+00 -5.744234863281249659e+00 0.000000000000000000e+00 0.000000000000000000e+00 -1.591189880371093879e-01 -2.758282165527343732e-01
1.715000362453273773e+09 3.240000000000000213e+00 -7.507593749999999844e+00 -1.400503515625000084e+01 0.000000000000000000e+00 0.000000000000000000e+00 -3.149396240234374922e+00 -5.744234863281249659e+00 0.000000000000000000e+00 0.000000000000000000e+00 -1.591189880371093879e-01 -2.758282165527343732e-01
1.715000362464612246e+09 3.240000000000000213e+00 -7.507593749999999844e+00 -1.400503515625000084e+01 0.000000000000000000e+00 0.000000000000000000e+00 -3.149396240234374922e+00 -5.744234863281249659e+00 0.000000000000000000e+00 0.000000000000000000e+00 -1.591189880371093879e-01 -2.758282165527343732e-01
1.715000362473423004e+09 3.240000000000000213e+00 -7.507593749999999844e+00 -1.400503515625000084e+01 0.000000000000000000e+00 0.000000000000000000e+00 -3.149396240234374922e+00 -5.744234863281249659e+00 0.000000000000000000e+00 0.000000000000000000e+00 -1.591189880371093879e-01 -2.758282165527343732e-01
1.715000362484887600e+09 3.240000000000000213e+00 -7.507593749999999844e+00 -1.400503515625000084e+01 0.000000000000000000e+00 0.000000000000000000e+00 -3.149396240234374922e+00 -5.744234863281249659e+00 0.000000000000000000e+00 0.000000000000000000e+00 -1.591189880371093879e-01 -2.758282165527343732e-01
1.715000362491723776e+09 3.240000000000000213e+00 -7.507593749999999844e+00 -1.400503515625000084e+01 0.000000000000000000e+00 0.000000000000000000e+00 -3.149396240234374922e+00 -5.744234863281249659e+00 0.000000000000000000e+00 0.000000000000000000e+00 -1.591189880371093879e-01 -2.758282165527343732e-01
1.715000362501646280e+09 3.240000000000000213e+00 -7.507593749999999844e+00 -1.400503515625000084e+01 0.000000000000000000e+00 0.000000000000000000e+00 -3.149396240234374922e+00 -5.744234863281249659e+00 0.000000000000000000e+00 0.000000000000000000e+00 -1.591189880371093879e-01 -2.758282165527343732e-01
1.715000362512135267e+09 3.240000000000000213e+00 -7.507593749999999844e+00 -1.400503515625000084e+01 0.000000000000000000e+00 0.000000000000000000e+00 -3.149396240234374922e+00 -5.744234863281249659e+00 0.000000000000000000e+00 0.000000000000000000e+00 -1.591189880371093879e-01 -2.758282165527343732e-01
1.715000362523275614e+09 3.240000000000000213e+00 -7.507593749999999844e+00 -1.400503515625000084e+01 0.000000000000000000e+00 0.000000000000000000e+00 -3.149396240234374922e+00 -5.744234863281249659e+00 0.000000000000000000e+00 0.000000000000000000e+00 -1.591189880371093879e-01 -2.758282165527343732e-01
1.715000362533679485e+09 3.240000000000000213e+00 -7.539119140624999993e+00 -1.406253124999999926e+01 0.000000000000000000e+00 0.000000000000000000e+00 -3.155229736328124979e+00 -5.754198730468750078e+00 0.000000000000000000e+00 0.000000000000000000e+00 -1.396081237792968777e-01 -2.370859222412109446e-01
1.715000362542921066e+09 3.240000000000000213e+00 -7.539119140624999993e+00 -1.406253124999999926e+01 0.000000000000000000e+00 0.000000000000000000e+00 -3.155229736328124979e+00 -5.754198730468750078e+00 0.000000000000000000e+00 0.000000000000000000e+00 -1.396081237792968777e-01 -2.370859222412109446e-01
1.715000362552997589e+09 3.240000000000000213e+00 -7.539119140624999993e+00 -1.406253124999999926e+01 0.000000000000000000e+00 0.000000000000000000e+00 -3.155229736328124979e+00 -5.754198730468750078e+00 0.000000000000000000e+00 0.000000000000000000e+00 -1.396081237792968777e-01 -2.370859222412109446e-01
1.715000362562697172e+09 3.240000000000000213e+00 -7.539119140624999993e+00 -1.406253124999999926e+01 0.000000000000000000e+00 0.000000000000000000e+00 -3.155229736328124979e+00 -5.754198730468750078e+00 0.000000000000000000e+00 0.000000000000000000e+00 -1.396081237792968777e-01 -2.370859222412109446e-01
1.715000362573169708e+09 3.240000000000000213e+00 -7.539119140624999993e+00 -1.406253124999999926e+01 0.000000000000000000e+00 0.000000000000000000e+00 -3.155229736328124979e+00 -5.754198730468750078e+00 0.000000000000000000e+00 0.000000000000000000e+00 -1.396081237792968777e-01 -2.370859222412109446e-01
1.715000362583258629e+09 3.240000000000000213e+00 -7.539119140624999993e+00 -1.406253124999999926e+01 0.000000000000000000e+00 0.000000000000000000e+00 -3.155229736328124979e+00 -5.754198730468750078e+00 0.000000000000000000e+00 0.000000000000000000e+00 -1.396081237792968777e-01 -2.370859222412109446e-01
1.715000362593504190e+09 3.240000000000000213e+00 -7.539119140624999993e+00 -1.406253124999999926e+01 0.000000000000000000e+00 0.000000000000000000e+00 -3.155229736328124979e+00 -5.754198730468750078e+00 0.000000000000000000e+00 0.000000000000000000e+00 -1.396081237792968777e-01 -2.370859222412109446e-01
1.715000362601755142e+09 3.240000000000000213e+00 -7.539119140624999993e+00 -1.406253124999999926e+01 0.000000000000000000e+00 0.000000000000000000e+00 -3.155229736328124979e+00 -5.754198730468750078e+00 0.000000000000000000e+00 0.000000000000000000e+00 -1.396081237792968777e-01 -2.370859222412109446e-01
1.715000362613230467e+09 3.240000000000000213e+00 -7.539119140624999993e+00 -1.406253124999999926e+01 0.000000000000000000e+00 0.000000000000000000e+00 -3.155229736328124979e+00 -5.754198730468750078e+00 0.000000000000000000e+00 0.000000000000000000e+00 -1.396081237792968777e-01 -2.370859222412109446e-01
1.715000362622877359e+09 3.240000000000000213e+00 -7.539119140624999993e+00 -1.406253124999999926e+01 0.000000000000000000e+00 0.000000000000000000e+00 -3.155229736328124979e+00 -5.754198730468750078e+00 0.000000000000000000e+00 0.000000000000000000e+00 -1.396081237792968777e-01 -2.370859222412109446e-01
1.715000362633368254e+09 3.240000000000000213e+00 -7.539119140624999993e+00 -1.406253124999999926e+01 0.000000000000000000e+00 0.000000000000000000e+00 -3.155229736328124979e+00 -5.754198730468750078e+00 0.000000000000000000e+00 0.000000000000000000e+00 -1.396081237792968777e-01 -2.370859222412109446e-01
1.715000362641045570e+09 3.240000000000000213e+00 -7.539119140624999993e+00 -1.406253124999999926e+01 0.000000000000000000e+00 0.000000000000000000e+00 -3.155229736328124979e+00 -5.754198730468750078e+00 0.000000000000000000e+00 0.000000000000000000e+00 -1.396081237792968777e-01 -2.370859222412109446e-01
1.715000362650926352e+09 3.240000000000000213e+00 -7.539119140624999993e+00 -1.406253124999999926e+01 0.000000000000000000e+00 0.000000000000000000e+00 -3.155229736328124979e+00 -5.754198730468750078e+00 0.000000000000000000e+00 0.000000000000000000e+00 -1.396081237792968777e-01 -2.370859222412109446e-01
1.715000362663641453e+09 3.240000000000000213e+00 -7.539119140624999993e+00 -1.406253124999999926e+01 0.000000000000000000e+00 0.000000000000000000e+00 -3.155229736328124979e+00 -5.754198730468750078e+00 0.000000000000000000e+00 0.000000000000000000e+00 -1.396081237792968777e-01 -2.370859222412109446e-01
1.715000362673288107e+09 3.240000000000000213e+00 -7.539119140624999993e+00 -1.406253124999999926e+01 0.000000000000000000e+00 0.000000000000000000e+00 -3.155229736328124979e+00 -5.754198730468750078e+00 0.000000000000000000e+00 0.000000000000000000e+00 -1.396081237792968777e-01 -2.370859222412109446e-01
1.715000362682400942e+09 3.240000000000000213e+00 -7.539119140624999993e+00 -1.406253124999999926e+01 0.000000000000000000e+00 0.000000000000000000e+00 -3.155229736328124979e+00 -5.754198730468750078e+00 0.000000000000000000e+00 0.000000000000000000e+00 -1.396081237792968777e-01 -2.370859222412109446e-01
1.715000362692878246e+09 3.240000000000000213e+00 -7.539119140624999993e+00 -1.406253124999999926e+01 0.000000000000000000e+00 0.000000000000000000e+00 -3.155229736328124979e+00 -5.754198730468750078e+00 0.000000000000000000e+00 0.000000000000000000e+00 -1.396081237792968777e-01 -2.370859222412109446e-01
1.715000362704662561e+09 3.240000000000000213e+00 -7.539119140624999993e+00 -1.406253124999999926e+01 0.000000000000000000e+00 0.000000000000000000e+00 -3.155229736328124979e+00 -5.754198730468750078e+00 0.000000000000000000e+00 0.000000000000000000e+00 -1.396081237792968777e-01 -2.370859222412109446e-01
1.715000362711338043e+09 3.240000000000000213e+00 -7.539119140624999993e+00 -1.406253124999999926e+01 0.000000000000000000e+00 0.000000000000000000e+00 -3.155229736328124979e+00 -5.754198730468750078e+00 0.000000000000000000e+00 0.000000000000000000e+00 -1.396081237792968777e-01 -2.370859222412109446e-01
1.715000362722342491e+09 3.240000000000000213e+00 -7.539119140624999993e+00 -1.406253124999999926e+01 0.000000000000000000e+00 0.000000000000000000e+00 -3.155229736328124979e+00 -5.754198730468750078e+00 0.000000000000000000e+00 0.000000000000000000e+00 -1.396081237792968777e-01 -2.370859222412109446e-01
1.715000362733569384e+09 3.240000000000000213e+00 -7.539119140624999993e+00 -1.406253124999999926e+01 0.000000000000000000e+00 0.000000000000000000e+00 -3.155229736328124979e+00 -5.754198730468750078e+00 0.000000000000000000e+00 0.000000000000000000e+00 -1.396081237792968777e-01 -2.370859222412109446e-01
1.715000362741925478e+09 3.240000000000000213e+00 -7.539119140624999993e+00 -1.406253124999999926e+01 0.000000000000000000e+00 0.000000000000000000e+00 -3.155229736328124979e+00 -5.754198730468750078e+00 0.000000000000000000e+00 0.000000000000000000e+00 -1.396081237792968777e-01 -2.370859222412109446e-01
1.715000362752276897e+09 3.240000000000000213e+00 -7.539119140624999993e+00 -1.406253124999999926e+01 0.000000000000000000e+00 0.000000000000000000e+00 -3.155229736328124979e+00 -5.754198730468750078e+00 0.000000000000000000e+00 0.000000000000000000e+00 -1.396081237792968777e-01 -2.370859222412109446e-01
1.715000362763888597e+09 3.240000000000000213e+00 -7.539119140624999993e+00 -1.406253124999999926e+01 0.000000000000000000e+00 0.000000000000000000e+00 -3.155229736328124979e+00 -5.754198730468750078e+00 0.000000000000000000e+00 0.000000000000000000e+00 -1.396081237792968777e-01 -2.370859222412109446e-01
1.715000362771212578e+09 3.240000000000000213e+00 -7.539119140624999993e+00 -1.406253124999999926e+01 0.000000000000000000e+00 0.000000000000000000e+00 -3.155229736328124979e+00 -5.754198730468750078e+00 0.000000000000000000e+00 0.000000000000000000e+00 -1.396081237792968777e-01 -2.370859222412109446e-01
1.715000362782822847e+09 3.240000000000000213e+00 -7.539119140624999993e+00 -1.406253124999999926e+01 0.000000000000000000e+00 0.000000000000000000e+00 -3.155229736328124979e+00 -5.754198730468750078e+00 0.000000000000000000e+00 0.000000000000000000e+00 -1.396081237792968777e-01 -2.370859222412109446e-01
1.715000362793348551e+09 3.240000000000000213e+00 -7.539119140624999993e+00 -1.406253124999999926e+01 0.000000000000000000e+00 0.000000000000000000e+00 -3.155229736328124979e+00 -5.754198730468750078e+00 0.000000000000000000e+00 0.000000000000000000e+00 -1.396081237792968777e-01 -2.370859222412109446e-01
1.715000362803138733e+09 3.240000000000000213e+00 -7.539119140624999993e+00 -1.406253124999999926e+01 0.000000000000000000e+00 0.000000000000000000e+00 -3.155229736328124979e+00 -5.754198730468750078e+00 0.000000000000000000e+00 0.000000000000000000e+00 -1.396081237792968777e-01 -2.370859222412109446e-01
1.715000362813225746e+09 3.240000000000000213e+00 -7.539119140624999993e+00 -1.406253124999999926e+01 0.000000000000000000e+00 0.000000000000000000e+00 -3.155229736328124979e+00 -5.754198730468750078e+00 0.000000000000000000e+00 0.000000000000000000e+00 -1.396081237792968777e-01 -2.370859222412109446e-01
1.715000362823300123e+09 3.240000000000000213e+00 -7.539119140624999993e+00 -1.406253124999999926e+01 0.000000000000000000e+00 0.000000000000000000e+00 -3.155229736328124979e+00 -5.754198730468750078e+00 0.000000000000000000e+00 0.000000000000000000e+00 -1.396081237792968777e-01 -2.370859222412109446e-01
1.715000362833256006e+09 3.240000000000000213e+00 -7.539119140624999993e+00 -1.406253124999999926e+01 0.000000000000000000e+00 0.000000000000000000e+00 -3.155229736328124979e+00 -5.754198730468750078e+00 0.000000000000000000e+00 0.000000000000000000e+00 -1.396081237792968777e-01 -2.370859222412109446e-01
1.715000362843156576e+09 3.240000000000000213e+00 -7.539119140624999993e+00 -1.406253124999999926e+01 0.000000000000000000e+00 0.000000000000000000e+00 -3.155229736328124979e+00 -5.754198730468750078e+00 0.000000000000000000e+00 0.000000000000000000e+00 -1.396081237792968777e-01 -2.370859222412109446e-01
1.715000362853216410e+09 3.240000000000000213e+00 -7.539119140624999993e+00 -1.406253124999999926e+01 0.000000000000000000e+00 0.000000000000000000e+00 -3.155229736328124979e+00 -5.754198730468750078e+00 0.000000000000000000e+00 0.000000000000000000e+00 -1.396081237792968777e-01 -2.370859222412109446e-01
1.715000362864402294e+09 3.240000000000000213e+00 -7.539119140624999993e+00 -1.406253124999999926e+01 0.000000000000000000e+00 0.000000000000000000e+00 -3.155229736328124979e+00 -5.754198730468750078e+00 0.000000000000000000e+00 0.000000000000000000e+00 -1.396081237792968777e-01 -2.370859222412109446e-01
1.715000362873163700e+09 3.240000000000000213e+00 -7.539119140624999993e+00 -1.406253124999999926e+01 0.000000000000000000e+00 0.000000000000000000e+00 -3.155229736328124979e+00 -5.754198730468750078e+00 0.000000000000000000e+00 0.000000000000000000e+00 -1.396081237792968777e-01 -2.370859222412109446e-01
1.715000362883125305e+09 3.240000000000000213e+00 -7.539119140624999993e+00 -1.406253124999999926e+01 0.000000000000000000e+00 0.000000000000000000e+00 -3.155229736328124979e+00 -5.754198730468750078e+00 0.000000000000000000e+00 0.000000000000000000e+00 -1.396081237792968777e-01 -2.370859222412109446e-01
1.715000362896317244e+09 3.240000000000000213e+00 -7.539119140624999993e+00 -1.406253124999999926e+01 0.000000000000000000e+00 0.000000000000000000e+00 -3.155229736328124979e+00 -5.754198730468750078e+00 0.000000000000000000e+00 0.000000000000000000e+00 -1.396081237792968777e-01 -2.370859222412109446e-01
1.715000362908622503e+09 3.240000000000000213e+00 -7.539119140624999993e+00 -1.406253124999999926e+01 0.000000000000000000e+00 0.000000000000000000e+00 -3.155229736328124979e+00 -5.754198730468750078e+00 0.000000000000000000e+00 0.000000000000000000e+00 -1.396081237792968777e-01 -2.370859222412109446e-01
1.715000362922058821e+09 3.240000000000000213e+00 -7.539119140624999993e+00 -1.406253124999999926e+01 0.000000000000000000e+00 0.000000000000000000e+00 -3.155229736328124979e+00 -5.754198730468750078e+00 0.000000000000000000e+00 0.000000000000000000e+00 -1.396081237792968777e-01 -2.370859222412109446e-01
1.715000362932074785e+09 3.240000000000000213e+00 -7.539119140624999993e+00 -1.406253124999999926e+01 0.000000000000000000e+00 0.000000000000000000e+00 -3.155229736328124979e+00 -5.754198730468750078e+00 0.000000000000000000e+00 0.000000000000000000e+00 -1.396081237792968777e-01 -2.370859222412109446e-01
1.715000362952236891e+09 3.240000000000000213e+00 -7.539119140624999993e+00 -1.406253124999999926e+01 0.000000000000000000e+00 0.000000000000000000e+00 -3.155229736328124979e+00 -5.754198730468750078e+00 0.000000000000000000e+00 0.000000000000000000e+00 -1.396081237792968777e-01 -2.370859222412109446e-01
1.715000362973167658e+09 3.240000000000000213e+00 -7.570698242187500426e+00 -1.412011816406250020e+01 0.000000000000000000e+00 0.000000000000000000e+00 -3.160033691406249901e+00 -5.762315429687499879e+00 0.000000000000000000e+00 0.000000000000000000e+00 -9.599416351318360019e-02 -1.602010650634765609e-01
1.715000362980159760e+09 3.240000000000000213e+00 -7.570698242187500426e+00 -1.412011816406250020e+01 0.000000000000000000e+00 0.000000000000000000e+00 -3.160033691406249901e+00 -5.762315429687499879e+00 0.000000000000000000e+00 0.000000000000000000e+00 -9.599416351318360019e-02 -1.602010650634765609e-01
1.715000362989498377e+09 3.240000000000000213e+00 -7.570698242187500426e+00 -1.412011816406250020e+01 0.000000000000000000e+00 0.000000000000000000e+00 -3.160033691406249901e+00 -5.762315429687499879e+00 0.000000000000000000e+00 0.000000000000000000e+00 -9.599416351318360019e-02 -1.602010650634765609e-01
1.715000362996077061e+09 3.240000000000000213e+00 -7.570698242187500426e+00 -1.412011816406250020e+01 0.000000000000000000e+00 0.000000000000000000e+00 -3.160033691406249901e+00 -5.762315429687499879e+00 0.000000000000000000e+00 0.000000000000000000e+00 -9.599416351318360019e-02 -1.602010650634765609e-01
1.715000363014968634e+09 3.240000000000000213e+00 -7.570698242187500426e+00 -1.412011816406250020e+01 0.000000000000000000e+00 0.000000000000000000e+00 -3.160033691406249901e+00 -5.762315429687499879e+00 0.000000000000000000e+00 0.000000000000000000e+00 -9.599416351318360019e-02 -1.602010650634765609e-01
1.715000363021546364e+09 3.240000000000000213e+00 -7.570698242187500426e+00 -1.412011816406250020e+01 0.000000000000000000e+00 0.000000000000000000e+00 -3.160033691406249901e+00 -5.762315429687499879e+00 0.000000000000000000e+00 0.000000000000000000e+00 -9.599416351318360019e-02 -1.602010650634765609e-01
1.715000363028285503e+09 3.240000000000000213e+00 -7.570698242187500426e+00 -1.412011816406250020e+01 0.000000000000000000e+00 0.000000000000000000e+00 -3.160033691406249901e+00 -5.762315429687499879e+00 0.000000000000000000e+00 0.000000000000000000e+00 -9.599416351318360019e-02 -1.602010650634765609e-01
1.715000363035134315e+09 3.240000000000000213e+00 -7.570698242187500426e+00 -1.412011816406250020e+01 0.000000000000000000e+00 0.000000000000000000e+00 -3.160033691406249901e+00 -5.762315429687499879e+00 0.000000000000000000e+00 0.000000000000000000e+00 -9.599416351318360019e-02 -1.602010650634765609e-01
1.715000363042237043e+09 3.240000000000000213e+00 -7.570698242187500426e+00 -1.412011816406250020e+01 0.000000000000000000e+00 0.000000000000000000e+00 -3.160033691406249901e+00 -5.762315429687499879e+00 0.000000000000000000e+00 0.000000000000000000e+00 -9.599416351318360019e-02 -1.602010650634765609e-01
1.715000363054429293e+09 3.240000000000000213e+00 -7.570698242187500426e+00 -1.412011816406250020e+01 0.000000000000000000e+00 0.000000000000000000e+00 -3.160033691406249901e+00 -5.762315429687499879e+00 0.000000000000000000e+00 0.000000000000000000e+00 -9.599416351318360019e-02 -1.602010650634765609e-01
1.715000363063074112e+09 3.240000000000000213e+00 -7.570698242187500426e+00 -1.412011816406250020e+01 0.000000000000000000e+00 0.000000000000000000e+00 -3.160033691406249901e+00 -5.762315429687499879e+00 0.000000000000000000e+00 0.000000000000000000e+00 -9.599416351318360019e-02 -1.602010650634765609e-01
1.715000363075124502e+09 3.240000000000000213e+00 -7.570698242187500426e+00 -1.412011816406250020e+01 0.000000000000000000e+00 0.000000000000000000e+00 -3.160033691406249901e+00 -5.762315429687499879e+00 0.000000000000000000e+00 0.000000000000000000e+00 -9.599416351318360019e-02 -1.602010650634765609e-01
1.715000363097763538e+09 3.240000000000000213e+00 -7.570698242187500426e+00 -1.412011816406250020e+01 0.000000000000000000e+00 0.000000000000000000e+00 -3.160033691406249901e+00 -5.762315429687499879e+00 0.000000000000000000e+00 0.000000000000000000e+00 -9.599416351318360019e-02 -1.602010650634765609e-01
1.715000363104216099e+09 3.240000000000000213e+00 -7.570698242187500426e+00 -1.412011816406250020e+01 0.000000000000000000e+00 0.000000000000000000e+00 -3.160033691406249901e+00 -5.762315429687499879e+00 0.000000000000000000e+00 0.000000000000000000e+00 -9.599416351318360019e-02 -1.602010650634765609e-01
1.715000363112932682e+09 3.240000000000000213e+00 -7.570698242187500426e+00 -1.412011816406250020e+01 0.000000000000000000e+00 0.000000000000000000e+00 -3.160033691406249901e+00 -5.762315429687499879e+00 0.000000000000000000e+00 0.000000000000000000e+00 -9.599416351318360019e-02 -1.602010650634765609e-01
1.715000363123159647e+09 3.240000000000000213e+00 -7.570698242187500426e+00 -1.412011816406250020e+01 0.000000000000000000e+00 0.000000000000000000e+00 -3.160033691406249901e+00 -5.762315429687499879e+00 0.000000000000000000e+00 0.000000000000000000e+00 -9.599416351318360019e-02 -1.602010650634765609e-01
1.715000363133314610e+09 3.240000000000000213e+00 -7.570698242187500426e+00 -1.412011816406250020e+01 0.000000000000000000e+00 0.000000000000000000e+00 -3.160033691406249901e+00 -5.762315429687499879e+00 0.000000000000000000e+00 0.000000000000000000e+00 -9.599416351318360019e-02 -1.602010650634765609e-01
1.715000363141397715e+09 3.240000000000000213e+00 -7.570698242187500426e+00 -1.412011816406250020e+01 0.000000000000000000e+00 0.000000000000000000e+00 -3.160033691406249901e+00 -5.762315429687499879e+00 0.000000000000000000e+00 0.000000000000000000e+00 -9.599416351318360019e-02 -1.602010650634765609e-01
1.715000363152784586e+09 3.240000000000000213e+00 -7.570698242187500426e+00 -1.412011816406250020e+01 0.000000000000000000e+00 0.000000000000000000e+00 -3.160033691406249901e+00 -5.762315429687499879e+00 0.000000000000000000e+00 0.000000000000000000e+00 -9.599416351318360019e-02 -1.602010650634765609e-01
1.715000363162278175e+09 3.240000000000000213e+00 -7.570698242187500426e+00 -1.412011816406250020e+01 0.000000000000000000e+00 0.000000000000000000e+00 -3.160033691406249901e+00 -5.762315429687499879e+00 0.000000000000000000e+00 0.000000000000000000e+00 -9.599416351318360019e-02 -1.602010650634765609e-01
1.715000363171570778e+09 3.240000000000000213e+00 -7.570698242187500426e+00 -1.412011816406250020e+01 0.000000000000000000e+00 0.000000000000000000e+00 -3.160033691406249901e+00 -5.762315429687499879e+00 0.000000000000000000e+00 0.000000000000000000e+00 -9.599416351318360019e-02 -1.602010650634765609e-01
1.715000363182568550e+09 3.240000000000000213e+00 -7.570698242187500426e+00 -1.412011816406250020e+01 0.000000000000000000e+00 0.000000000000000000e+00 -3.160033691406249901e+00 -5.762315429687499879e+00 0.000000000000000000e+00 0.000000000000000000e+00 -9.599416351318360019e-02 -1.602010650634765609e-01
1.715000363190925121e+09 3.240000000000000213e+00 -7.570698242187500426e+00 -1.412011816406250020e+01 0.000000000000000000e+00 0.000000000000000000e+00 -3.160033691406249901e+00 -5.762315429687499879e+00 0.000000000000000000e+00 0.000000000000000000e+00 -9.599416351318360019e-02 -1.602010650634765609e-01
1.715000363202416897e+09 3.240000000000000213e+00 -7.570698242187500426e+00 -1.412011816406250020e+01 0.000000000000000000e+00 0.000000000000000000e+00 -3.160033691406249901e+00 -5.762315429687499879e+00 0.000000000000000000e+00 0.000000000000000000e+00 -9.599416351318360019e-02 -1.602010650634765609e-01
1.715000363211514235e+09 3.240000000000000213e+00 -7.570698242187500426e+00 -1.412011816406250020e+01 0.000000000000000000e+00 0.000000000000000000e+00 -3.160033691406249901e+00 -5.762315429687499879e+00 0.000000000000000000e+00 0.000000000000000000e+00 -9.599416351318360019e-02 -1.602010650634765609e-01
1.715000363221117258e+09 3.240000000000000213e+00 -7.570698242187500426e+00 -1.412011816406250020e+01 0.000000000000000000e+00 0.000000000000000000e+00 -3.160033691406249901e+00 -5.762315429687499879e+00 0.000000000000000000e+00 0.000000000000000000e+00 -9.599416351318360019e-02 -1.602010650634765609e-01
1.715000363232702255e+09 3.240000000000000213e+00 -7.570698242187500426e+00 -1.412011816406250020e+01 0.000000000000000000e+00 0.000000000000000000e+00 -3.160033691406249901e+00 -5.762315429687499879e+00 0.000000000000000000e+00 0.000000000000000000e+00 -9.599416351318360019e-02 -1.602010650634765609e-01
1.715000363243134499e+09 3.240000000000000213e+00 -7.570698242187500426e+00 -1.412011816406250020e+01 0.000000000000000000e+00 0.000000000000000000e+00 -3.160033691406249901e+00 -5.762315429687499879e+00 0.000000000000000000e+00 0.000000000000000000e+00 -9.599416351318360019e-02 -1.602010650634765609e-01
1.715000363251958370e+09 3.240000000000000213e+00 -7.570698242187500426e+00 -1.412011816406250020e+01 0.000000000000000000e+00 0.000000000000000000e+00 -3.160033691406249901e+00 -5.762315429687499879e+00 0.000000000000000000e+00 0.000000000000000000e+00 -9.599416351318360019e-02 -1.602010650634765609e-01
1.715000363262551546e+09 3.240000000000000213e+00 -7.570698242187500426e+00 -1.412011816406250020e+01 0.000000000000000000e+00 0.000000000000000000e+00 -3.160033691406249901e+00 -5.762315429687499879e+00 0.000000000000000000e+00 0.000000000000000000e+00 -9.599416351318360019e-02 -1.602010650634765609e-01
1.715000363273539782e+09 3.240000000000000213e+00 -7.570698242187500426e+00 -1.412011816406250020e+01 0.000000000000000000e+00 0.000000000000000000e+00 -3.160033691406249901e+00 -5.762315429687499879e+00 0.000000000000000000e+00 0.000000000000000000e+00 -9.599416351318360019e-02 -1.602010650634765609e-01
1.715000363284377813e+09 3.240000000000000213e+00 -7.570698242187500426e+00 -1.412011816406250020e+01 0.000000000000000000e+00 0.000000000000000000e+00 -3.160033691406249901e+00 -5.762315429687499879e+00 0.000000000000000000e+00 0.000000000000000000e+00 -9.599416351318360019e-02 -1.602010650634765609e-01
1.715000363292600632e+09 3.240000000000000213e+00 -7.570698242187500426e+00 -1.412011816406250020e+01 0.000000000000000000e+00 0.000000000000000000e+00 -3.160033691406249901e+00 -5.762315429687499879e+00 0.000000000000000000e+00 0.000000000000000000e+00 -9.599416351318360019e-02 -1.602010650634765609e-01
1.715000363303666592e+09 3.240000000000000213e+00 -7.570698242187500426e+00 -1.412011816406250020e+01 0.000000000000000000e+00 0.000000000000000000e+00 -3.160033691406249901e+00 -5.762315429687499879e+00 0.000000000000000000e+00 0.000000000000000000e+00 -9.599416351318360019e-02 -1.602010650634765609e-01
1.715000363314425707e+09 3.240000000000000213e+00 -7.570698242187500426e+00 -1.412011816406250020e+01 0.000000000000000000e+00 0.000000000000000000e+00 -3.160033691406249901e+00 -5.762315429687499879e+00 0.000000000000000000e+00 0.000000000000000000e+00 -9.599416351318360019e-02 -1.602010650634765609e-01
1.715000363323178053e+09 3.240000000000000213e+00 -7.570698242187500426e+00 -1.412011816406250020e+01 0.000000000000000000e+00 0.000000000000000000e+00 -3.160033691406249901e+00 -5.762315429687499879e+00 0.000000000000000000e+00 0.000000000000000000e+00 -9.599416351318360019e-02 -1.602010650634765609e-01
1.715000363332398891e+09 3.240000000000000213e+00 -7.570698242187500426e+00 -1.412011816406250020e+01 0.000000000000000000e+00 0.000000000000000000e+00 -3.160033691406249901e+00 -5.762315429687499879e+00 0.000000000000000000e+00 0.000000000000000000e+00 -9.599416351318360019e-02 -1.602010650634765609e-01
1.715000363342602491e+09 3.240000000000000213e+00 -7.570698242187500426e+00 -1.412011816406250020e+01 0.000000000000000000e+00 0.000000000000000000e+00 -3.160033691406249901e+00 -5.762315429687499879e+00 0.000000000000000000e+00 0.000000000000000000e+00 -9.599416351318360019e-02 -1.602010650634765609e-01
1.715000363352777243e+09 3.240000000000000213e+00 -7.602314453125000426e+00 -1.417776660156249946e+01 0.000000000000000000e+00 0.000000000000000000e+00 -3.162704101562499925e+00 -5.766426269531249815e+00 0.000000000000000000e+00 0.000000000000000000e+00 -4.768358612060547008e-02 -5.745849609374999861e-02
1.715000363363557577e+09 3.240000000000000213e+00 -7.602314453125000426e+00 -1.417776660156249946e+01 0.000000000000000000e+00 0.000000000000000000e+00 -3.162704101562499925e+00 -5.766426269531249815e+00 0.000000000000000000e+00 0.000000000000000000e+00 -4.768358612060547008e-02 -5.745849609374999861e-02
1.715000363374282122e+09 3.240000000000000213e+00 -7.602314453125000426e+00 -1.417776660156249946e+01 0.000000000000000000e+00 0.000000000000000000e+00 -3.162704101562499925e+00 -5.766426269531249815e+00 0.000000000000000000e+00 0.000000000000000000e+00 -4.768358612060547008e-02 -5.745849609374999861e-02
1.715000363383394957e+09 3.240000000000000213e+00 -7.602314453125000426e+00 -1.417776660156249946e+01 0.000000000000000000e+00 0.000000000000000000e+00 -3.162704101562499925e+00 -5.766426269531249815e+00 0.000000000000000000e+00 0.000000000000000000e+00 -4.768358612060547008e-02 -5.745849609374999861e-02
1.715000363390998840e+09 3.240000000000000213e+00 -7.602314453125000426e+00 -1.417776660156249946e+01 0.000000000000000000e+00 0.000000000000000000e+00 -3.162704101562499925e+00 -5.766426269531249815e+00 0.000000000000000000e+00 0.000000000000000000e+00 -4.768358612060547008e-02 -5.745849609374999861e-02
1.715000363402802706e+09 3.240000000000000213e+00 -7.602314453125000426e+00 -1.417776660156249946e+01 0.000000000000000000e+00 0.000000000000000000e+00 -3.162704101562499925e+00 -5.766426269531249815e+00 0.000000000000000000e+00 0.000000000000000000e+00 -4.768358612060547008e-02 -5.745849609374999861e-02
1.715000363411385536e+09 3.240000000000000213e+00 -7.602314453125000426e+00 -1.417776660156249946e+01 0.000000000000000000e+00 0.000000000000000000e+00 -3.162704101562499925e+00 -5.766426269531249815e+00 0.000000000000000000e+00 0.000000000000000000e+00 -4.768358612060547008e-02 -5.745849609374999861e-02
1.715000363423433065e+09 3.240000000000000213e+00 -7.602314453125000426e+00 -1.417776660156249946e+01 0.000000000000000000e+00 0.000000000000000000e+00 -3.162704101562499925e+00 -5.766426269531249815e+00 0.000000000000000000e+00 0.000000000000000000e+00 -4.768358612060547008e-02 -5.745849609374999861e-02
1.715000363433217525e+09 3.240000000000000213e+00 -7.602314453125000426e+00 -1.417776660156249946e+01 0.000000000000000000e+00 0.000000000000000000e+00 -3.162704101562499925e+00 -5.766426269531249815e+00 0.000000000000000000e+00 0.000000000000000000e+00 -4.768358612060547008e-02 -5.745849609374999861e-02
1.715000363443778992e+09 3.240000000000000213e+00 -7.602314453125000426e+00 -1.417776660156249946e+01 0.000000000000000000e+00 0.000000000000000000e+00 -3.162704101562499925e+00 -5.766426269531249815e+00 0.000000000000000000e+00 0.000000000000000000e+00 -4.768358612060547008e-02 -5.745849609374999861e-02
1.715000363453688383e+09 3.240000000000000213e+00 -7.602314453125000426e+00 -1.417776660156249946e+01 0.000000000000000000e+00 0.000000000000000000e+00 -3.162704101562499925e+00 -5.766426269531249815e+00 0.000000000000000000e+00 0.000000000000000000e+00 -4.768358612060547008e-02 -5.745849609374999861e-02
1.715000363463820457e+09 3.240000000000000213e+00 -7.602314453125000426e+00 -1.417776660156249946e+01 0.000000000000000000e+00 0.000000000000000000e+00 -3.162704101562499925e+00 -5.766426269531249815e+00 0.000000000000000000e+00 0.000000000000000000e+00 -4.768358612060547008e-02 -5.745849609374999861e-02
1.715000363474849224e+09 3.240000000000000213e+00 -7.602314453125000426e+00 -1.417776660156249946e+01 0.000000000000000000e+00 0.000000000000000000e+00 -3.162704101562499925e+00 -5.766426269531249815e+00 0.000000000000000000e+00 0.000000000000000000e+00 -4.768358612060547008e-02 -5.745849609374999861e-02
1.715000363485548258e+09 3.240000000000000213e+00 -7.602314453125000426e+00 -1.417776660156249946e+01 0.000000000000000000e+00 0.000000000000000000e+00 -3.162704101562499925e+00 -5.766426269531249815e+00 0.000000000000000000e+00 0.000000000000000000e+00 -4.768358612060547008e-02 -5.745849609374999861e-02
1.715000363493130922e+09 3.240000000000000213e+00 -7.602314453125000426e+00 -1.417776660156249946e+01 0.000000000000000000e+00 0.000000000000000000e+00 -3.162704101562499925e+00 -5.766426269531249815e+00 0.000000000000000000e+00 0.000000000000000000e+00 -4.768358612060547008e-02 -5.745849609374999861e-02
1.715000363502387762e+09 3.240000000000000213e+00 -7.602314453125000426e+00 -1.417776660156249946e+01 0.000000000000000000e+00 0.000000000000000000e+00 -3.162704101562499925e+00 -5.766426269531249815e+00 0.000000000000000000e+00 0.000000000000000000e+00 -4.768358612060547008e-02 -5.745849609374999861e-02
1.715000363513384581e+09 3.240000000000000213e+00 -7.602314453125000426e+00 -1.417776660156249946e+01 0.000000000000000000e+00 0.000000000000000000e+00 -3.162704101562499925e+00 -5.766426269531249815e+00 0.000000000000000000e+00 0.000000000000000000e+00 -4.768358612060547008e-02 -5.745849609374999861e-02
1.715000363523470879e+09 3.240000000000000213e+00 -7.602314453125000426e+00 -1.417776660156249946e+01 0.000000000000000000e+00 0.000000000000000000e+00 -3.162704101562499925e+00 -5.766426269531249815e+00 0.000000000000000000e+00 0.000000000000000000e+00 -4.768358612060547008e-02 -5.745849609374999861e-02
1.715000363531123638e+09 3.240000000000000213e+00 -7.602314453125000426e+00 -1.417776660156249946e+01 0.000000000000000000e+00 0.000000000000000000e+00 -3.162704101562499925e+00 -5.766426269531249815e+00 0.000000000000000000e+00 0.000000000000000000e+00 -4.768358612060547008e-02 -5.745849609374999861e-02
1.715000363541888714e+09 3.240000000000000213e+00 -7.602314453125000426e+00 -1.417776660156249946e+01 0.000000000000000000e+00 0.000000000000000000e+00 -3.162704101562499925e+00 -5.766426269531249815e+00 0.000000000000000000e+00 0.000000000000000000e+00 -4.768358612060547008e-02 -5.745849609374999861e-02
1.715000363554292440e+09 3.240000000000000213e+00 -7.602314453125000426e+00 -1.417776660156249946e+01 0.000000000000000000e+00 0.000000000000000000e+00 -3.162704101562499925e+00 -5.766426269531249815e+00 0.000000000000000000e+00 0.000000000000000000e+00 -4.768358612060547008e-02 -5.745849609374999861e-02
1.715000363562128544e+09 3.240000000000000213e+00 -7.602314453125000426e+00 -1.417776660156249946e+01 0.000000000000000000e+00 0.000000000000000000e+00 -3.162704101562499925e+00 -5.766426269531249815e+00 0.000000000000000000e+00 0.000000000000000000e+00 -4.768358612060547008e-02 -5.745849609374999861e-02
1.715000363587012768e+09 3.240000000000000213e+00 -7.602314453125000426e+00 -1.417776660156249946e+01 0.000000000000000000e+00 0.000000000000000000e+00 -3.162704101562499925e+00 -5.766426269531249815e+00 0.000000000000000000e+00 0.000000000000000000e+00 -4.768358612060547008e-02 -5.745849609374999861e-02
1.715000363593910217e+09 3.240000000000000213e+00 -7.602314453125000426e+00 -1.417776660156249946e+01 0.000000000000000000e+00 0.000000000000000000e+00 -3.162704101562499925e+00 -5.766426269531249815e+00 0.000000000000000000e+00 0.000000000000000000e+00 -4.768358612060547008e-02 -5.745849609374999861e-02
1.715000363630665302e+09 3.240000000000000213e+00 -7.602314453125000426e+00 -1.417776660156249946e+01 0.000000000000000000e+00 0.000000000000000000e+00 -3.162704101562499925e+00 -5.766426269531249815e+00 0.000000000000000000e+00 0.000000000000000000e+00 -4.768358612060547008e-02 -5.745849609374999861e-02
1.715000363637392044e+09 3.240000000000000213e+00 -7.602314453125000426e+00 -1.417776660156249946e+01 0.000000000000000000e+00 0.000000000000000000e+00 -3.162704101562499925e+00 -5.766426269531249815e+00 0.000000000000000000e+00 0.000000000000000000e+00 -4.768358612060547008e-02 -5.745849609374999861e-02
1.715000363642907143e+09 3.240000000000000213e+00 -7.602314453125000426e+00 -1.417776660156249946e+01 0.000000000000000000e+00 0.000000000000000000e+00 -3.162704101562499925e+00 -5.766426269531249815e+00 0.000000000000000000e+00 0.000000000000000000e+00 -4.768358612060547008e-02 -5.745849609374999861e-02
1.715000363655228376e+09 3.240000000000000213e+00 -7.602314453125000426e+00 -1.417776660156249946e+01 0.000000000000000000e+00 0.000000000000000000e+00 -3.162704101562499925e+00 -5.766426269531249815e+00 0.000000000000000000e+00 0.000000000000000000e+00 -4.768358612060547008e-02 -5.745849609374999861e-02
