3.800000000000000044e-01 2.454601836602551934e+00 0.000000000000000000e+00 0.000000000000000000e+00 0.000000000000000000e+00 0.000000000000000000e+00 0.000000000000000000e+00 0.000000000000000000e+00 0.000000000000000000e+00 0.000000000000000000e+00 0.000000000000000000e+00 0.000000000000000000e+00
3.900000000000000133e-01 2.454601836602551934e+00 0.000000000000000000e+00 0.000000000000000000e+00 0.000000000000000000e+00 0.000000000000000000e+00 0.000000000000000000e+00 0.000000000000000000e+00 0.000000000000000000e+00 0.000000000000000000e+00 0.000000000000000000e+00 0.000000000000000000e+00
4.000000000000000222e-01 2.454601836602551934e+00 0.000000000000000000e+00 0.000000000000000000e+00 0.000000000000000000e+00 0.000000000000000000e+00 0.000000000000000000e+00 0.000000000000000000e+00 0.000000000000000000e+00 0.000000000000000000e+00 0.000000000000000000e+00 0.000000000000000000e+00
4.100000000000000311e-01 2.454601836602551934e+00 0.000000000000000000e+00 0.000000000000000000e+00 0.000000000000000000e+00 0.000000000000000000e+00 0.000000000000000000e+00 0.000000000000000000e+00 0.000000000000000000e+00 0.000000000000000000e+00 0.000000000000000000e+00 0.000000000000000000e+00
4.200000000000000400e-01 2.454601836602551934e+00 0.000000000000000000e+00 0.000000000000000000e+00 0.000000000000000000e+00 0.000000000000000000e+00 0.000000000000000000e+00 0.000000000000000000e+00 0.000000000000000000e+00 0.000000000000000000e+00 0.000000000000000000e+00 0.000000000000000000e+00
4.300000000000000488e-01 2.454601836602551934e+00 0.000000000000000000e+00 0.000000000000000000e+00 0.000000000000000000e+00 0.000000000000000000e+00 0.000000000000000000e+00 0.000000000000000000e+00 0.000000000000000000e+00 0.000000000000000000e+00 0.000000000000000000e+00 0.000000000000000000e+00
4.400000000000000022e-01 2.454601836602551934e+00 0.000000000000000000e+00 0.000000000000000000e+00 0.000000000000000000e+00 0.000000000000000000e+00 0.000000000000000000e+00 0.000000000000000000e+00 0.000000000000000000e+00 0.000000000000000000e+00 0.000000000000000000e+00 0.000000000000000000e+00
4.500000000000000111e-01 2.454601836602551934e+00 0.000000000000000000e+00 0.000000000000000000e+00 0.000000000000000000e+00 0.000000000000000000e+00 0.000000000000000000e+00 0.000000000000000000e+00 0.000000000000000000e+00 0.000000000000000000e+00 0.000000000000000000e+00 0.000000000000000000e+00
4.600000000000000200e-01 2.454601836602551934e+00 0.000000000000000000e+00 0.000000000000000000e+00 0.000000000000000000e+00 0.000000000000000000e+00 0.000000000000000000e+00 0.000000000000000000e+00 0.000000000000000000e+00 0.000000000000000000e+00 0.000000000000000000e+00 0.000000000000000000e+00
4.700000000000000289e-01 2.454601836602551934e+00 0.000000000000000000e+00 0.000000000000000000e+00 0.000000000000000000e+00 0.000000000000000000e+00 0.000000000000000000e+00 0.000000000000000000e+00 0.000000000000000000e+00 0.000000000000000000e+00 0.000000000000000000e+00 0.000000000000000000e+00
4.800000000000000377e-01 2.454601836602551934e+00 0.000000000000000000e+00 0.000000000000000000e+00 0.000000000000000000e+00 0.000000000000000000e+00 0.000000000000000000e+00 0.000000000000000000e+00 0.000000000000000000e+00 0.000000000000000000e+00 0.000000000000000000e+00 0.000000000000000000e+00
4.900000000000000466e-01 2.454601836602551934e+00 0.000000000000000000e+00 0.000000000000000000e+00 0.000000000000000000e+00 0.000000000000000000e+00 0.000000000000000000e+00 0.000000000000000000e+00 0.000000000000000000e+00 0.000000000000000000e+00 0.000000000000000000e+00 0.000000000000000000e+00
5.000000000000000000e-01 2.454601836602551934e+00 0.000000000000000000e+00 0.000000000000000000e+00 0.000000000000000000e+00 0.000000000000000000e+00 0.000000000000000000e+00 0.000000000000000000e+00 0.000000000000000000e+00 0.000000000000000000e+00 0.000000000000000000e+00 0.000000000000000000e+00
5.104999989999999821e-01 2.454601836602551934e+00 0.000000000000000000e+00 0.000000000000000000e+00 0.000000000000000000e+00 0.000000000000000000e+00 0.000000000000000000e+00 0.000000000000000000e+00 0.000000000000000000e+00 0.000000000000000000e+00 0.000000000000000000e+00 0.000000000000000000e+00
5.204999989999999910e-01 2.454601836602551934e+00 0.000000000000000000e+00 0.000000000000000000e+00 0.000000000000000000e+00 0.000000000000000000e+00 0.000000000000000000e+00 0.000000000000000000e+00 0.000000000000000000e+00 0.000000000000000000e+00 0.000000000000000000e+00 0.000000000000000000e+00
5.304999989999999999e-01 2.454601836602551934e+00 0.000000000000000000e+00 0.000000000000000000e+00 0.000000000000000000e+00 0.000000000000000000e+00 0.000000000000000000e+00 0.000000000000000000e+00 0.000000000000000000e+00 0.000000000000000000e+00 0.000000000000000000e+00 0.000000000000000000e+00
5.404999990000000087e-01 2.454601836602551934e+00 0.000000000000000000e+00 0.000000000000000000e+00 0.000000000000000000e+00 0.000000000000000000e+00 0.000000000000000000e+00 0.000000000000000000e+00 0.000000000000000000e+00 0.000000000000000000e+00 0.000000000000000000e+00 0.000000000000000000e+00
5.504999990000000176e-01 2.454601836602551934e+00 0.000000000000000000e+00 0.000000000000000000e+00 0.000000000000000000e+00 0.000000000000000000e+00 0.000000000000000000e+00 0.000000000000000000e+00 0.000000000000000000e+00 0.000000000000000000e+00 0.000000000000000000e+00 0.000000000000000000e+00
5.604999990000000265e-01 2.454601836602551934e+00 0.000000000000000000e+00 0.000000000000000000e+00 0.000000000000000000e+00 0.000000000000000000e+00 0.000000000000000000e+00 0.000000000000000000e+00 0.000000000000000000e+00 0.000000000000000000e+00 0.000000000000000000e+00 0.000000000000000000e+00
5.704999990000000354e-01 2.454601836602551934e+00 0.000000000000000000e+00 0.000000000000000000e+00 0.000000000000000000e+00 0.000000000000000000e+00 0.000000000000000000e+00 0.000000000000000000e+00 0.000000000000000000e+00 0.000000000000000000e+00 0.000000000000000000e+00 0.000000000000000000e+00
5.804999990000000443e-01 2.454601836602551934e+00 0.000000000000000000e+00 0.000000000000000000e+00 0.000000000000000000e+00 0.000000000000000000e+00 0.000000000000000000e+00 0.000000000000000000e+00 0.000000000000000000e+00 0.000000000000000000e+00 0.000000000000000000e+00 0.000000000000000000e+00
5.904999990000000532e-01 2.454601836602551934e+00 0.000000000000000000e+00 0.000000000000000000e+00 0.000000000000000000e+00 0.000000000000000000e+00 0.000000000000000000e+00 0.000000000000000000e+00 0.000000000000000000e+00 0.000000000000000000e+00 0.000000000000000000e+00 0.000000000000000000e+00
6.004999990000000620e-01 2.454601836602551934e+00 0.000000000000000000e+00 0.000000000000000000e+00 0.000000000000000000e+00 0.000000000000000000e+00 0.000000000000000000e+00 0.000000000000000000e+00 0.000000000000000000e+00 0.000000000000000000e+00 0.000000000000000000e+00 0.000000000000000000e+00
6.104999990000000709e-01 2.454601836602551934e+00 0.000000000000000000e+00 0.000000000000000000e+00 0.000000000000000000e+00 0.000000000000000000e+00 0.000000000000000000e+00 0.000000000000000000e+00 0.000000000000000000e+00 0.000000000000000000e+00 0.000000000000000000e+00 0.000000000000000000e+00
6.204999990000000798e-01 2.454601836602551934e+00 0.000000000000000000e+00 0.000000000000000000e+00 0.000000000000000000e+00 0.000000000000000000e+00 0.000000000000000000e+00 0.000000000000000000e+00 0.000000000000000000e+00 0.000000000000000000e+00 0.000000000000000000e+00 0.000000000000000000e+00
6.304999990000000887e-01 2.454601836602551934e+00 0.000000000000000000e+00 0.000000000000000000e+00 0.000000000000000000e+00 0.000000000000000000e+00 0.000000000000000000e+00 0.000000000000000000e+00 0.000000000000000000e+00 0.000000000000000000e+00 0.000000000000000000e+00 0.000000000000000000e+00
6.404999989999999865e-01 2.454601836602551934e+00 0.000000000000000000e+00 0.000000000000000000e+00 0.000000000000000000e+00 0.000000000000000000e+00 0.000000000000000000e+00 0.000000000000000000e+00 0.000000000000000000e+00 0.000000000000000000e+00 0.000000000000000000e+00 0.000000000000000000e+00
6.504999989999999954e-01 2.454601836602551934e+00 0.000000000000000000e+00 0.000000000000000000e+00 0.000000000000000000e+00 0.000000000000000000e+00 0.000000000000000000e+00 0.000000000000000000e+00 0.000000000000000000e+00 0.000000000000000000e+00 0.000000000000000000e+00 0.000000000000000000e+00
6.604999990000000043e-01 2.454601836602551934e+00 0.000000000000000000e+00 0.000000000000000000e+00 0.000000000000000000e+00 0.000000000000000000e+00 0.000000000000000000e+00 0.000000000000000000e+00 0.000000000000000000e+00 0.000000000000000000e+00 0.000000000000000000e+00 0.000000000000000000e+00
6.704999990000000132e-01 2.454601836602551934e+00 0.000000000000000000e+00 0.000000000000000000e+00 0.000000000000000000e+00 0.000000000000000000e+00 0.000000000000000000e+00 0.000000000000000000e+00 0.000000000000000000e+00 0.000000000000000000e+00 0.000000000000000000e+00 0.000000000000000000e+00
6.804999990000000221e-01 2.454601836602551934e+00 0.000000000000000000e+00 0.000000000000000000e+00 0.000000000000000000e+00 0.000000000000000000e+00 0.000000000000000000e+00 0.000000000000000000e+00 0.000000000000000000e+00 0.000000000000000000e+00 0.000000000000000000e+00 0.000000000000000000e+00
6.904999990000000309e-01 2.454601836602551934e+00 0.000000000000000000e+00 0.000000000000000000e+00 0.000000000000000000e+00 0.000000000000000000e+00 0.000000000000000000e+00 0.000000000000000000e+00 0.000000000000000000e+00 0.000000000000000000e+00 0.000000000000000000e+00 0.000000000000000000e+00
7.004999990000000398e-01 2.454601836602551934e+00 0.000000000000000000e+00 0.000000000000000000e+00 0.000000000000000000e+00 0.000000000000000000e+00 0.000000000000000000e+00 0.000000000000000000e+00 0.000000000000000000e+00 0.000000000000000000e+00 0.000000000000000000e+00 0.000000000000000000e+00
7.104999990000000487e-01 2.454601836602551934e+00 0.000000000000000000e+00 0.000000000000000000e+00 0.000000000000000000e+00 0.000000000000000000e+00 0.000000000000000000e+00 0.000000000000000000e+00 0.000000000000000000e+00 0.000000000000000000e+00 0.000000000000000000e+00 0.000000000000000000e+00
7.204999990000000576e-01 2.454601836602551934e+00 0.000000000000000000e+00 0.000000000000000000e+00 0.000000000000000000e+00 0.000000000000000000e+00 0.000000000000000000e+00 0.000000000000000000e+00 0.000000000000000000e+00 0.000000000000000000e+00 0.000000000000000000e+00 0.000000000000000000e+00
7.304999990000000665e-01 2.454601836602551934e+00 0.000000000000000000e+00 0.000000000000000000e+00 0.000000000000000000e+00 0.000000000000000000e+00 0.000000000000000000e+00 0.000000000000000000e+00 0.000000000000000000e+00 0.000000000000000000e+00 0.000000000000000000e+00 0.000000000000000000e+00
7.404999990000000754e-01 2.454601836602551934e+00 0.000000000000000000e+00 0.000000000000000000e+00 0.000000000000000000e+00 0.000000000000000000e+00 0.000000000000000000e+00 0.000000000000000000e+00 0.000000000000000000e+00 0.000000000000000000e+00 0.000000000000000000e+00 0.000000000000000000e+00
7.504999990000000842e-01 2.454601836602551934e+00 0.000000000000000000e+00 0.000000000000000000e+00 0.000000000000000000e+00 0.000000000000000000e+00 0.000000000000000000e+00 0.000000000000000000e+00 0.000000000000000000e+00 0.000000000000000000e+00 0.000000000000000000e+00 0.000000000000000000e+00
7.604999990000000931e-01 2.454601836602551934e+00 0.000000000000000000e+00 0.000000000000000000e+00 0.000000000000000000e+00 0.000000000000000000e+00 0.000000000000000000e+00 0.000000000000000000e+00 0.000000000000000000e+00 0.000000000000000000e+00 0.000000000000000000e+00 0.000000000000000000e+00
7.704999990000001020e-01 2.454601836602551934e+00 0.000000000000000000e+00 0.000000000000000000e+00 0.000000000000000000e+00 0.000000000000000000e+00 0.000000000000000000e+00 0.000000000000000000e+00 0.000000000000000000e+00 0.000000000000000000e+00 0.000000000000000000e+00 0.000000000000000000e+00
7.804999989999999999e-01 2.454601836602551934e+00 0.000000000000000000e+00 0.000000000000000000e+00 0.000000000000000000e+00 0.000000000000000000e+00 0.000000000000000000e+00 0.000000000000000000e+00 0.000000000000000000e+00 0.000000000000000000e+00 0.000000000000000000e+00 0.000000000000000000e+00
7.904999990000000087e-01 2.454601836602551934e+00 0.000000000000000000e+00 0.000000000000000000e+00 0.000000000000000000e+00 0.000000000000000000e+00 0.000000000000000000e+00 0.000000000000000000e+00 0.000000000000000000e+00 0.000000000000000000e+00 0.000000000000000000e+00 0.000000000000000000e+00
8.004999990000000176e-01 2.454601836602551934e+00 0.000000000000000000e+00 0.000000000000000000e+00 0.000000000000000000e+00 0.000000000000000000e+00 0.000000000000000000e+00 0.000000000000000000e+00 0.000000000000000000e+00 0.000000000000000000e+00 0.000000000000000000e+00 0.000000000000000000e+00
8.104999990000000265e-01 2.454601836602551934e+00 0.000000000000000000e+00 0.000000000000000000e+00 0.000000000000000000e+00 0.000000000000000000e+00 0.000000000000000000e+00 0.000000000000000000e+00 0.000000000000000000e+00 0.000000000000000000e+00 0.000000000000000000e+00 0.000000000000000000e+00
8.204999990000000354e-01 2.454601836602551934e+00 0.000000000000000000e+00 0.000000000000000000e+00 0.000000000000000000e+00 0.000000000000000000e+00 0.000000000000000000e+00 0.000000000000000000e+00 0.000000000000000000e+00 0.000000000000000000e+00 0.000000000000000000e+00 0.000000000000000000e+00
8.304999990000000443e-01 2.454601836602551934e+00 0.000000000000000000e+00 0.000000000000000000e+00 0.000000000000000000e+00 0.000000000000000000e+00 0.000000000000000000e+00 0.000000000000000000e+00 0.000000000000000000e+00 0.000000000000000000e+00 0.000000000000000000e+00 0.000000000000000000e+00
8.404999990000000532e-01 2.454601836602551934e+00 0.000000000000000000e+00 0.000000000000000000e+00 0.000000000000000000e+00 0.000000000000000000e+00 0.000000000000000000e+00 0.000000000000000000e+00 0.000000000000000000e+00 0.000000000000000000e+00 0.000000000000000000e+00 0.000000000000000000e+00
8.504999990000000620e-01 2.454601836602551934e+00 0.000000000000000000e+00 0.000000000000000000e+00 0.000000000000000000e+00 0.000000000000000000e+00 0.000000000000000000e+00 0.000000000000000000e+00 0.000000000000000000e+00 0.000000000000000000e+00 0.000000000000000000e+00 0.000000000000000000e+00
8.604999990000000709e-01 2.454601836602551934e+00 0.000000000000000000e+00 0.000000000000000000e+00 0.000000000000000000e+00 0.000000000000000000e+00 0.000000000000000000e+00 0.000000000000000000e+00 0.000000000000000000e+00 0.000000000000000000e+00 0.000000000000000000e+00 0.000000000000000000e+00
8.704999990000000798e-01 2.454601836602551934e+00 0.000000000000000000e+00 0.000000000000000000e+00 0.000000000000000000e+00 0.000000000000000000e+00 0.000000000000000000e+00 0.000000000000000000e+00 0.000000000000000000e+00 0.000000000000000000e+00 0.000000000000000000e+00 0.000000000000000000e+00
8.804999990000000887e-01 2.454601836602551934e+00 0.000000000000000000e+00 0.000000000000000000e+00 0.000000000000000000e+00 0.000000000000000000e+00 0.000000000000000000e+00 0.000000000000000000e+00 0.000000000000000000e+00 0.000000000000000000e+00 0.000000000000000000e+00 0.000000000000000000e+00
8.904999990000000976e-01 2.454601836602551934e+00 0.000000000000000000e+00 0.000000000000000000e+00 0.000000000000000000e+00 0.000000000000000000e+00 0.000000000000000000e+00 0.000000000000000000e+00 0.000000000000000000e+00 0.000000000000000000e+00 0.000000000000000000e+00 0.000000000000000000e+00
9.004999990000001064e-01 2.454601836602551934e+00 0.000000000000000000e+00 0.000000000000000000e+00 0.000000000000000000e+00 0.000000000000000000e+00 0.000000000000000000e+00 0.000000000000000000e+00 0.000000000000000000e+00 0.000000000000000000e+00 0.000000000000000000e+00 0.000000000000000000e+00
9.104999990000000043e-01 2.454601836602551934e+00 0.000000000000000000e+00 0.000000000000000000e+00 0.000000000000000000e+00 0.000000000000000000e+00 0.000000000000000000e+00 0.000000000000000000e+00 0.000000000000000000e+00 0.000000000000000000e+00 0.000000000000000000e+00 0.000000000000000000e+00
9.204999990000000132e-01 2.454601836602551934e+00 0.000000000000000000e+00 0.000000000000000000e+00 0.000000000000000000e+00 0.000000000000000000e+00 0.000000000000000000e+00 0.000000000000000000e+00 0.000000000000000000e+00 0.000000000000000000e+00 0.000000000000000000e+00 0.000000000000000000e+00
9.304999990000000221e-01 1.217460114995705212e+01 0.000000000000000000e+00 0.000000000000000000e+00 8.999999523162841575e-01 8.999999523162841575e-01 0.000000000000000000e+00 0.000000000000000000e+00 0.000000000000000000e+00 0.000000000000000000e+00 0.000000000000000000e+00 0.000000000000000000e+00
9.404999990000000309e-01 1.217460114995705212e+01 0.000000000000000000e+00 0.000000000000000000e+00 8.999999523162841575e-01 8.999999523162841575e-01 0.000000000000000000e+00 0.000000000000000000e+00 0.000000000000000000e+00 0.000000000000000000e+00 0.000000000000000000e+00 0.000000000000000000e+00
9.504999990000000398e-01 1.217460114995705212e+01 0.000000000000000000e+00 0.000000000000000000e+00 8.999999523162841575e-01 8.999999523162841575e-01 0.000000000000000000e+00 0.000000000000000000e+00 0.000000000000000000e+00 0.000000000000000000e+00 0.000000000000000000e+00 0.000000000000000000e+00
9.604999990000000487e-01 1.217460114995705212e+01 0.000000000000000000e+00 0.000000000000000000e+00 8.999999523162841575e-01 8.999999523162841575e-01 0.000000000000000000e+00 0.000000000000000000e+00 0.000000000000000000e+00 0.000000000000000000e+00 0.000000000000000000e+00 0.000000000000000000e+00
9.704999990000000576e-01 1.217460114995705212e+01 0.000000000000000000e+00 0.000000000000000000e+00 8.999999523162841575e-01 8.999999523162841575e-01 0.000000000000000000e+00 0.000000000000000000e+00 0.000000000000000000e+00 0.000000000000000000e+00 0.000000000000000000e+00 0.000000000000000000e+00
9.804999990000000665e-01 1.217460114995705212e+01 0.000000000000000000e+00 0.000000000000000000e+00 8.999999523162841575e-01 8.999999523162841575e-01 0.000000000000000000e+00 0.000000000000000000e+00 0.000000000000000000e+00 0.000000000000000000e+00 0.000000000000000000e+00 0.000000000000000000e+00
9.904999990000000754e-01 1.217460114995705212e+01 0.000000000000000000e+00 0.000000000000000000e+00 8.999999523162841575e-01 8.999999523162841575e-01 0.000000000000000000e+00 0.000000000000000000e+00 0.000000000000000000e+00 0.000000000000000000e+00 0.000000000000000000e+00 0.000000000000000000e+00
1.000499999000000084e+00 1.217460114995705212e+01 0.000000000000000000e+00 0.000000000000000000e+00 8.999999523162841575e-01 8.999999523162841575e-01 0.000000000000000000e+00 0.000000000000000000e+00 0.000000000000000000e+00 0.000000000000000000e+00 0.000000000000000000e+00 0.000000000000000000e+00
1.010499999000000093e+00 1.217460114995705212e+01 0.000000000000000000e+00 0.000000000000000000e+00 8.999999523162841575e-01 8.999999523162841575e-01 0.000000000000000000e+00 0.000000000000000000e+00 0.000000000000000000e+00 0.000000000000000000e+00 0.000000000000000000e+00 0.000000000000000000e+00
1.020499999000000102e+00 1.217460114995705212e+01 0.000000000000000000e+00 0.000000000000000000e+00 8.999999523162841575e-01 8.999999523162841575e-01 0.000000000000000000e+00 0.000000000000000000e+00 0.000000000000000000e+00 0.000000000000000000e+00 0.000000000000000000e+00 0.000000000000000000e+00
1.030499999000000111e+00 1.217460114995705212e+01 1.378108678654860460e-08 0.000000000000000000e+00 8.999999523162841575e-01 8.999999523162841575e-01 9.409035069138627197e-06 0.000000000000000000e+00 0.000000000000000000e+00 0.000000000000000000e+00 1.881807013827815293e-03 0.000000000000000000e+00
1.040499999000000120e+00 1.217460114995705212e+01 1.111643963332609718e-06 0.000000000000000000e+00 8.999999523162841575e-01 8.999999523162841575e-01 2.862114293819927177e-04 0.000000000000000000e+00 0.000000000000000000e+00 0.000000000000000000e+00 4.126242885469451338e-02 0.000000000000000000e+00
1.050499999000000129e+00 1.217460114995705212e+01 8.661390879516724233e-06 0.000000000000000000e+00 8.999999523162841575e-01 8.999999523162841575e-01 1.323194751140985758e-03 0.000000000000000000e+00 0.000000000000000000e+00 0.000000000000000000e+00 1.267266625856718343e-01 0.000000000000000000e+00
1.060499999000000138e+00 1.217460114995705212e+01 3.128010530639760672e-05 0.000000000000000000e+00 8.999999523162841575e-01 8.999999523162841575e-01 3.243709213932306334e-03 0.000000000000000000e+00 0.000000000000000000e+00 0.000000000000000000e+00 2.132557255440309663e-01 0.000000000000000000e+00
1.070499999000000146e+00 1.217460114995705212e+01 7.711518149036820805e-05 0.000000000000000000e+00 8.999999523162841575e-01 8.999999523162841575e-01 5.894861873177691981e-03 0.000000000000000000e+00 0.000000000000000000e+00 0.000000000000000000e+00 2.807428611455417555e-01 0.000000000000000000e+00
1.080499999000000155e+00 1.217460114995705212e+01 1.522173437398619694e-04 0.000000000000000000e+00 8.999999523162841575e-01 8.999999523162841575e-01 9.003440707036576562e-03 0.000000000000000000e+00 0.000000000000000000e+00 0.000000000000000000e+00 3.165295634815165071e-01 0.000000000000000000e+00
1.090499999000000164e+00 1.217460114995705212e+01 2.583938269840557701e-04 0.000000000000000000e+00 8.999999523162841575e-01 8.999999523162841575e-01 1.204886903936920953e-02 0.000000000000000000e+00 0.000000000000000000e+00 0.000000000000000000e+00 3.005885078653104392e-01 0.000000000000000000e+00
1.100499999000000173e+00 1.217460114995705212e+01 3.938760445527172906e-04 0.000000000000000000e+00 8.999999523162841575e-01 8.999999523162841575e-01 1.487278114141000682e-02 0.000000000000000000e+00 0.000000000000000000e+00 0.000000000000000000e+00 2.776505537468546558e-01 0.000000000000000000e+00
1.110499998999999960e+00 1.217460114995705212e+01 5.568800954461334673e-04 0.000000000000000000e+00 8.999999523162841575e-01 8.999999523162841575e-01 1.760031739642791554e-02 0.000000000000000000e+00 0.000000000000000000e+00 0.000000000000000000e+00 2.740255142849138958e-01 0.000000000000000000e+00
1.120499998999999969e+00 1.217460114995705212e+01 7.481542778550688208e-04 0.000000000000000000e+00 8.999999523162841575e-01 8.999999523162841575e-01 2.058425488210589502e-02 0.000000000000000000e+00 0.000000000000000000e+00 0.000000000000000000e+00 3.105404149259666235e-01 0.000000000000000000e+00
1.130499998999999978e+00 1.217460114995705212e+01 9.720957024667248401e-04 0.000000000000000000e+00 8.999999523162841575e-01 8.999999523162841575e-01 2.413649290694547256e-02 0.000000000000000000e+00 0.000000000000000000e+00 0.000000000000000000e+00 3.726343152341378695e-01 0.000000000000000000e+00
1.140499998999999987e+00 1.217460114995705212e+01 1.234938777600819767e-03 0.000000000000000000e+00 8.999999523162841575e-01 8.999999523162841575e-01 2.832383554080353250e-02 0.000000000000000000e+00 0.000000000000000000e+00 0.000000000000000000e+00 4.344859733541547864e-01 0.000000000000000000e+00
1.150499998999999995e+00 1.217460114995705212e+01 1.542569833433539992e-03 0.000000000000000000e+00 8.999999523162841575e-01 8.999999523162841575e-01 3.304628213177222829e-02 0.000000000000000000e+00 0.000000000000000000e+00 0.000000000000000000e+00 4.842362596224004112e-01 0.000000000000000000e+00
1.160499999000000004e+00 1.217460114995705212e+01 1.899591644740237497e-03 0.000000000000000000e+00 8.999999523162841575e-01 8.999999523162841575e-01 3.812842612840335738e-02 0.000000000000000000e+00 0.000000000000000000e+00 0.000000000000000000e+00 5.131238662422923369e-01 0.000000000000000000e+00
1.170499999000000013e+00 1.217460114995705212e+01 2.306894794776858347e-03 0.000000000000000000e+00 8.999999523162841575e-01 8.999999523162841575e-01 4.303405422101692218e-02 0.000000000000000000e+00 0.000000000000000000e+00 0.000000000000000000e+00 4.836987034426196708e-01 0.000000000000000000e+00
1.180499999000000022e+00 1.217460114995705212e+01 2.761337995494262971e-03 0.000000000000000000e+00 8.999999523162841575e-01 8.999999523162841575e-01 4.757247830950724066e-02 0.000000000000000000e+00 0.000000000000000000e+00 0.000000000000000000e+00 4.459674698482666289e-01 0.000000000000000000e+00
1.190499999000000031e+00 1.217460114995705212e+01 3.259908677053170636e-03 0.000000000000000000e+00 8.999999523162841575e-01 8.999999523162841575e-01 5.192641040159714366e-02 0.000000000000000000e+00 0.000000000000000000e+00 0.000000000000000000e+00 4.357089721123956205e-01 0.000000000000000000e+00
1.200499999000000040e+00 1.217460114995705212e+01 3.802934506180519810e-03 0.000000000000000000e+00 8.999999523162841575e-01 8.999999523162841575e-01 5.652598436338439336e-02 0.000000000000000000e+00 0.000000000000000000e+00 0.000000000000000000e+00 4.723883432065753007e-01 0.000000000000000000e+00
1.210499999000000049e+00 1.217460114995705212e+01 4.394431800551329079e-03 0.000000000000000000e+00 8.999999523162841575e-01 8.999999523162841575e-01 6.161213544313346585e-02 0.000000000000000000e+00 0.000000000000000000e+00 0.000000000000000000e+00 5.237987857170545158e-01 0.000000000000000000e+00
1.220499999000000058e+00 1.217460114995705212e+01 5.039473410900239224e-03 0.000000000000000000e+00 8.999999523162841575e-01 8.999999523162841575e-01 6.719424343316048043e-02 0.000000000000000000e+00 0.000000000000000000e+00 0.000000000000000000e+00 5.703343946047776392e-01 0.000000000000000000e+00
1.230499999000000066e+00 1.217460114995705212e+01 5.742583626824138490e-03 0.000000000000000000e+00 8.999999523162841575e-01 8.999999523162841575e-01 7.319203766054564742e-02 0.000000000000000000e+00 0.000000000000000000e+00 0.000000000000000000e+00 6.093897921125822625e-01 0.000000000000000000e+00
1.240499999000000075e+00 1.217460114995705212e+01 6.507240153128349483e-03 0.000000000000000000e+00 8.999999523162841575e-01 8.999999523162841575e-01 7.941985682382217415e-02 0.000000000000000000e+00 0.000000000000000000e+00 0.000000000000000000e+00 6.227947705862115768e-01 0.000000000000000000e+00
1.250499999000000084e+00 1.217460114995705212e+01 7.332801089941142110e-03 0.000000000000000000e+00 8.999999523162841575e-01 8.999999523162841575e-01 8.532631653697979324e-02 0.000000000000000000e+00 0.000000000000000000e+00 0.000000000000000000e+00 5.812423897776162196e-01 0.000000000000000000e+00
1.260499999000000093e+00 1.217460114995705212e+01 8.215024516407671423e-03 0.000000000000000000e+00 8.999999523162841575e-01 8.999999523162841575e-01 9.078396956010377494e-02 0.000000000000000000e+00 0.000000000000000000e+00 0.000000000000000000e+00 5.368443873144853606e-01 0.000000000000000000e+00
1.270499999000000102e+00 1.217460114995705212e+01 9.150561956151237811e-03 0.000000000000000000e+00 8.999999523162841575e-01 8.999999523162841575e-01 9.607167603588334659e-02 0.000000000000000000e+00 0.000000000000000000e+00 0.000000000000000000e+00 5.306484894621741333e-01 0.000000000000000000e+00
1.280499999000000111e+00 1.217460114995705212e+01 1.014019275081178527e-02 0.000000000000000000e+00 8.999999523162841575e-01 8.999999523162841575e-01 1.016483671651143977e-01 0.000000000000000000e+00 0.000000000000000000e+00 0.000000000000000000e+00 5.698693667969483290e-01 0.000000000000000000e+00
1.290499999000000120e+00 1.217460114995705212e+01 1.118784618792644306e-02 0.000000000000000000e+00 8.999999523162841575e-01 8.999999523162841575e-01 1.076622357759814685e-01 0.000000000000000000e+00 0.000000000000000000e+00 0.000000000000000000e+00 6.147852269763223187e-01 0.000000000000000000e+00
1.300499999000000129e+00 1.217460114995705212e+01 1.229786360622462695e-02 0.000000000000000000e+00 8.999999523162841575e-01 8.999999523162841575e-01 1.140833415396642209e-01 0.000000000000000000e+00 0.000000000000000000e+00 0.000000000000000000e+00 6.519439356520746465e-01 0.000000000000000000e+00
1.310499999000000138e+00 1.217460114995705212e+01 1.347396916826495636e-02 0.000000000000000000e+00 8.999999523162841575e-01 8.999999523162841575e-01 1.208532476010473616e-01 0.000000000000000000e+00 0.000000000000000000e+00 0.000000000000000000e+00 6.852093757018795639e-01 0.000000000000000000e+00
1.320499999000000146e+00 1.217460114995705212e+01 1.471873118908407010e-02 0.000000000000000000e+00 8.999999523162841575e-01 8.999999523162841575e-01 1.277130062684770362e-01 0.000000000000000000e+00 0.000000000000000000e+00 0.000000000000000000e+00 6.804205701296324182e-01 0.000000000000000000e+00
1.330499999000000155e+00 1.217460114995705212e+01 1.602998093936139692e-02 0.000000000000000000e+00 8.999999523162841575e-01 8.999999523162841575e-01 1.341324804013397376e-01 0.000000000000000000e+00 0.000000000000000000e+00 0.000000000000000000e+00 6.305770834532408164e-01 0.000000000000000000e+00
1.340499999000000164e+00 1.217460114995705212e+01 1.740280363510465778e-02 0.000000000000000000e+00 8.999999523162841575e-01 8.999999523162841575e-01 1.400779637049322512e-01 0.000000000000000000e+00 0.000000000000000000e+00 0.000000000000000000e+00 5.861631769480639687e-01 0.000000000000000000e+00
1.350499999000000173e+00 1.217460114995705212e+01 1.883413827892153891e-02 0.000000000000000000e+00 8.999999523162841575e-01 8.999999523162841575e-01 1.459265824785860033e-01 0.000000000000000000e+00 0.000000000000000000e+00 0.000000000000000000e+00 5.895321316384884991e-01 0.000000000000000000e+00
1.360499999000000182e+00 1.217460114995705212e+01 2.032550517535161583e-02 0.000000000000000000e+00 8.999999523162841575e-01 8.999999523162841575e-01 1.521043514052620726e-01 0.000000000000000000e+00 0.000000000000000000e+00 0.000000000000000000e+00 6.287984065462273175e-01 0.000000000000000000e+00
1.370499999000000191e+00 1.217460114995705212e+01 2.188074666841539548e-02 0.000000000000000000e+00 8.999999523162841575e-01 8.999999523162841575e-01 1.586849508600671199e-01 0.000000000000000000e+00 0.000000000000000000e+00 0.000000000000000000e+00 6.698080090655835761e-01 0.000000000000000000e+00
1.380499998999999978e+00 1.217460114995705212e+01 2.350371051831411442e-02 0.000000000000000000e+00 8.999999523162841575e-01 8.999999523162841575e-01 1.656167366051982393e-01 0.000000000000000000e+00 0.000000000000000000e+00 0.000000000000000000e+00 7.016668180385216003e-01 0.000000000000000000e+00
1.390499998999999987e+00 1.217460114995705212e+01 2.519765649094587306e-02 0.000000000000000000e+00 8.999999523162841575e-01 8.999999523162841575e-01 1.728562579662150656e-01 0.000000000000000000e+00 0.000000000000000000e+00 0.000000000000000000e+00 7.312080908246351152e-01 0.000000000000000000e+00
1.400499998999999995e+00 1.217460114995705212e+01 2.696424336666795873e-02 0.000000000000000000e+00 8.999999523162841575e-01 8.999999523162841575e-01 1.800350858664607756e-01 0.000000000000000000e+00 0.000000000000000000e+00 0.000000000000000000e+00 7.091609842830335353e-01 0.000000000000000000e+00
1.410499999000000004e+00 1.217460114995705212e+01 2.880002033753771562e-02 0.000000000000000000e+00 8.999999523162841575e-01 8.999999523162841575e-01 1.866971078459193634e-01 0.000000000000000000e+00 0.000000000000000000e+00 0.000000000000000000e+00 6.536930273805156011e-01 0.000000000000000000e+00
1.420499999000000013e+00 1.217460114995705212e+01 3.069980374093995643e-02 0.000000000000000000e+00 8.999999523162841575e-01 8.999999523162841575e-01 1.929037577858495889e-01 0.000000000000000000e+00 0.000000000000000000e+00 0.000000000000000000e+00 6.138415106105544750e-01 0.000000000000000000e+00
1.430499999000000022e+00 1.217460114995705212e+01 3.266118321406742686e-02 0.000000000000000000e+00 8.999999523162841575e-01 8.999999523162841575e-01 1.991108311221901905e-01 0.000000000000000000e+00 0.000000000000000000e+00 0.000000000000000000e+00 6.285051118011439897e-01 0.000000000000000000e+00
1.440499999000000031e+00 1.217460114995705212e+01 3.468635810443822243e-02 0.000000000000000000e+00 8.999999523162841575e-01 8.999999523162841575e-01 2.056630434654848072e-01 0.000000000000000000e+00 0.000000000000000000e+00 0.000000000000000000e+00 6.666806133093773346e-01 0.000000000000000000e+00
1.450499999000000040e+00 1.217460114995705212e+01 3.677906549339250708e-02 0.000000000000000000e+00 8.999999523162841575e-01 8.999999523162841575e-01 2.125938434433106150e-01 0.000000000000000000e+00 0.000000000000000000e+00 0.000000000000000000e+00 7.034558770441737829e-01 0.000000000000000000e+00
1.460499999000000049e+00 1.217460114995705212e+01 3.894280207404518523e-02 0.000000000000000000e+00 8.999999523162841575e-01 8.999999523162841575e-01 2.198425447228722351e-01 0.000000000000000000e+00 0.000000000000000000e+00 0.000000000000000000e+00 7.326140922442933023e-01 0.000000000000000000e+00
1.470499999000000058e+00 1.217460114995705212e+01 4.118054043078116927e-02 0.000000000000000000e+00 8.999999523162841575e-01 8.999999523162841575e-01 2.273624075643594367e-01 0.000000000000000000e+00 0.000000000000000000e+00 0.000000000000000000e+00 7.578748776791645048e-01 0.000000000000000000e+00
1.480499999000000066e+00 1.217460114995705212e+01 4.349292889256841516e-02 0.000000000000000000e+00 8.999999523162841575e-01 8.999999523162841575e-01 2.346721402832188941e-01 0.000000000000000000e+00 0.000000000000000000e+00 0.000000000000000000e+00 7.209555746985172320e-01 0.000000000000000000e+00
1.490499999000000075e+00 1.217460114995705212e+01 4.587556118675235189e-02 0.000000000000000000e+00 8.999999523162841575e-01 8.999999523162841575e-01 2.414257113750066519e-01 0.000000000000000000e+00 0.000000000000000000e+00 0.000000000000000000e+00 6.625195921352992068e-01 0.000000000000000000e+00
1.500499999000000084e+00 1.217460114995705212e+01 4.832329644023162368e-02 0.000000000000000000e+00 8.999999523162841575e-01 8.999999523162841575e-01 2.477737539096076247e-01 0.000000000000000000e+00 0.000000000000000000e+00 0.000000000000000000e+00 6.301993492691917442e-01 0.000000000000000000e+00
1.510499999000000093e+00 1.217460114995705212e+01 5.083457570540948767e-02 0.000000000000000000e+00 8.999999523162841575e-01 8.999999523162841575e-01 2.542206120388202373e-01 0.000000000000000000e+00 0.000000000000000000e+00 0.000000000000000000e+00 6.548545583209468557e-01 0.000000000000000000e+00
1.520499999000000102e+00 1.217460114995705212e+01 5.341210215231108338e-02 0.000000000000000000e+00 8.999999523162841575e-01 8.999999523162841575e-01 2.610150497907869349e-01 0.000000000000000000e+00 0.000000000000000000e+00 0.000000000000000000e+00 6.916225550192940386e-01 0.000000000000000000e+00
1.530499999000000111e+00 1.217460114995705212e+01 5.605952643106487665e-02 0.000000000000000000e+00 8.999999523162841575e-01 8.999999523162841575e-01 2.681683149041789727e-01 0.000000000000000000e+00 0.000000000000000000e+00 0.000000000000000000e+00 7.246156864300139500e-01 0.000000000000000000e+00
1.540499999000000120e+00 1.217460114995705212e+01 5.878008795978679341e-02 0.000000000000000000e+00 8.999999523162841575e-01 8.999999523162841575e-01 2.756207256687263629e-01 0.000000000000000000e+00 0.000000000000000000e+00 0.000000000000000000e+00 7.525994775845863405e-01 0.000000000000000000e+00
1.550499999000000129e+00 1.217460114995705212e+01 6.157652411525647851e-02 0.000000000000000000e+00 8.999999523162841575e-01 8.999999523162841575e-01 2.832921177221723319e-01 0.000000000000000000e+00 0.000000000000000000e+00 0.000000000000000000e+00 7.701102669759384289e-01 0.000000000000000000e+00
1.560499999000000138e+00 1.217460114995705212e+01 6.444836754237572018e-02 0.000000000000000000e+00 8.999999523162841575e-01 8.999999523162841575e-01 2.906259670996989564e-01 0.000000000000000000e+00 0.000000000000000000e+00 0.000000000000000000e+00 7.224139624151858508e-01 0.000000000000000000e+00
1.570499999000000146e+00 1.217460114995705212e+01 6.739056252625423571e-02 0.000000000000000000e+00 8.999999523162841575e-01 8.999999523162841575e-01 2.973880176187888025e-01 0.000000000000000000e+00 0.000000000000000000e+00 0.000000000000000000e+00 6.637413044033502185e-01 0.000000000000000000e+00
1.580499999000000155e+00 1.217460114995705212e+01 7.039826007103909544e-02 0.000000000000000000e+00 8.999999523162841575e-01 8.999999523162841575e-01 3.038176269598626411e-01 0.000000000000000000e+00 0.000000000000000000e+00 0.000000000000000000e+00 6.410284195169894117e-01 0.000000000000000000e+00
1.590499999000000164e+00 1.217460114995705212e+01 7.347084387484412171e-02 0.000000000000000000e+00 8.999999523162841575e-01 8.999999523162841575e-01 3.104305137041416529e-01 0.000000000000000000e+00 0.000000000000000000e+00 0.000000000000000000e+00 6.721606564791087202e-01 0.000000000000000000e+00
1.600499999000000173e+00 1.217460114995705212e+01 7.661135896190482408e-02 0.000000000000000000e+00 8.999999523162841575e-01 8.999999523162841575e-01 3.173943307474352826e-01 0.000000000000000000e+00 0.000000000000000000e+00 0.000000000000000000e+00 7.084897127587117538e-01 0.000000000000000000e+00
1.610499999000000182e+00 1.217460114995705212e+01 7.982337546198814415e-02 0.000000000000000000e+00 8.999999523162841575e-01 8.999999523162841575e-01 3.246960498394038108e-01 0.000000000000000000e+00 0.000000000000000000e+00 0.000000000000000000e+00 7.386205560393204195e-01 0.000000000000000000e+00
1.620499999000000191e+00 1.217460114995705212e+01 8.310994769882805444e-02 0.000000000000000000e+00 8.999999523162841575e-01 8.999999523162841575e-01 3.322865715057831681e-01 0.000000000000000000e+00 0.000000000000000000e+00 0.000000000000000000e+00 7.661961448372662797e-01 0.000000000000000000e+00
1.630499999000000200e+00 1.217460114995705212e+01 8.647352973304663071e-02 0.000000000000000000e+00 8.999999523162841575e-01 8.999999523162841575e-01 3.400210251987931254e-01 0.000000000000000000e+00 0.000000000000000000e+00 0.000000000000000000e+00 7.717537329012496006e-01 0.000000000000000000e+00
1.640499999000000209e+00 1.217460114995705212e+01 8.991251103943426193e-02 0.000000000000000000e+00 8.999999523162841575e-01 8.999999523162841575e-01 3.473201792490949180e-01 0.000000000000000000e+00 0.000000000000000000e+00 0.000000000000000000e+00 7.178785715376054810e-01 0.000000000000000000e+00
1.650499998999999995e+00 1.217460114995705212e+01 9.342144164320088928e-02 0.000000000000000000e+00 8.999999523162841575e-01 8.999999523162841575e-01 3.540504312858462344e-01 0.000000000000000000e+00 0.000000000000000000e+00 0.000000000000000000e+00 6.615307081959076463e-01 0.000000000000000000e+00
1.660499999000000004e+00 1.217460114995705212e+01 9.699596699155760282e-02 0.000000000000000000e+00 8.999999523162841575e-01 8.999999523162841575e-01 3.605369313561163636e-01 0.000000000000000000e+00 0.000000000000000000e+00 0.000000000000000000e+00 6.496532593711777936e-01 0.000000000000000000e+00
1.670499999000000013e+00 1.217460114995705212e+01 1.006364045635629034e-01 0.000000000000000000e+00 8.999999523162841575e-01 8.999999523162841575e-01 3.672725573941176269e-01 0.000000000000000000e+00 0.000000000000000000e+00 0.000000000000000000e+00 6.835013294737630751e-01 0.000000000000000000e+00
1.680499999000000022e+00 1.217460114995705212e+01 1.043460144203670198e-01 0.000000000000000000e+00 8.999999523162841575e-01 8.999999523162841575e-01 3.743615674058757836e-01 0.000000000000000000e+00 0.000000000000000000e+00 0.000000000000000000e+00 7.203862548319464043e-01 0.000000000000000000e+00
1.690499999000000031e+00 1.217460114995705212e+01 1.081282706176530939e-01 0.000000000000000000e+00 8.999999523162841575e-01 8.999999523162841575e-01 3.817689541425615674e-01 0.000000000000000000e+00 0.000000000000000000e+00 0.000000000000000000e+00 7.485784687067447152e-01 0.000000000000000000e+00
1.700499999000000040e+00 1.217460114995705212e+01 1.119860996823160149e-01 0.000000000000000000e+00 8.999999523162841575e-01 8.999999523162841575e-01 3.894579776534211057e-01 0.000000000000000000e+00 0.000000000000000000e+00 0.000000000000000000e+00 7.758677336375650047e-01 0.000000000000000000e+00
1.710499999000000049e+00 1.217460114995705212e+01 1.159215512567414313e-01 0.000000000000000000e+00 8.999999523162841575e-01 8.999999523162841575e-01 3.971939724085030710e-01 0.000000000000000000e+00 0.000000000000000000e+00 0.000000000000000000e+00 7.668776517498437917e-01 0.000000000000000000e+00
1.720499999000000058e+00 1.217460114995705212e+01 1.199319164241644947e-01 0.000000000000000000e+00 8.999999523162841575e-01 8.999999523162841575e-01 4.044226866814530363e-01 0.000000000000000000e+00 0.000000000000000000e+00 0.000000000000000000e+00 7.099443375598927242e-01 0.000000000000000000e+00
1.730499999000000066e+00 1.217460114995705212e+01 1.240115629863056540e-01 0.000000000000000000e+00 8.999999523162841575e-01 8.999999523162841575e-01 4.111047229107602785e-01 0.000000000000000000e+00 0.000000000000000000e+00 0.000000000000000000e+00 6.581960127848975883e-01 0.000000000000000000e+00
1.740499999000000075e+00 1.217460114995705212e+01 1.281568010610880937e-01 0.000000000000000000e+00 8.999999523162841575e-01 8.999999523162841575e-01 4.176420025808473269e-01 0.000000000000000000e+00 0.000000000000000000e+00 0.000000000000000000e+00 6.578033133937524202e-01 0.000000000000000000e+00
1.750499999000000084e+00 1.217460114995705212e+01 1.323688034893696630e-01 0.000000000000000000e+00 8.999999523162841575e-01 8.999999523162841575e-01 4.244740744475249405e-01 0.000000000000000000e+00 0.000000000000000000e+00 0.000000000000000000e+00 6.929815588741405907e-01 0.000000000000000000e+00
1.760499999000000093e+00 1.217460114995705212e+01 1.366509539640139159e-01 0.000000000000000000e+00 8.999999523162841575e-01 8.999999523162841575e-01 4.316590730014892574e-01 0.000000000000000000e+00 0.000000000000000000e+00 0.000000000000000000e+00 7.291988808505729391e-01 0.000000000000000000e+00
1.770499999000000102e+00 1.217460114995705212e+01 1.410066154445966669e-01 0.000000000000000000e+00 8.999999523162841575e-01 8.999999523162841575e-01 4.391470907133201429e-01 0.000000000000000000e+00 0.000000000000000000e+00 0.000000000000000000e+00 7.562333653013004753e-01 0.000000000000000000e+00
1.780499999000000111e+00 1.217460114995705212e+01 1.454386245400603184e-01 0.000000000000000000e+00 8.999999523162841575e-01 8.999999523162841575e-01 4.469088402287053063e-01 0.000000000000000000e+00 0.000000000000000000e+00 0.000000000000000000e+00 7.828660932788272797e-01 0.000000000000000000e+00
1.790499999000000120e+00 1.217460114995705212e+01 1.499484642487892705e-01 0.000000000000000000e+00 8.999999523162841575e-01 8.999999523162841575e-01 4.546023700026048386e-01 0.000000000000000000e+00 0.000000000000000000e+00 0.000000000000000000e+00 7.599074534582814788e-01 0.000000000000000000e+00
1.800499999000000129e+00 1.217460114995705212e+01 1.545324541165688237e-01 0.000000000000000000e+00 8.999999523162841575e-01 8.999999523162841575e-01 4.617415779504375761e-01 0.000000000000000000e+00 0.000000000000000000e+00 0.000000000000000000e+00 7.004853826909818171e-01 0.000000000000000000e+00
1.810499999000000138e+00 1.217460114995705212e+01 1.591849647947954638e-01 0.000000000000000000e+00 8.999999523162841575e-01 8.999999523162841575e-01 4.683749238159023442e-01 0.000000000000000000e+00 0.000000000000000000e+00 0.000000000000000000e+00 6.552578805410853580e-01 0.000000000000000000e+00
1.820499999000000146e+00 1.217460114995705212e+01 1.639031042209606048e-01 0.000000000000000000e+00 8.999999523162841575e-01 8.999999523162841575e-01 4.749682025647152250e-01 0.000000000000000000e+00 0.000000000000000000e+00 0.000000000000000000e+00 6.664906405796166000e-01 0.000000000000000000e+00
1.830499999000000155e+00 1.217460114995705212e+01 1.686887661599938137e-01 0.000000000000000000e+00 8.999999523162841575e-01 8.999999523162841575e-01 4.818795716765553738e-01 0.000000000000000000e+00 0.000000000000000000e+00 0.000000000000000000e+00 7.018176512145254398e-01 0.000000000000000000e+00
1.840499999000000164e+00 1.217460114995705212e+01 1.735453994135290889e-01 0.000000000000000000e+00 8.999999523162841575e-01 8.999999523162841575e-01 4.891421059862161025e-01 0.000000000000000000e+00 0.000000000000000000e+00 0.000000000000000000e+00 7.361485958369105020e-01 0.000000000000000000e+00
1.850499999000000173e+00 1.217460114995705212e+01 1.784762456446146173e-01 0.000000000000000000e+00 8.999999523162841575e-01 8.999999523162841575e-01 4.966970316336852265e-01 0.000000000000000000e+00 0.000000000000000000e+00 0.000000000000000000e+00 7.626791876153167227e-01 0.000000000000000000e+00
1.860499999000000182e+00 1.217460114995705212e+01 1.834840662400830380e-01 0.000000000000000000e+00 8.999999523162841575e-01 8.999999523162841575e-01 5.045120685473469813e-01 0.000000000000000000e+00 0.000000000000000000e+00 0.000000000000000000e+00 7.875890415287601920e-01 0.000000000000000000e+00
1.870499999000000191e+00 1.217460114995705212e+01 1.885695801146334560e-01 0.000000000000000000e+00 8.999999523162841575e-01 8.999999523162841575e-01 5.121292231040639464e-01 0.000000000000000000e+00 0.000000000000000000e+00 0.000000000000000000e+00 7.513011161650081648e-01 0.000000000000000000e+00
1.880499999000000200e+00 1.217460114995705212e+01 1.937283076635464285e-01 0.000000000000000000e+00 8.999999523162841575e-01 8.999999523162841575e-01 5.191683930255169832e-01 0.000000000000000000e+00 0.000000000000000000e+00 0.000000000000000000e+00 6.904302107355644313e-01 0.000000000000000000e+00
1.890499999000000209e+00 1.217460114995705212e+01 1.989547880026529270e-01 0.000000000000000000e+00 8.999999523162841575e-01 8.999999523162841575e-01 5.257601415517589860e-01 0.000000000000000000e+00 0.000000000000000000e+00 0.000000000000000000e+00 6.534149823343912145e-01 0.000000000000000000e+00
1.900499999000000217e+00 1.217460114995705212e+01 2.042470308517383426e-01 0.000000000000000000e+00 8.999999523162841575e-01 8.999999523162841575e-01 5.324133211442347857e-01 0.000000000000000000e+00 0.000000000000000000e+00 0.000000000000000000e+00 6.748902334293980232e-01 0.000000000000000000e+00
1.910499999000000226e+00 1.217460114995705212e+01 2.096074909472305792e-01 0.000000000000000000e+00 8.999999523162841575e-01 8.999999523162841575e-01 5.393960600559718488e-01 0.000000000000000000e+00 0.000000000000000000e+00 0.000000000000000000e+00 7.099446349798582689e-01 0.000000000000000000e+00
1.920499999000000013e+00 1.217460114995705212e+01 2.150396528199698121e-01 0.000000000000000000e+00 8.999999523162841575e-01 8.999999523162841575e-01 5.467243839591453547e-01 0.000000000000000000e+00 0.000000000000000000e+00 0.000000000000000000e+00 7.419584698631849218e-01 0.000000000000000000e+00
1.930499999000000022e+00 1.217460114995705212e+01 2.205466342373665067e-01 0.000000000000000000e+00 8.999999523162841575e-01 8.999999523162841575e-01 5.543385661558134503e-01 0.000000000000000000e+00 0.000000000000000000e+00 0.000000000000000000e+00 7.684868525867856182e-01 0.000000000000000000e+00
1.940499999000000031e+00 1.217460114995705212e+01 2.261311016923180373e-01 0.000000000000000000e+00 8.999999523162841575e-01 8.999999523162841575e-01 5.621802415667962460e-01 0.000000000000000000e+00 0.000000000000000000e+00 0.000000000000000000e+00 7.882580946417403478e-01 0.000000000000000000e+00
1.950499999000000040e+00 1.217460114995705212e+01 2.317928238340619396e-01 0.000000000000000000e+00 8.999999523162841575e-01 8.999999523162841575e-01 5.697036856398869364e-01 0.000000000000000000e+00 0.000000000000000000e+00 0.000000000000000000e+00 7.413893090111288720e-01 0.000000000000000000e+00
1.960499999000000049e+00 1.217460114995705212e+01 2.375267384717347774e-01 0.000000000000000000e+00 8.999999523162841575e-01 8.999999523162841575e-01 5.766407885702897751e-01 0.000000000000000000e+00 0.000000000000000000e+00 0.000000000000000000e+00 6.806405807636090044e-01 0.000000000000000000e+00
1.970499999000000058e+00 1.217460114995705212e+01 2.433277063349971736e-01 0.000000000000000000e+00 8.999999523162841575e-01 8.999999523162841575e-01 5.832044063086290198e-01 0.000000000000000000e+00 0.000000000000000000e+00 0.000000000000000000e+00 6.532442523685819680e-01 0.000000000000000000e+00
1.980499999000000066e+00 1.217460114995705212e+01 2.491946941046290498e-01 0.000000000000000000e+00 8.999999523162841575e-01 8.999999523162841575e-01 5.899185051075278574e-01 0.000000000000000000e+00 0.000000000000000000e+00 0.000000000000000000e+00 6.820482365524583868e-01 0.000000000000000000e+00
1.990499999000000075e+00 1.217460114995705212e+01 2.551305627999934655e-01 0.000000000000000000e+00 8.999999523162841575e-01 8.999999523162841575e-01 5.969713884733889309e-01 0.000000000000000000e+00 0.000000000000000000e+00 0.000000000000000000e+00 7.172628105814700117e-01 0.000000000000000000e+00
2.000499999000000084e+00 1.217460114995705212e+01 2.611388006214684365e-01 0.000000000000000000e+00 8.999999523162841575e-01 8.999999523162841575e-01 6.043584247191776671e-01 0.000000000000000000e+00 0.000000000000000000e+00 0.000000000000000000e+00 7.471593981605393342e-01 0.000000000000000000e+00
2.010499999000000315e+00 1.217460114995705212e+01 2.672224127210927058e-01 0.000000000000000000e+00 8.999999523162841575e-01 8.999999523162841575e-01 6.120274592593853979e-01 0.000000000000000000e+00 0.000000000000000000e+00 0.000000000000000000e+00 7.739085093243645019e-01 0.000000000000000000e+00
2.020499999000000102e+00 1.217460114995705212e+01 2.733838914287432531e-01 0.000000000000000000e+00 8.999999523162841575e-01 8.999999523162841575e-01 6.198647112263360182e-01 0.000000000000000000e+00 0.000000000000000000e+00 0.000000000000000000e+00 7.838953097515923840e-01 0.000000000000000000e+00
2.030499999000000333e+00 1.217460114995705212e+01 2.796219583457976166e-01 0.000000000000000000e+00 8.999999523162841575e-01 8.999999523162841575e-01 6.272882999787247060e-01 0.000000000000000000e+00 0.000000000000000000e+00 0.000000000000000000e+00 7.305443823656967428e-01 0.000000000000000000e+00
2.040499999000000120e+00 1.217460114995705212e+01 2.859311751305176896e-01 0.000000000000000000e+00 8.999999523162841575e-01 8.999999523162841575e-01 6.341286549481731649e-01 0.000000000000000000e+00 0.000000000000000000e+00 0.000000000000000000e+00 6.718282963056474433e-01 0.000000000000000000e+00
2.050499998999999907e+00 1.217460114995705212e+01 2.923068642381474458e-01 0.000000000000000000e+00 8.999999523162841575e-01 8.999999523162841575e-01 6.406797176175064168e-01 0.000000000000000000e+00 0.000000000000000000e+00 0.000000000000000000e+00 6.547841399282328112e-01 0.000000000000000000e+00
2.060499999000000138e+00 1.217460114995705212e+01 2.987489196881706888e-01 0.000000000000000000e+00 8.999999523162841575e-01 8.999999523162841575e-01 6.474519577456319119e-01 0.000000000000000000e+00 0.000000000000000000e+00 0.000000000000000000e+00 6.874961506306798142e-01 0.000000000000000000e+00
2.070499998999999924e+00 1.217460114995705212e+01 3.052604749121823891e-01 0.000000000000000000e+00 8.999999523162841575e-01 8.999999523162841575e-01 6.545703814020454869e-01 0.000000000000000000e+00 0.000000000000000000e+00 0.000000000000000000e+00 7.234771144566124468e-01 0.000000000000000000e+00
2.080499999000000155e+00 1.217460114995705212e+01 3.118449823196964843e-01 0.000000000000000000e+00 8.999999523162841575e-01 8.999999523162841575e-01 6.620087753942415221e-01 0.000000000000000000e+00 0.000000000000000000e+00 0.000000000000000000e+00 7.517648854535818881e-01 0.000000000000000000e+00
2.090499998999999942e+00 1.217460114995705212e+01 3.185053587899241423e-01 0.000000000000000000e+00 8.999999523162841575e-01 8.999999523162841575e-01 6.697264993507073827e-01 0.000000000000000000e+00 0.000000000000000000e+00 0.000000000000000000e+00 7.787147522954869228e-01 0.000000000000000000e+00
2.100499999000000173e+00 1.217460114995705212e+01 3.252438007299393585e-01 0.000000000000000000e+00 8.999999523162841575e-01 8.999999523162841575e-01 6.775303667835255172e-01 0.000000000000000000e+00 0.000000000000000000e+00 0.000000000000000000e+00 7.752593513818724080e-01 0.000000000000000000e+00
2.110499998999999960e+00 1.217460114995705212e+01 3.320579958084883265e-01 0.000000000000000000e+00 8.999999523162841575e-01 8.999999523162841575e-01 6.848487304848459578e-01 0.000000000000000000e+00 0.000000000000000000e+00 0.000000000000000000e+00 7.191403273769354509e-01 0.000000000000000000e+00
2.120499999000000191e+00 1.217460114995705212e+01 3.389423063858470475e-01 0.000000000000000000e+00 8.999999523162841575e-01 8.999999523162841575e-01 6.916015041504763872e-01 0.000000000000000000e+00 0.000000000000000000e+00 0.000000000000000000e+00 6.643916991009450879e-01 0.000000000000000000e+00
2.130499998999999978e+00 1.217460114995705212e+01 3.458926653090383385e-01 0.000000000000000000e+00 8.999999523162841575e-01 8.999999523162841575e-01 6.981592539074249482e-01 0.000000000000000000e+00 0.000000000000000000e+00 0.000000000000000000e+00 6.583951422948570720e-01 0.000000000000000000e+00
2.140499999000000209e+00 1.217460114995705212e+01 3.529098425732876687e-01 0.000000000000000000e+00 8.999999523162841575e-01 8.999999523162841575e-01 7.049914477066242524e-01 0.000000000000000000e+00 0.000000000000000000e+00 0.000000000000000000e+00 6.927885014993373503e-01 0.000000000000000000e+00
2.150499998999999995e+00 1.217460114995705212e+01 3.599971444297534462e-01 0.000000000000000000e+00 8.999999523162841575e-01 8.999999523162841575e-01 7.121736821125773664e-01 0.000000000000000000e+00 0.000000000000000000e+00 0.000000000000000000e+00 7.292305089782999961e-01 0.000000000000000000e+00
2.160499999000000226e+00 1.217460114995705212e+01 3.671579559729749032e-01 0.000000000000000000e+00 8.999999523162841575e-01 8.999999523162841575e-01 7.196625472769374587e-01 0.000000000000000000e+00 0.000000000000000000e+00 0.000000000000000000e+00 7.564223260867193321e-01 0.000000000000000000e+00
2.170499999000000013e+00 1.217460114995705212e+01 3.743951248031314183e-01 0.000000000000000000e+00 8.999999523162841575e-01 8.999999523162841575e-01 7.274266727056034609e-01 0.000000000000000000e+00 0.000000000000000000e+00 0.000000000000000000e+00 7.832068727346926940e-01 0.000000000000000000e+00
2.180499999000000244e+00 1.217460114995705212e+01 3.817103954329452153e-01 0.000000000000000000e+00 8.999999523162841575e-01 8.999999523162841575e-01 7.351754826043542801e-01 0.000000000000000000e+00 0.000000000000000000e+00 0.000000000000000000e+00 7.664063770727020941e-01 0.000000000000000000e+00
2.190499999000000031e+00 1.217460114995705212e+01 3.891004935000600407e-01 0.000000000000000000e+00 8.999999523162841575e-01 8.999999523162841575e-01 7.423866566873222883e-01 0.000000000000000000e+00 0.000000000000000000e+00 0.000000000000000000e+00 7.078083798612551103e-01 0.000000000000000000e+00
2.200499999000000262e+00 1.217460114995705212e+01 3.965597364189868412e-01 0.000000000000000000e+00 8.999999523162841575e-01 8.999999523162841575e-01 7.490664020832479286e-01 0.000000000000000000e+00 0.000000000000000000e+00 0.000000000000000000e+00 6.588306480368600893e-01 0.000000000000000000e+00
2.210499999000000049e+00 1.217460114995705212e+01 4.040847983130170240e-01 0.000000000000000000e+00 8.999999523162841575e-01 8.999999523162841575e-01 7.556523459882638072e-01 0.000000000000000000e+00 0.000000000000000000e+00 0.000000000000000000e+00 6.642389202901195500e-01 0.000000000000000000e+00
2.220499999000000280e+00 1.217460114995705212e+01 4.116772304452108733e-01 0.000000000000000000e+00 8.999999523162841575e-01 8.999999523162841575e-01 7.625470205849478322e-01 0.000000000000000000e+00 0.000000000000000000e+00 0.000000000000000000e+00 6.995069714796864346e-01 0.000000000000000000e+00
2.230499999000000066e+00 1.217460114995705212e+01 4.193404371523517526e-01 0.000000000000000000e+00 8.999999523162841575e-01 8.999999523162841575e-01 7.697920114003545811e-01 0.000000000000000000e+00 0.000000000000000000e+00 0.000000000000000000e+00 7.347571200832556659e-01 0.000000000000000000e+00
2.240499999000000297e+00 1.217460114995705212e+01 4.270777082090231880e-01 0.000000000000000000e+00 8.999999523162841575e-01 8.999999523162841575e-01 7.773328415966076488e-01 0.000000000000000000e+00 0.000000000000000000e+00 0.000000000000000000e+00 7.613427372985475117e-01 0.000000000000000000e+00
2.250499999000000084e+00 1.217460114995705212e+01 4.348918307820729412e-01 0.000000000000000000e+00 8.999999523162841575e-01 8.999999523162841575e-01 7.851409571715172175e-01 0.000000000000000000e+00 0.000000000000000000e+00 0.000000000000000000e+00 7.872840633475955974e-01 0.000000000000000000e+00
2.260499999000000315e+00 1.217460114995705212e+01 4.427839036808985385e-01 0.000000000000000000e+00 8.999999523162841575e-01 8.999999523162841575e-01 7.928130866240018504e-01 0.000000000000000000e+00 0.000000000000000000e+00 0.000000000000000000e+00 7.572237526270720887e-01 0.000000000000000000e+00
2.270499999000000102e+00 1.217460114995705212e+01 4.507498127575308988e-01 0.000000000000000000e+00 8.999999523162841575e-01 8.999999523162841575e-01 7.999164151655906441e-01 0.000000000000000000e+00 0.000000000000000000e+00 0.000000000000000000e+00 6.967793243271173109e-01 0.000000000000000000e+00
2.280499999000000333e+00 1.217460114995705212e+01 4.587839779158457976e-01 0.000000000000000000e+00 8.999999523162841575e-01 8.999999523162841575e-01 8.065388717242798489e-01 0.000000000000000000e+00 0.000000000000000000e+00 0.000000000000000000e+00 6.552218903124629179e-01 0.000000000000000000e+00
2.290499999000000120e+00 1.217460114995705212e+01 4.668839242276974222e-01 0.000000000000000000e+00 8.999999523162841575e-01 8.999999523162841575e-01 8.131717232343692592e-01 0.000000000000000000e+00 0.000000000000000000e+00 0.000000000000000000e+00 6.718371946877870204e-01 0.000000000000000000e+00
2.300499999000000351e+00 1.217460114995705212e+01 4.750518439567414375e-01 0.000000000000000000e+00 8.999999523162841575e-01 8.999999523162841575e-01 8.201279560934896518e-01 0.000000000000000000e+00 0.000000000000000000e+00 0.000000000000000000e+00 7.068263524579939672e-01 0.000000000000000000e+00
2.310499999000000138e+00 1.217460114995705212e+01 4.832911953252770343e-01 0.000000000000000000e+00 8.999999523162841575e-01 8.999999523162841575e-01 8.274333100351539683e-01 0.000000000000000000e+00 0.000000000000000000e+00 0.000000000000000000e+00 7.400453234882511389e-01 0.000000000000000000e+00
2.320499998999999924e+00 1.217460114995705212e+01 4.916051579118610459e-01 0.000000000000000000e+00 8.999999523162841575e-01 8.999999523162841575e-01 8.350269340715019695e-01 0.000000000000000000e+00 0.000000000000000000e+00 0.000000000000000000e+00 7.664688420469336627e-01 0.000000000000000000e+00
2.330499999000000155e+00 1.217460114995705212e+01 4.999964469901970743e-01 0.000000000000000000e+00 8.999999523162841575e-01 8.999999523162841575e-01 8.428661712719618393e-01 0.000000000000000000e+00 0.000000000000000000e+00 0.000000000000000000e+00 7.891062113014971624e-01 0.000000000000000000e+00
2.340499998999999942e+00 1.217460114995705212e+01 5.084653260695839450e-01 0.000000000000000000e+00 8.999999523162841575e-01 8.999999523162841575e-01 8.504481624285459285e-01 0.000000000000000000e+00 0.000000000000000000e+00 0.000000000000000000e+00 7.475435756636147344e-01 0.000000000000000000e+00
2.350499999000000173e+00 1.217460114995705212e+01 5.170070204022796378e-01 0.000000000000000000e+00 8.999999523162841575e-01 8.999999523162841575e-01 8.574464341012856261e-01 0.000000000000000000e+00 0.000000000000000000e+00 0.000000000000000000e+00 6.864673178339664172e-01 0.000000000000000000e+00
2.360499998999999960e+00 1.217460114995705212e+01 5.256161956742236852e-01 0.000000000000000000e+00 8.999999523162841575e-01 8.999999523162841575e-01 8.640295239729535171e-01 0.000000000000000000e+00 0.000000000000000000e+00 0.000000000000000000e+00 6.537283744801227758e-01 0.000000000000000000e+00
2.370499999000000191e+00 1.217460114995705212e+01 5.342913041089617510e-01 0.000000000000000000e+00 8.999999523162841575e-01 8.999999523162841575e-01 8.707189311502473439e-01 0.000000000000000000e+00 0.000000000000000000e+00 0.000000000000000000e+00 6.793857239448974905e-01 0.000000000000000000e+00
2.380499998999999978e+00 1.217460114995705212e+01 5.430350142348940867e-01 0.000000000000000000e+00 8.999999523162841575e-01 8.999999523162841575e-01 8.777406711236037662e-01 0.000000000000000000e+00 0.000000000000000000e+00 0.000000000000000000e+00 7.141821922744524542e-01 0.000000000000000000e+00
2.390499999000000209e+00 1.217460114995705212e+01 5.518508143597752325e-01 0.000000000000000000e+00 8.999999523162841575e-01 8.999999523162841575e-01 8.851042299277509517e-01 0.000000000000000000e+00 0.000000000000000000e+00 0.000000000000000000e+00 7.451613040829698775e-01 0.000000000000000000e+00
2.400499998999999995e+00 1.217460114995705212e+01 5.607417685008443398e-01 0.000000000000000000e+00 8.999999523162841575e-01 8.999999523162841575e-01 8.927514750957449285e-01 0.000000000000000000e+00 0.000000000000000000e+00 0.000000000000000000e+00 7.717631714782157148e-01 0.000000000000000000e+00
2.410499999000000226e+00 1.217460114995705212e+01 5.697104693956089871e-01 0.000000000000000000e+00 8.999999523162841575e-01 8.999999523162841575e-01 9.006001022961219737e-01 0.000000000000000000e+00 0.000000000000000000e+00 0.000000000000000000e+00 7.871301879622573106e-01 0.000000000000000000e+00
2.420499999000000013e+00 1.217460114995705212e+01 5.787562011438575071e-01 0.000000000000000000e+00 8.999999523162841575e-01 8.999999523162841575e-01 9.080852437116130327e-01 0.000000000000000000e+00 0.000000000000000000e+00 0.000000000000000000e+00 7.371367160229047588e-01 0.000000000000000000e+00
2.430499999000000244e+00 1.217460114995705212e+01 5.878737147386133843e-01 0.000000000000000000e+00 8.999999523162841575e-01 8.999999523162841575e-01 9.149839719108374680e-01 0.000000000000000000e+00 0.000000000000000000e+00 0.000000000000000000e+00 6.771528380242913814e-01 0.000000000000000000e+00
2.440499999000000031e+00 1.217460114995705212e+01 5.970580685757624906e-01 0.000000000000000000e+00 8.999999523162841575e-01 8.999999523162841575e-01 9.215467147161815475e-01 0.000000000000000000e+00 0.000000000000000000e+00 0.000000000000000000e+00 6.544062225302710312e-01 0.000000000000000000e+00
2.450499999000000262e+00 1.217460114995705212e+01 6.063086633735021991e-01 0.000000000000000000e+00 8.999999523162841575e-01 8.999999523162841575e-01 9.282953852386652827e-01 0.000000000000000000e+00 0.000000000000000000e+00 0.000000000000000000e+00 6.856206183234633267e-01 0.000000000000000000e+00
2.460499999000000049e+00 1.217460114995705212e+01 6.156285019490158605e-01 0.000000000000000000e+00 8.999999523162841575e-01 8.999999523162841575e-01 9.353866267856801864e-01 0.000000000000000000e+00 0.000000000000000000e+00 0.000000000000000000e+00 7.210721888477306107e-01 0.000000000000000000e+00
2.470499999000000280e+00 1.217460114995705212e+01 6.250210685666172106e-01 0.000000000000000000e+00 8.999999523162841575e-01 8.999999523162841575e-01 9.428062963442633837e-01 0.000000000000000000e+00 0.000000000000000000e+00 0.000000000000000000e+00 7.501725136191902399e-01 0.000000000000000000e+00
2.480499999000000066e+00 1.217460114995705212e+01 6.344893253171658420e-01 0.000000000000000000e+00 8.999999523162841575e-01 8.999999523162841575e-01 9.505066720071059239e-01 0.000000000000000000e+00 0.000000000000000000e+00 0.000000000000000000e+00 7.770266461724684159e-01 0.000000000000000000e+00
2.490499999000000297e+00 1.217460114995705212e+01 6.440356492919818709e-01 0.000000000000000000e+00 8.999999523162841575e-01 8.999999523162841575e-01 9.583417598301299245e-01 0.000000000000000000e+00 0.000000000000000000e+00 0.000000000000000000e+00 7.814040191786718603e-01 0.000000000000000000e+00
2.500000000000000000e+00 1.217460114995705212e+01 6.531761004036511498e-01 0.000000000000000000e+00 8.999999523162841575e-01 8.999999523162841575e-01 9.655647090959336154e-01 0.000000000000000000e+00 0.000000000000000000e+00 0.000000000000000000e+00 7.559488401541243352e-01 0.000000000000000000e+00
2.510000000000000231e+00 1.217460114995705212e+01 6.628714828072629350e-01 0.000000000000000000e+00 8.999999523162841575e-01 8.999999523162841575e-01 9.731860819369800852e-01 0.000000000000000000e+00 0.000000000000000000e+00 0.000000000000000000e+00 7.722849634903528049e-01 0.000000000000000000e+00
2.520000000000000018e+00 1.217460114995705212e+01 6.726446347472797571e-01 0.000000000000000000e+00 8.999999523162841575e-01 8.999999523162841575e-01 9.810949727745319482e-01 0.000000000000000000e+00 0.000000000000000000e+00 0.000000000000000000e+00 7.988811481234484591e-01 0.000000000000000000e+00
2.530000000000000249e+00 1.217460114995705212e+01 6.824981562169257776e-01 0.000000000000000000e+00 8.999999523162841575e-01 8.999999523162841575e-01 9.892432256893872733e-01 0.000000000000000000e+00 0.000000000000000000e+00 0.000000000000000000e+00 8.209970140168950659e-01 0.000000000000000000e+00
2.540000000000000036e+00 1.217460114995705212e+01 6.924343545020258395e-01 0.000000000000000000e+00 8.999999523162841575e-01 8.999999523162841575e-01 9.975980850970267433e-01 0.000000000000000000e+00 0.000000000000000000e+00 0.000000000000000000e+00 8.396215496191130612e-01 0.000000000000000000e+00
2.550000000000000266e+00 1.217460114995705212e+01 7.024530449655779218e-01 0.000000000000000000e+00 8.999999523162841575e-01 8.999999523162841575e-01 1.005648894366492740e+00 0.000000000000000000e+00 0.000000000000000000e+00 0.000000000000000000e+00 7.936255333349688801e-01 0.000000000000000000e+00
2.560000000000000053e+00 1.217460114995705212e+01 7.125490245562724478e-01 0.000000000000000000e+00 8.999999523162841575e-01 8.999999523162841575e-01 1.013076274211217376e+00 0.000000000000000000e+00 0.000000000000000000e+00 0.000000000000000000e+00 7.286090546902678211e-01 0.000000000000000000e+00
2.570000000000000284e+00 1.217460114995705212e+01 7.227166933300021023e-01 0.000000000000000000e+00 8.999999523162841575e-01 8.999999523162841575e-01 1.020079411878752840e+00 0.000000000000000000e+00 0.000000000000000000e+00 0.000000000000000000e+00 6.960295415993277279e-01 0.000000000000000000e+00
2.580000000000000071e+00 1.217460114995705212e+01 7.329545759263859095e-01 0.000000000000000000e+00 8.999999523162841575e-01 8.999999523162841575e-01 1.027199217967692313e+00 0.000000000000000000e+00 0.000000000000000000e+00 0.000000000000000000e+00 7.222000171715300398e-01 0.000000000000000000e+00
2.590000000000000302e+00 1.217460114995705212e+01 7.432652411129399006e-01 0.000000000000000000e+00 8.999999523162841575e-01 8.999999523162841575e-01 1.034626164895123601e+00 0.000000000000000000e+00 0.000000000000000000e+00 0.000000000000000000e+00 7.540074432818826278e-01 0.000000000000000000e+00
2.600000000000000089e+00 1.217460114995705212e+01 7.536518540794796550e-01 0.000000000000000000e+00 8.999999523162841575e-01 8.999999523162841575e-01 1.042356866041505459e+00 0.000000000000000000e+00 0.000000000000000000e+00 0.000000000000000000e+00 7.809086628012423814e-01 0.000000000000000000e+00
2.610000000000000320e+00 1.217460114995705212e+01 7.641171340940219325e-01 0.000000000000000000e+00 8.999999523162841575e-01 8.999999523162841575e-01 1.050343329221585797e+00 0.000000000000000000e+00 0.000000000000000000e+00 0.000000000000000000e+00 8.051296994796249828e-01 0.000000000000000000e+00
2.620000000000000107e+00 1.217460114995705212e+01 7.746633977636826485e-01 0.000000000000000000e+00 8.999999523162841575e-01 8.999999523162841575e-01 1.058494911433040642e+00 0.000000000000000000e+00 0.000000000000000000e+00 0.000000000000000000e+00 8.159803601690318597e-01 0.000000000000000000e+00
2.630000000000000338e+00 1.217460114995705212e+01 7.852894462988472268e-01 0.000000000000000000e+00 8.999999523162841575e-01 8.999999523162841575e-01 1.066235932975700074e+00 0.000000000000000000e+00 0.000000000000000000e+00 0.000000000000000000e+00 7.619891439156527557e-01 0.000000000000000000e+00
2.640000000000000124e+00 1.217460114995705212e+01 7.959896975251732343e-01 0.000000000000000000e+00 8.999999523162841575e-01 8.999999523162841575e-01 1.073367782387242064e+00 0.000000000000000000e+00 0.000000000000000000e+00 0.000000000000000000e+00 7.002095065228683968e-01 0.000000000000000000e+00
2.650000000000000355e+00 1.217460114995705212e+01 8.067591453386362410e-01 0.000000000000000000e+00 8.999999523162841575e-01 8.999999523162841575e-01 1.080173862054584211e+00 0.000000000000000000e+00 0.000000000000000000e+00 0.000000000000000000e+00 6.794101472389780794e-01 0.000000000000000000e+00
2.660000000000000142e+00 1.217460114995705212e+01 8.175973715868763980e-01 0.000000000000000000e+00 8.999999523162841575e-01 8.999999523162841575e-01 1.087178358740362727e+00 0.000000000000000000e+00 0.000000000000000000e+00 0.000000000000000000e+00 7.105751809175683276e-01 0.000000000000000000e+00
2.670000000000000373e+00 1.217460114995705212e+01 8.285073189050263798e-01 0.000000000000000000e+00 8.999999523162841575e-01 8.999999523162841575e-01 1.094509508580888468e+00 0.000000000000000000e+00 0.000000000000000000e+00 0.000000000000000000e+00 7.444817843092108589e-01 0.000000000000000000e+00
2.680000000000000160e+00 1.217460114995705212e+01 8.394922656583531095e-01 0.000000000000000000e+00 8.999999523162841575e-01 8.999999523162841575e-01 1.102145149863342999e+00 0.000000000000000000e+00 0.000000000000000000e+00 0.000000000000000000e+00 7.711738259265469297e-01 0.000000000000000000e+00
2.689999999999999947e+00 1.217460114995705212e+01 8.505549739925852837e-01 0.000000000000000000e+00 8.999999523162841575e-01 8.999999523162841575e-01 1.110045758432048002e+00 0.000000000000000000e+00 0.000000000000000000e+00 0.000000000000000000e+00 7.967328254481373939e-01 0.000000000000000000e+00
2.700000000000000178e+00 1.217460114995705212e+01 8.616975987475582466e-01 0.000000000000000000e+00 8.999999523162841575e-01 8.999999523162841575e-01 1.118043662190996823e+00 0.000000000000000000e+00 0.000000000000000000e+00 0.000000000000000000e+00 7.957916175802268732e-01 0.000000000000000000e+00
2.709999999999999964e+00 1.217460114995705212e+01 8.729179700069631398e-01 0.000000000000000000e+00 8.999999523162841575e-01 8.999999523162841575e-01 1.125559494870988386e+00 0.000000000000000000e+00 0.000000000000000000e+00 0.000000000000000000e+00 7.387648617076922886e-01 0.000000000000000000e+00
2.720000000000000195e+00 1.217460114995705212e+01 8.842103460419246108e-01 0.000000000000000000e+00 8.999999523162841575e-01 8.999999523162841575e-01 1.132490266471514628e+00 0.000000000000000000e+00 0.000000000000000000e+00 0.000000000000000000e+00 6.815417508365823052e-01 0.000000000000000000e+00
2.729999999999999982e+00 1.217460114995705212e+01 8.955703858268401207e-01 0.000000000000000000e+00 8.999999523162841575e-01 8.999999523162841575e-01 1.139194177776934991e+00 0.000000000000000000e+00 0.000000000000000000e+00 0.000000000000000000e+00 6.722008670138415187e-01 0.000000000000000000e+00
2.740000000000000213e+00 1.217460114995705212e+01 9.069986034021565446e-01 0.000000000000000000e+00 8.999999523162841575e-01 8.999999523162841575e-01 1.146156323574682112e+00 0.000000000000000000e+00 0.000000000000000000e+00 0.000000000000000000e+00 7.054630826173334812e-01 0.000000000000000000e+00
2.750000000000000000e+00 1.217460114995705212e+01 9.184981804218796952e-01 0.000000000000000000e+00 8.999999523162841575e-01 8.999999523162841575e-01 1.153457107149483685e+00 0.000000000000000000e+00 0.000000000000000000e+00 0.000000000000000000e+00 7.410250389746798616e-01 0.000000000000000000e+00
2.760000000000000231e+00 1.217460114995705212e+01 9.300724146001467796e-01 0.000000000000000000e+00 8.999999523162841575e-01 8.999999523162841575e-01 1.161056704069463930e+00 0.000000000000000000e+00 0.000000000000000000e+00 0.000000000000000000e+00 7.673325525645313672e-01 0.000000000000000000e+00
2.770000000000000018e+00 1.217460114995705212e+01 9.417240722305767475e-01 0.000000000000000000e+00 8.999999523162841575e-01 8.999999523162841575e-01 1.168924783564432968e+00 0.000000000000000000e+00 0.000000000000000000e+00 0.000000000000000000e+00 7.935017902753915831e-01 0.000000000000000000e+00
2.780000000000000249e+00 1.217460114995705212e+01 9.534549605964621755e-01 0.000000000000000000e+00 8.999999523162841575e-01 8.999999523162841575e-01 1.176799076612773387e+00 0.000000000000000000e+00 0.000000000000000000e+00 0.000000000000000000e+00 7.795478150549360885e-01 0.000000000000000000e+00
2.790000000000000036e+00 1.217460114995705212e+01 9.652619749671458305e-01 0.000000000000000000e+00 8.999999523162841575e-01 8.999999523162841575e-01 1.184138997062426979e+00 0.000000000000000000e+00 0.000000000000000000e+00 0.000000000000000000e+00 7.206090713471412501e-01 0.000000000000000000e+00
2.800000000000000266e+00 1.217460114995705212e+01 9.771393447920431186e-01 0.000000000000000000e+00 8.999999523162841575e-01 8.999999523162841575e-01 1.190929373051920814e+00 0.000000000000000000e+00 0.000000000000000000e+00 0.000000000000000000e+00 6.692497122704623713e-01 0.000000000000000000e+00
2.810000000000000053e+00 1.217460114995705212e+01 9.890834827345569291e-01 0.000000000000000000e+00 8.999999523162841575e-01 8.999999523162841575e-01 1.197595623293687739e+00 0.000000000000000000e+00 0.000000000000000000e+00 0.000000000000000000e+00 6.714750959705781952e-01 0.000000000000000000e+00
2.820000000000000284e+00 1.217460114995705212e+01 1.001095731373493614e+00 0.000000000000000000e+00 8.999999523162841575e-01 8.999999523162841575e-01 1.204560987395672633e+00 0.000000000000000000e+00 0.000000000000000000e+00 0.000000000000000000e+00 7.061361037758537851e-01 0.000000000000000000e+00
2.830000000000000071e+00 1.217460114995705212e+01 1.013179416779231179e+00 0.000000000000000000e+00 8.999999523162841575e-01 8.999999523162841575e-01 1.211870553489152735e+00 0.000000000000000000e+00 0.000000000000000000e+00 0.000000000000000000e+00 7.412786960633235278e-01 0.000000000000000000e+00
2.840000000000000302e+00 1.217460114995705212e+01 1.025337796254327083e+00 0.000000000000000000e+00 8.999999523162841575e-01 8.999999523162841575e-01 1.219472170499039887e+00 0.000000000000000000e+00 0.000000000000000000e+00 0.000000000000000000e+00 7.673500588720456594e-01 0.000000000000000000e+00
2.850000000000000089e+00 1.217460114995705212e+01 1.037573619879946119e+00 0.000000000000000000e+00 8.999999523162841575e-01 8.999999523162841575e-01 1.227339689607434670e+00 0.000000000000000000e+00 0.000000000000000000e+00 0.000000000000000000e+00 7.932691296734490916e-01 0.000000000000000000e+00
2.860000000000000320e+00 1.217460114995705212e+01 1.049888143960022280e+00 0.000000000000000000e+00 8.999999523162841575e-01 8.999999523162841575e-01 1.235101530068703379e+00 0.000000000000000000e+00 0.000000000000000000e+00 0.000000000000000000e+00 7.663301089285849965e-01 0.000000000000000000e+00
2.870000000000000107e+00 1.217460114995705212e+01 1.062277417517638378e+00 0.000000000000000000e+00 8.999999523162841575e-01 8.999999523162841575e-01 1.242295272004390272e+00 0.000000000000000000e+00 0.000000000000000000e+00 0.000000000000000000e+00 7.057260108284917344e-01 0.000000000000000000e+00
2.880000000000000338e+00 1.217460114995705212e+01 1.074735766229204303e+00 0.000000000000000000e+00 8.999999523162841575e-01 8.999999523162841575e-01 1.248988410284229023e+00 0.000000000000000000e+00 0.000000000000000000e+00 0.000000000000000000e+00 6.615966248622631163e-01 0.000000000000000000e+00
2.890000000000000124e+00 1.217460114995705212e+01 1.087260444448059804e+00 0.000000000000000000e+00 8.999999523162841575e-01 8.999999523162841575e-01 1.255662589318336853e+00 0.000000000000000000e+00 0.000000000000000000e+00 0.000000000000000000e+00 6.752769598169411358e-01 0.000000000000000000e+00
2.900000000000000355e+00 1.217460114995705212e+01 1.099853466303462479e+00 0.000000000000000000e+00 8.999999523162841575e-01 8.999999523162841575e-01 1.262653864158047812e+00 0.000000000000000000e+00 0.000000000000000000e+00 0.000000000000000000e+00 7.100032515231252672e-01 0.000000000000000000e+00
2.910000000000000142e+00 1.217460114995705212e+01 1.112518248055957670e+00 0.000000000000000000e+00 8.999999523162841575e-01 8.999999523162841575e-01 1.269992209936641192e+00 0.000000000000000000e+00 0.000000000000000000e+00 0.000000000000000000e+00 7.434714927254401085e-01 0.000000000000000000e+00
2.920000000000000373e+00 1.217460114995705212e+01 1.125257965444506292e+00 0.000000000000000000e+00 8.999999523162841575e-01 8.999999523162841575e-01 1.277616962890099739e+00 0.000000000000000000e+00 0.000000000000000000e+00 0.000000000000000000e+00 7.695366218027623884e-01 0.000000000000000000e+00
2.930000000000000160e+00 1.217460114995705212e+01 1.138075327055553698e+00 0.000000000000000000e+00 8.999999523162841575e-01 8.999999523162841575e-01 1.285493727949662324e+00 0.000000000000000000e+00 0.000000000000000000e+00 0.000000000000000000e+00 7.933851589541667249e-01 0.000000000000000000e+00
2.940000000000000391e+00 1.217460114995705212e+01 1.150970848737095320e+00 0.000000000000000000e+00 8.999999523162841575e-01 8.999999523162841575e-01 1.293146035395332794e+00 0.000000000000000000e+00 0.000000000000000000e+00 0.000000000000000000e+00 7.546388140527261479e-01 0.000000000000000000e+00
2.950000000000000178e+00 1.217460114995705212e+01 1.163939894749098647e+00 0.000000000000000000e+00 8.999999523162841575e-01 8.999999523162841575e-01 1.300213729162456922e+00 0.000000000000000000e+00 0.000000000000000000e+00 0.000000000000000000e+00 6.932284809299776862e-01 0.000000000000000000e+00
2.959999999999999964e+00 1.217460114995705212e+01 1.176977008809831693e+00 0.000000000000000000e+00 8.999999523162841575e-01 8.999999523162841575e-01 1.306842224602541291e+00 0.000000000000000000e+00 0.000000000000000000e+00 0.000000000000000000e+00 6.574570323172322928e-01 0.000000000000000000e+00
2.970000000000000195e+00 1.217460114995705212e+01 1.190080339758260219e+00 0.000000000000000000e+00 8.999999523162841575e-01 8.999999523162841575e-01 1.313547515878372485e+00 0.000000000000000000e+00 0.000000000000000000e+00 0.000000000000000000e+00 6.804234813473049037e-01 0.000000000000000000e+00
2.979999999999999982e+00 1.217460114995705212e+01 1.203252406187507395e+00 0.000000000000000000e+00 8.999999523162841575e-01 8.999999523162841575e-01 1.320581196300917526e+00 0.000000000000000000e+00 0.000000000000000000e+00 0.000000000000000000e+00 7.151485806215717167e-01 0.000000000000000000e+00
2.990000000000000213e+00 1.217460114995705212e+01 1.216496672468486695e+00 0.000000000000000000e+00 8.999999523162841575e-01 8.999999523162841575e-01 1.327956840361022683e+00 0.000000000000000000e+00 0.000000000000000000e+00 0.000000000000000000e+00 7.465199886700506493e-01 0.000000000000000000e+00
3.000000000000000000e+00 1.217460114995705212e+01 1.229816210967914047e+00 0.000000000000000000e+00 8.999999523162841575e-01 8.999999523162841575e-01 1.335614909740987732e+00 0.000000000000000000e+00 0.000000000000000000e+00 0.000000000000000000e+00 7.728070466524270543e-01 0.000000000000000000e+00
3.010000000000000231e+00 1.217460114995705212e+01 1.243213643642070432e+00 0.000000000000000000e+00 8.999999523162841575e-01 8.999999523162841575e-01 1.343490699067024563e+00 0.000000000000000000e+00 0.000000000000000000e+00 0.000000000000000000e+00 7.910637102701324475e-01 0.000000000000000000e+00
3.020000000000000018e+00 1.217460114995705212e+01 1.256688567215265007e+00 0.000000000000000000e+00 8.999999523162841575e-01 8.999999523162841575e-01 1.351031467736823366e+00 0.000000000000000000e+00 0.000000000000000000e+00 0.000000000000000000e+00 7.429323668883082155e-01 0.000000000000000000e+00
3.030000000000000249e+00 1.217460114995705212e+01 1.270235833639530743e+00 0.000000000000000000e+00 8.999999523162841575e-01 8.999999523162841575e-01 1.357983129938391098e+00 0.000000000000000000e+00 0.000000000000000000e+00 0.000000000000000000e+00 6.821414237909880773e-01 0.000000000000000000e+00
3.040000000000000036e+00 1.217460114995705212e+01 1.283850338774933819e+00 0.000000000000000000e+00 8.999999523162841575e-01 8.999999523162841575e-01 1.364570574933533731e+00 0.000000000000000000e+00 0.000000000000000000e+00 0.000000000000000000e+00 6.559633906035118311e-01 0.000000000000000000e+00
3.050000000000000266e+00 1.217460114995705212e+01 1.297531166801533686e+00 0.000000000000000000e+00 8.999999523162841575e-01 8.999999523162841575e-01 1.371318394757445436e+00 0.000000000000000000e+00 0.000000000000000000e+00 0.000000000000000000e+00 6.854401203957476429e-01 0.000000000000000000e+00
3.060000000000000053e+00 1.217619335794919699e+01 1.311281211340203257e+00 0.000000000000000000e+00 8.999999523162841575e-01 8.999999523162841575e-01 1.378404807981112867e+00 0.000000000000000000e+00 -2.112249248432043203e-01 0.000000000000000000e+00 7.205830977023246486e-01 0.000000000000000000e+00
3.070000000000000284e+00 1.217986441056998714e+01 1.325103944802465294e+00 0.000000000000000000e+00 8.999999523162841575e-01 8.999999523162841575e-01 1.385821990786943125e+00 0.000000000000000000e+00 -3.128819716598250089e-01 0.000000000000000000e+00 7.500545470258070946e-01 0.000000000000000000e+00
3.080000000000000071e+00 1.218475025061327699e+01 1.339002334966246321e+00 0.000000000000000000e+00 8.999999523162841575e-01 8.999999523162841575e-01 1.393517506280134821e+00 0.000000000000000000e+00 -3.872012231261057202e-01 0.000000000000000000e+00 7.764581379440633757e-01 0.000000000000000000e+00
3.090000000000000302e+00 1.219059919485692056e+01 1.352978812111765849e+00 0.000000000000000000e+00 8.999999523162841575e-01 8.999999523162841575e-01 1.401369802782579832e+00 0.000000000000000000e+00 -4.479825898860463340e-01 0.000000000000000000e+00 7.848077387252556658e-01 0.000000000000000000e+00
3.100000000000000089e+00 1.219727001997597426e+01 1.367031946689390098e+00 0.000000000000000000e+00 8.999999523162841575e-01 8.999999523162841575e-01 1.408795324590598419e+00 0.000000000000000000e+00 -5.001548004506997103e-01 0.000000000000000000e+00 7.305174449192202157e-01 0.000000000000000000e+00
3.110000000000000320e+00 1.220466572973386832e+01 1.381156236286805061e+00 0.000000000000000000e+00 8.999999523162841575e-01 8.999999523162841575e-01 1.415637408317376389e+00 0.000000000000000000e+00 -5.461499484303447005e-01 0.000000000000000000e+00 6.721585368449892739e-01 0.000000000000000000e+00
3.120000000000000107e+00 1.221271388746573372e+01 1.395347083810369648e+00 0.000000000000000000e+00 8.999999523162841575e-01 8.999999523162841575e-01 1.422204938818960596e+00 0.000000000000000000e+00 -5.873876267336077817e-01 0.000000000000000000e+00 6.569160480333869900e-01 0.000000000000000000e+00
3.130000000000000338e+00 1.222135951900680872e+01 1.409604528385386191e+00 0.000000000000000000e+00 8.999999523162841575e-01 8.999999523162841575e-01 1.429002515775013249e+00 0.000000000000000000e+00 -6.247924870669123720e-01 0.000000000000000000e+00 6.898094265702405803e-01 0.000000000000000000e+00
3.140000000000000124e+00 1.223055984582907740e+01 1.423931718729698259e+00 0.000000000000000000e+00 8.999999523162841575e-01 8.999999523162841575e-01 1.436144494921262060e+00 0.000000000000000000e+00 -6.590073859588070349e-01 0.000000000000000000e+00 7.256370479487169733e-01 0.000000000000000000e+00
3.150000000000000355e+00 1.224027974390471307e+01 1.438332062653113752e+00 0.000000000000000000e+00 8.999999523162841575e-01 8.999999523162841575e-01 1.443600397800410606e+00 0.000000000000000000e+00 -6.904964520881735623e-01 0.000000000000000000e+00 7.533665493323945528e-01 0.000000000000000000e+00
3.160000000000000142e+00 1.225048921078439434e+01 1.452808437666286645e+00 0.000000000000000000e+00 8.999999523162841575e-01 8.999999523162841575e-01 1.451333189600626961e+00 0.000000000000000000e+00 -7.196055924047299879e-01 0.000000000000000000e+00 7.801567816654039200e-01 0.000000000000000000e+00
3.170000000000000373e+00 1.226116176573750849e+01 1.467362948992728455e+00 0.000000000000000000e+00 8.999999523162841575e-01 8.999999523162841575e-01 1.459132166150524101e+00 0.000000000000000000e+00 -7.465992874894131770e-01 0.000000000000000000e+00 7.737988282206771373e-01 0.000000000000000000e+00
3.180000000000000160e+00 1.227227043287042818e+01 1.481993062410990492e+00 0.000000000000000000e+00 8.999999523162841575e-01 8.999999523162841575e-01 1.466430457084343164e+00 0.000000000000000000e+00 -7.716776994905645282e-01 0.000000000000000000e+00 7.169146864602644609e-01 0.000000000000000000e+00
3.190000000000000391e+00 1.228378772956679299e+01 1.496693110317403042e+00 0.000000000000000000e+00 8.999999523162841575e-01 8.999999523162841575e-01 1.473171460338579708e+00 0.000000000000000000e+00 -7.949967536956759062e-01 0.000000000000000000e+00 6.637021241044174236e-01 0.000000000000000000e+00
3.200000000000000178e+00 1.229568894059658746e+01 1.511459237797635913e+00 0.000000000000000000e+00 8.999999523162841575e-01 8.999999523162841575e-01 1.479747731369001951e+00 0.000000000000000000e+00 -8.166866132490919750e-01 0.000000000000000000e+00 6.611531561338130913e-01 0.000000000000000000e+00
3.210000000000000409e+00 1.230795458386534946e+01 1.526292456692311728e+00 0.000000000000000000e+00 8.999999523162841575e-01 8.999999523162841575e-01 1.486609631924321384e+00 0.000000000000000000e+00 -8.368612951720331150e-01 0.000000000000000000e+00 6.958385579763224360e-01 0.000000000000000000e+00
3.220000000000000195e+00 1.232056845287096891e+01 1.541196093595635475e+00 0.000000000000000000e+00 8.999999523162841575e-01 8.999999523162841575e-01 1.493819275276864866e+00 0.000000000000000000e+00 -8.556180519631466641e-01 0.000000000000000000e+00 7.316457266701451578e-01 0.000000000000000000e+00
3.229999999999999982e+00 1.233351555342703776e+01 1.556173474430251114e+00 0.000000000000000000e+00 8.999999523162841575e-01 8.999999523162841575e-01 1.501329215717050358e+00 0.000000000000000000e+00 -8.730375677637061127e-01 0.000000000000000000e+00 7.583813085081102523e-01 0.000000000000000000e+00
3.240000000000000213e+00 1.234678141908992188e+01 1.571227410712782158e+00 0.000000000000000000e+00 8.999999523162841575e-01 8.999999523162841575e-01 1.509111090172094993e+00 0.000000000000000000e+00 -8.891864241165041705e-01 0.000000000000000000e+00 7.848407626906710455e-01 0.000000000000000000e+00
3.250000000000000000e+00 1.236035120388794084e+01 1.586359450089052547e+00 0.000000000000000000e+00 8.999999523162841575e-01 8.999999523162841575e-01 1.516839237513730954e+00 0.000000000000000000e+00 -9.041188767149952454e-01 0.000000000000000000e+00 7.634630589063697848e-01 0.000000000000000000e+00
3.260000000000000231e+00 1.237420587725069865e+01 1.601565997343295411e+00 0.000000000000000000e+00 8.999999523162841575e-01 8.999999523162841575e-01 1.524014055546298430e+00 0.000000000000000000e+00 -9.178757334493115039e-01 0.000000000000000000e+00 7.040174240911144521e-01 0.000000000000000000e+00
3.270000000000000018e+00 1.238832464197290406e+01 1.616841393624216083e+00 0.000000000000000000e+00 8.999999523162841575e-01 8.999999523162841575e-01 1.530676658306489246e+00 0.000000000000000000e+00 -9.304900695393676369e-01 0.000000000000000000e+00 6.579759234352750008e-01 0.000000000000000000e+00
3.280000000000000249e+00 1.240268923550700109e+01 1.632182662459319866e+00 0.000000000000000000e+00 8.999999523162841575e-01 8.999999523162841575e-01 1.537289688917573116e+00 0.000000000000000000e+00 -9.419922658388735215e-01 0.000000000000000000e+00 6.681948072182632981e-01 0.000000000000000000e+00
3.290000000000000036e+00 1.241728607219522118e+01 1.647591632578518039e+00 0.000000000000000000e+00 8.999999523162841575e-01 8.999999523162841575e-01 1.544218022924560341e+00 0.000000000000000000e+00 -9.524110542716537342e-01 0.000000000000000000e+00 7.033681278377261759e-01 0.000000000000000000e+00
3.300000000000000266e+00 1.243210333534558032e+01 1.663071723878063235e+00 0.000000000000000000e+00 8.999999523162841575e-01 8.999999523162841575e-01 1.551494302873305697e+00 0.000000000000000000e+00 -9.617705760871881893e-01 0.000000000000000000e+00 7.374950756753492209e-01 0.000000000000000000e+00
3.310000000000000053e+00 1.244712921943013839e+01 1.678626155531704356e+00 0.000000000000000000e+00 8.999999523162841575e-01 8.999999523162841575e-01 1.559061112232005497e+00 0.000000000000000000e+00 -9.700894834067534944e-01 0.000000000000000000e+00 7.638452535476843996e-01 0.000000000000000000e+00
3.320000000000000284e+00 1.246235156291434443e+01 1.694257675903799498e+00 0.000000000000000000e+00 8.999999523162841575e-01 8.999999523162841575e-01 1.566888005524989635e+00 0.000000000000000000e+00 -9.773813400696900189e-01 0.000000000000000000e+00 7.888254196393533757e-01 0.000000000000000000e+00
3.330000000000000071e+00 1.247775624946128126e+01 1.709967042667583037e+00 0.000000000000000000e+00 8.999999523162841575e-01 8.999999523162841575e-01 1.574522985611876980e+00 0.000000000000000000e+00 -9.836545637167324330e-01 0.000000000000000000e+00 7.530911373750871496e-01 0.000000000000000000e+00
3.340000000000000302e+00 1.249332388731734511e+01 1.725749799808914631e+00 0.000000000000000000e+00 8.999999523162841575e-01 8.999999523162841575e-01 1.581579421967931554e+00 0.000000000000000000e+00 -9.889123618453403708e-01 0.000000000000000000e+00 6.921260074397020956e-01 0.000000000000000000e+00
3.350000000000000089e+00 1.250903380450380986e+01 1.741600471192042088e+00 0.000000000000000000e+00 8.999999523162841575e-01 8.999999523162841575e-01 1.588186225275115326e+00 0.000000000000000000e+00 -9.931555781536332006e-01 0.000000000000000000e+00 6.548666875593551762e-01 0.000000000000000000e+00
3.360000000000000320e+00 1.252486849388157708e+01 1.757517043681534608e+00 0.000000000000000000e+00 8.999999523162841575e-01 8.999999523162841575e-01 1.594852232403987324e+00 0.000000000000000000e+00 -9.963838667379787406e-01 0.000000000000000000e+00 6.761155556146649648e-01 0.000000000000000000e+00
3.370000000000000107e+00 1.254081464366123733e+01 1.773501955487602588e+00 0.000000000000000000e+00 8.999999523162841575e-01 8.999999523162841575e-01 1.601846477355283849e+00 0.000000000000000000e+00 -9.985947249291218242e-01 0.000000000000000000e+00 7.110332003358236230e-01 0.000000000000000000e+00
3.380000000000000338e+00 1.255685971059973660e+01 1.789558672336087009e+00 0.000000000000000000e+00 8.999999523162841575e-01 8.999999523162841575e-01 1.609184253702173883e+00 0.000000000000000000e+00 -9.997819355687020959e-01 0.000000000000000000e+00 7.428717618639113507e-01 0.000000000000000000e+00
3.390000000000000124e+00 1.257299045279892269e+01 1.805690296297431274e+00 0.000000000000000000e+00 8.999999523162841575e-01 8.999999523162841575e-01 1.616806638751197234e+00 0.000000000000000000e+00 -9.999352378736858782e-01 0.000000000000000000e+00 7.692862402414120115e-01 0.000000000000000000e+00
3.400000000000000355e+00 1.258919275860604081e+01 1.821899483138705200e+00 0.000000000000000000e+00 8.999999523162841575e-01 8.999999523162841575e-01 1.624655706248824716e+00 0.000000000000000000e+00 -9.990403606456705887e-01 0.000000000000000000e+00 7.889965628176444090e-01 0.000000000000000000e+00
3.410000000000000142e+00 1.260544912529172734e+01 1.838185999770965751e+00 0.000000000000000000e+00 8.999999523162841575e-01 8.999999523162841575e-01 1.632186620595620363e+00 0.000000000000000000e+00 -9.970793865681686352e-01 0.000000000000000000e+00 7.421190929332833752e-01 0.000000000000000000e+00
3.420000000000000373e+00 1.262173668005457827e+01 1.854544780263797099e+00 0.000000000000000000e+00 8.999999523162841575e-01 8.999999523162841575e-01 1.639130715099031965e+00 0.000000000000000000e+00 -9.940319144658813499e-01 0.000000000000000000e+00 6.813431150587843099e-01 0.000000000000000000e+00
3.430000000000000160e+00 1.263803193192942054e+01 1.870970690466223996e+00 0.000000000000000000e+00 8.999999523162841575e-01 8.999999523162841575e-01 1.645702962422858739e+00 0.000000000000000000e+00 -9.898750513604284151e-01 0.000000000000000000e+00 6.541714589837570593e-01 0.000000000000000000e+00
3.440000000000000391e+00 1.265431488312466968e+01 1.887462718453604804e+00 0.000000000000000000e+00 8.999999523162841575e-01 8.999999523162841575e-01 1.652427433294106685e+00 0.000000000000000000e+00 -9.845816665764368647e-01 0.000000000000000000e+00 6.830892854029857464e-01 0.000000000000000000e+00
3.450000000000000178e+00 1.267056863515372989e+01 1.904023728715015684e+00 0.000000000000000000e+00 8.999999523162841575e-01 8.999999523162841575e-01 1.659490056095226151e+00 0.000000000000000000e+00 -9.781187125165260454e-01 0.000000000000000000e+00 7.182047619733471500e-01 0.000000000000000000e+00
3.460000000000000409e+00 1.268677599506625775e+01 1.920657196025749691e+00 0.000000000000000000e+00 8.999999523162841575e-01 8.999999523162841575e-01 1.666885010933925715e+00 0.000000000000000000e+00 -9.704469682376972717e-01 0.000000000000000000e+00 7.479062000533103216e-01 0.000000000000000000e+00
3.470000000000000195e+00 1.270291826263964374e+01 1.937366111957613546e+00 0.000000000000000000e+00 8.999999523162841575e-01 8.999999523162841575e-01 1.674561204236697742e+00 0.000000000000000000e+00 -9.615207500317248801e-01 0.000000000000000000e+00 7.746128460437153862e-01 0.000000000000000000e+00
3.480000000000000426e+00 1.271897506779901121e+01 1.954152954641104944e+00 0.000000000000000000e+00 8.999999523162841575e-01 8.999999523162841575e-01 1.682402421963979711e+00 0.000000000000000000e+00 -9.512872371145189021e-01 0.000000000000000000e+00 7.841342001495705816e-01 0.000000000000000000e+00
3.490000000000000213e+00 1.273492113757625788e+01 1.971016400665084989e+00 0.000000000000000000e+00 8.999999523162841575e-01 8.999999523162841575e-01 1.689826009488517355e+00 0.000000000000000000e+00 -9.396879788401297784e-01 0.000000000000000000e+00 7.304753252943745334e-01 0.000000000000000000e+00
3.500000000000000000e+00 1.275072604645433216e+01 1.987950994749163591e+00 0.000000000000000000e+00 8.999999523162841575e-01 8.999999523162841575e-01 1.696667018969188589e+00 0.000000000000000000e+00 -9.266593886609986175e-01 0.000000000000000000e+00 6.719735356251360647e-01 0.000000000000000000e+00
3.510000000000000231e+00 1.276635886584592683e+01 2.004952098948867167e+00 0.000000000000000000e+00 8.999999523162841575e-01 8.999999523162841575e-01 1.703225344345291159e+00 0.000000000000000000e+00 -9.121285382898536298e-01 0.000000000000000000e+00 6.557190179277283537e-01 0.000000000000000000e+00
3.520000000000000018e+00 1.278179135191861349e+01 2.022019671417604414e+00 0.000000000000000000e+00 8.999999523162841575e-01 8.999999523162841575e-01 1.710008919595000343e+00 0.000000000000000000e+00 -8.960072417791520305e-01 0.000000000000000000e+00 6.885504276969242055e-01 0.000000000000000000e+00
