4.400000000000000022e-01 4.000000000000000000e+00 0.000000000000000000e+00 0.000000000000000000e+00
4.500000000000000111e-01 4.000000000000000000e+00 0.000000000000000000e+00 0.000000000000000000e+00
4.600000000000000200e-01 4.000000000000000000e+00 0.000000000000000000e+00 0.000000000000000000e+00
4.700000000000000289e-01 4.000000000000000000e+00 0.000000000000000000e+00 0.000000000000000000e+00
4.800000000000000377e-01 4.000000000000000000e+00 0.000000000000000000e+00 0.000000000000000000e+00
4.900000000000000466e-01 4.000000000000000000e+00 0.000000000000000000e+00 0.000000000000000000e+00
5.000000000000000000e-01 4.000000000000000000e+00 0.000000000000000000e+00 0.000000000000000000e+00
5.104999989999999821e-01 4.000000000000000000e+00 0.000000000000000000e+00 0.000000000000000000e+00
5.204999989999999910e-01 4.000000000000000000e+00 0.000000000000000000e+00 0.000000000000000000e+00
5.304999989999999999e-01 4.000000000000000000e+00 0.000000000000000000e+00 0.000000000000000000e+00
5.404999990000000087e-01 4.000000000000000000e+00 0.000000000000000000e+00 0.000000000000000000e+00
5.504999990000000176e-01 4.000000000000000000e+00 0.000000000000000000e+00 0.000000000000000000e+00
5.604999990000000265e-01 4.000000000000000000e+00 0.000000000000000000e+00 0.000000000000000000e+00
5.704999990000000354e-01 4.000000000000000000e+00 0.000000000000000000e+00 0.000000000000000000e+00
5.804999990000000443e-01 4.000000000000000000e+00 0.000000000000000000e+00 0.000000000000000000e+00
5.904999990000000532e-01 4.000000000000000000e+00 0.000000000000000000e+00 0.000000000000000000e+00
6.004999990000000620e-01 4.000000000000000000e+00 0.000000000000000000e+00 0.000000000000000000e+00
6.104999990000000709e-01 4.000000000000000000e+00 0.000000000000000000e+00 0.000000000000000000e+00
6.204999990000000798e-01 4.000000000000000000e+00 0.000000000000000000e+00 0.000000000000000000e+00
6.304999990000000887e-01 4.000000000000000000e+00 0.000000000000000000e+00 0.000000000000000000e+00
6.404999989999999865e-01 4.000000000000000000e+00 0.000000000000000000e+00 0.000000000000000000e+00
6.504999989999999954e-01 4.000000000000000000e+00 0.000000000000000000e+00 0.000000000000000000e+00
6.604999990000000043e-01 4.000000000000000000e+00 0.000000000000000000e+00 0.000000000000000000e+00
6.704999990000000132e-01 4.000000000000000000e+00 0.000000000000000000e+00 0.000000000000000000e+00
6.804999990000000221e-01 4.000000000000000000e+00 0.000000000000000000e+00 0.000000000000000000e+00
6.904999990000000309e-01 4.000000000000000000e+00 0.000000000000000000e+00 0.000000000000000000e+00
7.004999990000000398e-01 4.000000000000000000e+00 0.000000000000000000e+00 0.000000000000000000e+00
7.104999990000000487e-01 4.000000000000000000e+00 0.000000000000000000e+00 0.000000000000000000e+00
7.204999990000000576e-01 4.000000000000000000e+00 0.000000000000000000e+00 0.000000000000000000e+00
7.304999990000000665e-01 4.000000000000000000e+00 0.000000000000000000e+00 0.000000000000000000e+00
7.404999990000000754e-01 4.000000000000000000e+00 0.000000000000000000e+00 0.000000000000000000e+00
7.504999990000000842e-01 4.000000000000000000e+00 0.000000000000000000e+00 0.000000000000000000e+00
7.604999990000000931e-01 4.000000000000000000e+00 0.000000000000000000e+00 0.000000000000000000e+00
7.704999990000001020e-01 4.000000000000000000e+00 0.000000000000000000e+00 0.000000000000000000e+00
7.804999989999999999e-01 4.000000000000000000e+00 0.000000000000000000e+00 0.000000000000000000e+00
7.904999990000000087e-01 4.000000000000000000e+00 0.000000000000000000e+00 0.000000000000000000e+00
8.004999990000000176e-01 4.000000000000000000e+00 0.000000000000000000e+00 0.000000000000000000e+00
8.104999990000000265e-01 4.000000000000000000e+00 0.000000000000000000e+00 0.000000000000000000e+00
8.204999990000000354e-01 4.000000000000000000e+00 0.000000000000000000e+00 0.000000000000000000e+00
8.304999990000000443e-01 4.000000000000000000e+00 0.000000000000000000e+00 0.000000000000000000e+00
8.404999990000000532e-01 4.000000000000000000e+00 0.000000000000000000e+00 0.000000000000000000e+00
8.504999990000000620e-01 4.000000000000000000e+00 0.000000000000000000e+00 0.000000000000000000e+00
8.604999990000000709e-01 4.000000000000000000e+00 0.000000000000000000e+00 0.000000000000000000e+00
8.704999990000000798e-01 4.000000000000000000e+00 0.000000000000000000e+00 0.000000000000000000e+00
8.804999990000000887e-01 4.000000000000000000e+00 0.000000000000000000e+00 0.000000000000000000e+00
8.904999990000000976e-01 4.000000000000000000e+00 0.000000000000000000e+00 0.000000000000000000e+00
9.004999990000001064e-01 4.000000000000000000e+00 0.000000000000000000e+00 0.000000000000000000e+00
9.104999990000000043e-01 4.000000000000000000e+00 0.000000000000000000e+00 0.000000000000000000e+00
9.204999990000000132e-01 4.000000000000000000e+00 0.000000000000000000e+00 0.000000000000000000e+00
9.304999990000000221e-01 4.000000000000000000e+00 0.000000000000000000e+00 0.000000000000000000e+00
9.404999990000000309e-01 4.000000000000000000e+00 0.000000000000000000e+00 0.000000000000000000e+00
9.504999990000000398e-01 4.000000000000000000e+00 0.000000000000000000e+00 0.000000000000000000e+00
9.604999990000000487e-01 4.000000000000000000e+00 0.000000000000000000e+00 0.000000000000000000e+00
9.704999990000000576e-01 4.000000000000000000e+00 0.000000000000000000e+00 0.000000000000000000e+00
9.804999990000000665e-01 4.000000000000000000e+00 0.000000000000000000e+00 0.000000000000000000e+00
9.904999990000000754e-01 4.000000000000000000e+00 0.000000000000000000e+00 0.000000000000000000e+00
1.000499999000000084e+00 4.000000000000000000e+00 0.000000000000000000e+00 0.000000000000000000e+00
1.010499999000000093e+00 4.000000000000000000e+00 0.000000000000000000e+00 0.000000000000000000e+00
1.020499999000000102e+00 4.000000000000000000e+00 0.000000000000000000e+00 0.000000000000000000e+00
1.030499999000000111e+00 4.000000000000000000e+00 0.000000000000000000e+00 0.000000000000000000e+00
1.040499999000000120e+00 4.000000000000000000e+00 0.000000000000000000e+00 0.000000000000000000e+00
1.050499999000000129e+00 4.000000000000000000e+00 0.000000000000000000e+00 0.000000000000000000e+00
1.060499999000000138e+00 8.584073465304233874e-01 9.994421998271718155e-08 1.011252024909481367e-07
1.070499999000000146e+00 8.584073688406206326e-01 3.261107252910733260e-06 3.304291982203721793e-06
1.080499999000000155e+00 8.584076714634467642e-01 1.938164234161377048e-05 1.964307948946952947e-05
1.090499999000000164e+00 8.584091275675755917e-01 6.021268665790557617e-05 6.108134612441063393e-05
1.100499999000000173e+00 8.584133078337714551e-01 1.345819979906082218e-04 1.368156224489211926e-04
1.110499998999999960e+00 8.584222722463386024e-01 2.478100955486297729e-04 2.526093423366546770e-04
1.120499998999999969e+00 8.584385512782903849e-01 4.048176705837249660e-04 4.133863449096679540e-04
1.130499998999999978e+00 8.584650239575742914e-01 6.099308133125305601e-04 6.224010586738585975e-04
1.140499998999999987e+00 8.585050500386793848e-01 8.686480522155761233e-04 8.825924396514892283e-04
1.150499998999999995e+00 8.585625008006942949e-01 1.187410593032836885e-03 1.196374654769897421e-03
1.160499999000000004e+00 8.586417390955454199e-01 1.572734475135803209e-03 1.565879225730896053e-03
1.170499999000000013e+00 8.587475810046042435e-01 2.030144929885864275e-03 1.993672966957092240e-03
1.180499999000000022e+00 8.588851915173498774e-01 2.563057184219360348e-03 2.483340978622436673e-03
1.190499999000000031e+00 8.590594458853021420e-01 3.170726299285888620e-03 3.037994146347046051e-03
1.200499999000000040e+00 8.592749864857934794e-01 3.850778102874756036e-03 3.660156965255737232e-03
1.210499999000000049e+00 8.595364496043713665e-01 4.601552963256836347e-03 4.351546287536620788e-03
1.220499999000000058e+00 8.598488653985882912e-01 5.423941135406494009e-03 5.113196372985839670e-03
1.230499999000000066e+00 8.602175028489424946e-01 6.320781230926513297e-03 5.944659233093261413e-03
1.240499999000000075e+00 8.606480336464866765e-01 7.295933723449707364e-03 6.845477581024169735e-03
1.250499999000000084e+00 8.611464221171732936e-01 8.352434158325195562e-03 7.816311359405516898e-03
1.260499999000000093e+00 8.617187211497492338e-01 9.491130828857422333e-03 8.859496116638183177e-03
1.270499999000000102e+00 8.623706869634183425e-01 1.071023273468017616e-02 9.978319168090820160e-03
1.280499999000000111e+00 8.631067163750838489e-01 1.200538730621337861e-02 1.117386913299560532e-02
1.290499999000000120e+00 8.639309519052738029e-01 1.337361335754394531e-02 1.244573974609375008e-02
1.300499999000000129e+00 8.648463309094954754e-01 1.481273555755615277e-02 1.378976440429687499e-02
1.310499999000000138e+00 8.658570822923689070e-01 1.632428359985351601e-02 1.520289516448974573e-02
1.320499999000000146e+00 8.669679145471238524e-01 1.791004943847656142e-02 1.668342399597167944e-02
1.330499999000000155e+00 8.681851436649272724e-01 1.957219314575195379e-02 1.823349380493164210e-02
1.340499999000000164e+00 8.695143043349777834e-01 2.130949401855468731e-02 1.985608482360839977e-02
1.350499999000000173e+00 8.709592535278065650e-01 2.311797904968261597e-02 2.155272102355957134e-02
1.360499999000000182e+00 8.725221492133909962e-01 2.499301910400390792e-02 2.332206916809081987e-02
1.370499999000000191e+00 8.742036049576917822e-01 2.693111038208007707e-02 2.515908813476562533e-02
1.380499998999999978e+00 8.760059760237105531e-01 2.893277359008789018e-02 2.705958938598632818e-02
1.390499998999999987e+00 8.779321334269463151e-01 3.099895286560058749e-02 2.902054405212402266e-02
1.400499998999999995e+00 8.799868579586298534e-01 3.313077545166015492e-02 3.104288673400878995e-02
1.410499999000000004e+00 8.821737603543298167e-01 3.532586669921874978e-02 3.312863159179687406e-02
1.420499999000000013e+00 8.844935644464675395e-01 3.757873153686523693e-02 3.527759933471679571e-02
1.430499999000000022e+00 8.869454202397726306e-01 3.988414382934570013e-02 3.748712921142578064e-02
1.440499999000000031e+00 8.895267236524753152e-01 4.223831939697265947e-02 3.975085067749023482e-02
1.450499999000000040e+00 8.922375346302744425e-01 4.464142990112304754e-02 4.206408691406249983e-02
1.460499999000000049e+00 8.950792730533421171e-01 4.709427642822265614e-02 4.442429733276367226e-02
1.470499999000000058e+00 8.980537292737147403e-01 4.959585189819335632e-02 4.683158874511719055e-02
1.480499999000000066e+00 9.011618290515914786e-01 5.214251708984374983e-02 4.928746795654297130e-02
1.490499999000000075e+00 9.043998399142757494e-01 5.472724533081054638e-02 5.178979492187500006e-02
1.500499999000000084e+00 9.077625258240054062e-01 5.734416580200195346e-02 5.433377838134765409e-02
1.510499999000000093e+00 9.112443982964815170e-01 5.999012374877929488e-02 5.691240310668945618e-02
1.520499999000000102e+00 9.148424604672913407e-01 6.266474151611328702e-02 5.952032852172851884e-02
1.530499999000000111e+00 9.185566095207551296e-01 6.536856079101562023e-02 6.215588760375976435e-02
1.540499999000000120e+00 9.223856445165508067e-01 6.809891510009766225e-02 6.481920623779297008e-02
1.550499999000000129e+00 9.263262304024572069e-01 7.085045623779297197e-02 6.751036834716796220e-02
1.560499999000000138e+00 9.303707175025167642e-01 7.361595153808593583e-02 7.022589111328124412e-02
1.570499999000000146e+00 9.345100672301400735e-01 7.639000701904297141e-02 7.295930480957031616e-02
1.580499999000000155e+00 9.387372723941564967e-01 7.917081451416015103e-02 7.570392608642578791e-02
1.590499999000000164e+00 9.430486244920841532e-01 8.195874786376952659e-02 7.845561218261719316e-02
1.600499999000000173e+00 9.474424979645621470e-01 8.475347137451172408e-02 8.121376800537109808e-02
1.610499999000000182e+00 9.519157673583669155e-01 8.755142211914063166e-02 8.397921752929687900e-02
1.620499999000000191e+00 9.564613730174141848e-01 9.034642791748047352e-02 8.675072479248047141e-02
1.630499999000000200e+00 9.610690210833062741e-01 9.313201904296875000e-02 8.952382659912108687e-02
1.640499999000000209e+00 9.657286269996716577e-01 9.590474700927734131e-02 9.229179382324219361e-02
1.650499998999999995e+00 9.704335176510108241e-01 9.866443634033203458e-02 9.504906463623047363e-02
1.660499999000000004e+00 9.751809043131305366e-01 1.014121780395507849e-01 9.779351806640625144e-02
1.670499999000000013e+00 9.799689751231193124e-01 1.041470870971679674e-01 1.005261306762695317e-01
1.680499999000000022e+00 9.847927088958785546e-01 1.068648452758789030e-01 1.032476577758789094e-01
1.690499999000000031e+00 9.896431691633023053e-01 1.095595779418945259e-01 1.059561614990234407e-01
1.700499999000000040e+00 9.945095501230746260e-01 1.122266464233398486e-01 1.086466751098632832e-01
1.710499999000000049e+00 9.993826492021657959e-01 1.148646621704101506e-01 1.113130340576171939e-01
1.720499999000000058e+00 1.004258911409535049e+00 1.174755325317382859e-01 1.139520645141601507e-01
1.730499999000000066e+00 1.009136957073443863e+00 1.200603790283203132e-01 1.165636749267578154e-01
1.740499999000000075e+00 1.014015133175553807e+00 1.226176757812500046e-01 1.191500396728515654e-01
1.750499999000000084e+00 1.018887873119489695e+00 1.251432189941406314e-01 1.217118453979492143e-01
1.760499999000000093e+00 1.023745139541845983e+00 1.276317672729492259e-01 1.242462539672851557e-01
1.770499999000000102e+00 1.028578022092708100e+00 1.300812988281249971e-01 1.267485427856445412e-01
1.780499999000000111e+00 1.033380233077874077e+00 1.324925689697265541e-01 1.292140045166015605e-01
1.790499999000000120e+00 1.038151291789349173e+00 1.348685150146484435e-01 1.316416320800781192e-01
1.800499999000000129e+00 1.042892432944407144e+00 1.372104187011718712e-01 1.340336608886718850e-01
1.810499999000000138e+00 1.047601467001253894e+00 1.395158996582031297e-01 1.363924407958984342e-01
1.820499999000000146e+00 1.052272991694878312e+00 1.417812347412109319e-01 1.387184448242187451e-01
1.830499999000000155e+00 1.056897859204133372e+00 1.440027770996093748e-01 1.410084381103515749e-01
1.840499999000000164e+00 1.061469167850961348e+00 1.461804199218749989e-01 1.432579193115234295e-01
1.850499999000000173e+00 1.065985803427577983e+00 1.483173370361328125e-01 1.454647064208984264e-01
1.860499999000000182e+00 1.070449415067146415e+00 1.504164123535156328e-01 1.476294555664062480e-01
1.870499999000000191e+00 1.074863070452461988e+00 1.524785461425781363e-01 1.497560119628906228e-01
1.880499999000000200e+00 1.079224940682352418e+00 1.545012512207031286e-01 1.518468322753906141e-01
1.890499999000000209e+00 1.083528676336323215e+00 1.564808349609375093e-01 1.539012908935546986e-01
1.900499999000000217e+00 1.087768028876531679e+00 1.584160919189453176e-01 1.559163970947265720e-01
1.910499999000000226e+00 1.091938585256470695e+00 1.603084259033203118e-01 1.578882751464843748e-01
1.920499999000000013e+00 1.096043434803795957e+00 1.621623077392577994e-01 1.598168792724609377e-01
1.930499999000000022e+00 1.100087213110071183e+00 1.639806518554687564e-01 1.617050018310546844e-01
1.940499999000000031e+00 1.104072423752724852e+00 1.657631072998046740e-01 1.635566101074218681e-01
1.950499999000000040e+00 1.107997752230524879e+00 1.675073699951172002e-01 1.653740539550781208e-01
1.960499999000000049e+00 1.111856570876366135e+00 1.692103424072265716e-01 1.671556396484374929e-01
1.970499999000000058e+00 1.115644678941172252e+00 1.708725433349609357e-01 1.688982696533203043e-01
1.980499999000000066e+00 1.119362299175738373e+00 1.724973907470703227e-01 1.705998992919921797e-01
1.990499999000000075e+00 1.123014351436036007e+00 1.740891723632812527e-01 1.722617340087890525e-01
2.000499999000000084e+00 1.126607592909425470e+00 1.756503753662109479e-01 1.738882904052734268e-01
2.010499999000000315e+00 1.130143660932524385e+00 1.771796722412109504e-01 1.754832458496093650e-01
2.020499999000000102e+00 1.133619822940331145e+00 1.786743621826171746e-01 1.770477447509765656e-01
2.030499999000000333e+00 1.137031145065359405e+00 1.801330108642578143e-01 1.785797271728515601e-01
2.040499999000000120e+00 1.140374807911083810e+00 1.815572509765625009e-01 1.800759277343750020e-01
2.050499998999999907e+00 1.143655265617678607e+00 1.829518280029296950e-01 1.815362854003906290e-01
2.060499999000000138e+00 1.146879060291424279e+00 1.843205413818359284e-01 1.829634094238281328e-01
2.070499998999999924e+00 1.150052355448447416e+00 1.856644744873046926e-01 1.843621978759765745e-01
2.080499999000000155e+00 1.153176103916278228e+00 1.869817962646484477e-01 1.857358856201171970e-01
2.090499998999999942e+00 1.156245626237366153e+00 1.882695617675781141e-01 1.870839538574218808e-01
2.100499999000000173e+00 1.159257540535350017e+00 1.895279541015625069e-01 1.884038848876952998e-01
2.110499998999999960e+00 1.162211820313501009e+00 1.907598876953124911e-01 1.896932983398437467e-01
2.120499999000000191e+00 1.165114783265343013e+00 1.919701843261718832e-01 1.909532775878906297e-01
2.130499998999999978e+00 1.167974457822521739e+00 1.931619415283203078e-01 1.921880035400390652e-01
2.140499999000000209e+00 1.170794806696315193e+00 1.943345794677734384e-01 1.934018096923828256e-01
2.150499998999999995e+00 1.173574802240250792e+00 1.954855957031249869e-01 1.945966949462890616e-01
2.160499999000000226e+00 1.176309559361747414e+00 1.966128540039062400e-01 1.957710418701171795e-01
2.170499999000000013e+00 1.178996401323765042e+00 1.977175598144531310e-01 1.969217681884765647e-01
2.180499999000000244e+00 1.181638716162719982e+00 1.988038177490234482e-01 1.980479736328125129e-01
2.190499999000000031e+00 1.184243613729030198e+00 1.998758087158203078e-01 1.991517486572265683e-01
2.200499999000000262e+00 1.186818537463354639e+00 2.009351959228515561e-01 2.002379150390624918e-01
2.210499999000000049e+00 1.189365386849144501e+00 2.019802551269531121e-01 2.013100128173828107e-01
2.220499999000000280e+00 1.191880453268924223e+00 2.030078887939453236e-01 2.023682861328124916e-01
2.230499999000000066e+00 1.194359434517962004e+00 2.040172424316406274e-01 2.034102630615234331e-01
2.240499999000000297e+00 1.196801053932519565e+00 2.050104370117187547e-01 2.044330139160156212e-01
2.250499999000000084e+00 1.199210873356547635e+00 2.059919891357421817e-01 2.054368438720703127e-01
2.260499999000000315e+00 1.201596532551230112e+00 2.069651184082031137e-01 2.064250183105468817e-01
2.270499999000000102e+00 1.203963281401602359e+00 2.079297943115234470e-01 2.074020385742187389e-01
2.280499999000000333e+00 1.206310615847644208e+00 2.088833770751953034e-01 2.083702697753906374e-01
2.290499999000000120e+00 1.208633211253454576e+00 2.098229370117187520e-01 2.093284301757812604e-01
2.300499999000000351e+00 1.210927150419118803e+00 2.107486724853515625e-01 2.102732849121093650e-01
2.310499999000000138e+00 1.213193633558934614e+00 2.116637268066406119e-01 2.112028350830078005e-01
2.320499998999999924e+00 1.215439119884030861e+00 2.125722656250000064e-01 2.121183166503906314e-01
2.330499999000000155e+00 1.217670891501120067e+00 2.134762115478515687e-01 2.130238342285156183e-01
2.340499998999999942e+00 1.219891643854322805e+00 2.143740997314453056e-01 2.139231262207031137e-01
2.350499999000000173e+00 1.222098044897393265e+00 2.152625579833984393e-01 2.148169555664062591e-01
2.360499998999999960e+00 1.224284413233123203e+00 2.161394958496093699e-01 2.157029266357421982e-01
2.370499999000000191e+00 1.226447650316226934e+00 2.170060577392578238e-01 2.165775146484374969e-01
2.380499998999999978e+00 1.228591329684511457e+00 2.178660583496093706e-01 2.174398956298828067e-01
2.390499999000000209e+00 1.230722345177618360e+00 2.187229003906250024e-01 2.182922973632812624e-01
2.400499998999999995e+00 1.232846417163159236e+00 2.195769958496093799e-01 2.191389617919921873e-01
2.410499999000000226e+00 1.234963574031647804e+00 2.204257202148437456e-01 2.199825897216796944e-01
2.420499999000000013e+00 1.237068277932968696e+00 2.212655334472656277e-01 2.208223571777343797e-01
2.430499999000000244e+00 1.239155054150852031e+00 2.220954589843749938e-01 2.216549530029296999e-01
2.440499999000000031e+00 1.241222657925854955e+00 2.229176483154296784e-01 2.224773254394531163e-01
2.450499999000000262e+00 1.243276222480687698e+00 2.237360076904297002e-01 2.232897338867187442e-01
2.460499999000000049e+00 1.245322608552515753e+00 2.245528717041015698e-01 2.240953521728515641e-01
2.470499999000000280e+00 1.247365285586118366e+00 2.253671875000000102e-01 2.248980255126953043e-01
2.480499999000000066e+00 1.249401543418699134e+00 2.261755218505859255e-01 2.256990814208984508e-01
2.490499999000000297e+00 1.251424749016919247e+00 2.269748229980468879e-01 2.264963836669921793e-01
2.500000000000000000e+00 1.253430170674974420e+00 2.277652587890625080e-01 2.272861022949218823e-01
2.510000000000000231e+00 1.255320006795597187e+00 2.285107116699218732e-01 2.280275421142578252e-01
2.520000000000000018e+00 1.257293790269976563e+00 2.292911987304687427e-01 2.287977447509765561e-01
2.530000000000000249e+00 1.259245067071410817e+00 2.300644531250000124e-01 2.295552520751953096e-01
2.540000000000000036e+00 1.261169195034949730e+00 2.308266143798828052e-01 2.303003845214843803e-01
2.550000000000000266e+00 1.263066797527380158e+00 2.315753784179687413e-01 2.310360412597656232e-01
2.560000000000000053e+00 1.264944154518578667e+00 2.323115386962890661e-01 2.317664337158203136e-01
2.570000000000000284e+00 1.266808545362807514e+00 2.330386352539062511e-01 2.324937744140624929e-01
2.580000000000000071e+00 1.268662844044846638e+00 2.337602996826171897e-01 2.332167205810546928e-01
2.590000000000000302e+00 1.270503778442583442e+00 2.344776153564453181e-01 2.339316864013671893e-01
2.600000000000000089e+00 1.272325109812909139e+00 2.351884765624999984e-01 2.346359863281249902e-01
2.610000000000000320e+00 1.274122965778611061e+00 2.358892974853515623e-01 2.353302764892578058e-01
2.620000000000000107e+00 1.275899957096565451e+00 2.365786285400390543e-01 2.360181121826172013e-01
2.630000000000000338e+00 1.277662874079275035e+00 2.372581329345703205e-01 2.367031555175781177e-01
2.640000000000000124e+00 1.279417834985971725e+00 2.379317932128906243e-01 2.373861999511718834e-01
2.650000000000000355e+00 1.281165255862762642e+00 2.386024475097656139e-01 2.380647583007812484e-01
2.660000000000000142e+00 1.282899634180437509e+00 2.392696685791015632e-01 2.387350463867187467e-01
2.670000000000000373e+00 1.284615022114164118e+00 2.399303436279296986e-01 2.393956451416015541e-01
2.680000000000000160e+00 1.286309451579805252e+00 2.405812377929687496e-01 2.400483398437500138e-01
2.689999999999999947e+00 1.287987722679256875e+00 2.412221221923828152e-01 2.406971130371093615e-01
2.700000000000000178e+00 1.289656889887592195e+00 2.418558197021484502e-01 2.413446044921875033e-01
2.709999999999999964e+00 1.291320956878216464e+00 2.424861602783203174e-01 2.419900817871093734e-01
2.720000000000000195e+00 1.292977566361043218e+00 2.431147613525390661e-01 2.426301422119140627e-01
2.729999999999999982e+00 1.294619997689887558e+00 2.437398223876953152e-01 2.432614746093750002e-01
2.740000000000000213e+00 1.296243176703626654e+00 2.443576965332031337e-01 2.438838958740234264e-01
2.750000000000000000e+00 1.297847808002033254e+00 2.449660797119140587e-01 2.445003051757812518e-01
2.760000000000000231e+00 1.299440068427698991e+00 2.455659332275390572e-01 2.451145019531250080e-01
2.770000000000000018e+00 1.301026445629951400e+00 2.461608734130859288e-01 2.457278442382812567e-01
2.780000000000000249e+00 1.302608379963900331e+00 2.467540588378906163e-01 2.463382873535156226e-01
2.790000000000000036e+00 1.304181030203444891e+00 2.473457183837890760e-01 2.469419403076171804e-01
2.800000000000000266e+00 1.305737643033442197e+00 2.479330291748046977e-01 2.475365295410156263e-01
2.810000000000000053e+00 1.307274656865222262e+00 2.485123138427734468e-01 2.481230773925781341e-01
2.820000000000000284e+00 1.308795528547243237e+00 2.490825653076171875e-01 2.487052612304687382e-01
2.830000000000000071e+00 1.310306978538699596e+00 2.496458282470703227e-01 2.492861633300781365e-01
2.840000000000000302e+00 1.311814081036901225e+00 2.502059631347656188e-01 2.498657836914062458e-01
2.850000000000000089e+00 1.313315646447371865e+00 2.507651672363281348e-01 2.504410400390624791e-01
2.860000000000000320e+00 1.314805139860875771e+00 2.513222808837890510e-01 2.510081787109375018e-01
2.870000000000000107e+00 1.316276506095900745e+00 2.518738098144531201e-01 2.515661621093749911e-01
2.880000000000000338e+00 1.317728591322867793e+00 2.524167327880859624e-01 2.521171875000000062e-01
2.890000000000000124e+00 1.319166648504106254e+00 2.529511718749999916e-01 2.526651306152343790e-01
2.900000000000000355e+00 1.320597576582968502e+00 2.534802246093750266e-01 2.532121124267577850e-01
2.910000000000000142e+00 1.322024237359504806e+00 2.540074310302734562e-01 2.537567596435547079e-01
2.920000000000000373e+00 1.323442994831586450e+00 2.545337524414062469e-01 2.542953948974609468e-01
2.930000000000000160e+00 1.324846718299367287e+00 2.550569305419921884e-01 2.548249511718749805e-01
2.940000000000000391e+00 1.326230594216575520e+00 2.555731506347656001e-01 2.553456726074218586e-01
2.950000000000000178e+00 1.327596318129214970e+00 2.560805053710937251e-01 2.558607788085937584e-01
2.959999999999999964e+00 1.328950389081530847e+00 2.565803222656249938e-01 2.563738403320312553e-01
2.970000000000000195e+00 1.330298860269430783e+00 2.570762939453125062e-01 2.568857116699218568e-01
2.979999999999999982e+00 1.331642082179059106e+00 2.575711975097656481e-01 2.573938903808593581e-01
2.990000000000000213e+00 1.332974350379214634e+00 2.580647277832031072e-01 2.578944396972656095e-01
3.000000000000000000e+00 1.334288917325489932e+00 2.585536804199218830e-01 2.583855590820312575e-01
3.010000000000000231e+00 1.335583030121545223e+00 2.590345764160156272e-01 2.588687133789062678e-01
3.020000000000000018e+00 1.336860900774235583e+00 2.595067443847656197e-01 2.593477478027343963e-01
3.030000000000000249e+00 1.338129588415280624e+00 2.599726867675781206e-01 2.598254394531249734e-01
3.040000000000000036e+00 1.339393340926289033e+00 2.604361267089843612e-01 2.603012390136718590e-01
3.050000000000000266e+00 1.340650129713937933e+00 2.608988342285156192e-01 2.607718811035156237e-01
3.060000000000000053e+00 1.341892900598562033e+00 2.613591613769531419e-01 2.612337951660156365e-01
3.070000000000000284e+00 1.343116018996547201e+00 2.618134460449218492e-01 2.616864929199218537e-01
3.080000000000000071e+00 1.344319478688682512e+00 2.622590637207031228e-01 2.621326293945312469e-01
3.090000000000000302e+00 1.345509211717369036e+00 2.626965637207031024e-01 2.625760803222656481e-01
3.100000000000000089e+00 1.346692034935772497e+00 2.631293334960937425e-01 2.630185241699218857e-01
3.110000000000000320e+00 1.347869995855222047e+00 2.635606994628906241e-01 2.634581604003906063e-01
3.120000000000000107e+00 1.349038619717941145e+00 2.639911193847656046e-01 2.638912353515625031e-01
3.130000000000000338e+00 1.350190938469341351e+00 2.644180297851562722e-01 2.643151855468749978e-01
3.140000000000000124e+00 1.351322654307159699e+00 2.648376159667968910e-01 2.647306823730468661e-01
3.150000000000000355e+00 1.352436620737517581e+00 2.652484741210937580e-01 2.651412658691406077e-01
3.160000000000000142e+00 1.353539676880595177e+00 2.656522521972656259e-01 2.655503540039062527e-01
3.170000000000000373e+00 1.354637602990715894e+00 2.660527648925781197e-01 2.659584045410156028e-01
3.180000000000000160e+00 1.355730138606197066e+00 2.664525146484374996e-01 2.663627319335937771e-01
3.190000000000000391e+00 1.356811045704364060e+00 2.668507995605468586e-01 2.667594604492187771e-01
3.200000000000000178e+00 1.357873987303163998e+00 2.672443237304687469e-01 2.671472473144531068e-01
3.210000000000000409e+00 1.358916849752699330e+00 2.676298217773437349e-01 2.675278320312500235e-01
3.220000000000000195e+00 1.359944542266455780e+00 2.680069580078124902e-01 2.679051818847656419e-01
3.229999999999999982e+00 1.360964233638358278e+00 2.683784179687500049e-01 2.682818908691406157e-01
3.240000000000000213e+00 1.361979946565886612e+00 2.687479858398437726e-01 2.686571350097656241e-01
3.250000000000000000e+00 1.362989090274455917e+00 2.691171264648437589e-01 2.690275573730468994e-01
3.260000000000000231e+00 1.363984566592426395e+00 2.694840698242187416e-01 2.693897399902343559e-01
3.270000000000000018e+00 1.364961012442998500e+00 2.698450622558593581e-01 2.697435302734375040e-01
3.280000000000000249e+00 1.365918977956932290e+00 2.701977539062500044e-01 2.700917053222656183e-01
3.290000000000000036e+00 1.366864734624941624e+00 2.705429077148437389e-01 2.704381103515625107e-01
3.300000000000000266e+00 1.367805153358277126e+00 2.708840026855468541e-01 2.707843017578124845e-01
3.310000000000000053e+00 1.368742105429161526e+00 2.712243347167968555e-01 2.711283569335937726e-01
3.320000000000000284e+00 1.369670692288393887e+00 2.715641784667968683e-01 2.714664306640625080e-01
3.330000000000000071e+00 1.370583996740405874e+00 2.719008483886719008e-01 2.717961730957031419e-01
3.340000000000000302e+00 1.371478142712560189e+00 2.722306518554687416e-01 2.721184692382812575e-01
3.350000000000000089e+00 1.372356365797888555e+00 2.725523376464843994e-01 2.724369506835937482e-01
3.360000000000000320e+00 1.373225847308474856e+00 2.728678283691406414e-01 2.727549438476562504e-01
3.370000000000000107e+00 1.374092190726922791e+00 2.731809082031250169e-01 2.730727539062500209e-01
3.380000000000000338e+00 1.374954762024920063e+00 2.734940185546875235e-01 2.733874816894531490e-01
3.390000000000000124e+00 1.375807261412343552e+00 2.738062744140625226e-01 2.736954345703124791e-01
3.400000000000000355e+00 1.376643376744280722e+00 2.741142883300781152e-01 2.739954223632812269e-01
3.410000000000000142e+00 1.377461445697273579e+00 2.744148559570312451e-01 2.742894592285156086e-01
3.420000000000000373e+00 1.378266946126641912e+00 2.747079772949218568e-01 2.745815429687499809e-01
3.430000000000000160e+00 1.379067174231437987e+00 2.749965515136718608e-01 2.748740844726562660e-01
3.440000000000000391e+00 1.379865781378927903e+00 2.752842102050781503e-01 2.751661071777343759e-01
3.450000000000000178e+00 1.380659820284472650e+00 2.755723266601562416e-01 2.754541015624999978e-01
3.460000000000000409e+00 1.381442087074770342e+00 2.758588562011718981e-01 2.757348937988281512e-01
3.470000000000000195e+00 1.382207470398278071e+00 2.761400756835937775e-01 2.760085144042968563e-01
3.480000000000000426e+00 1.382957211200696923e+00 2.764138488769531388e-01 2.762780151367187353e-01
3.490000000000000213e+00 1.383697989499498959e+00 2.766812438964843524e-01 2.765471801757812265e-01
3.500000000000000000e+00 1.384436412946048023e+00 2.769458312988281046e-01 2.768172302246093563e-01
3.510000000000000231e+00 1.385173912771804128e+00 2.772107238769531135e-01 2.770860900878906463e-01
3.520000000000000018e+00 1.385905129315271322e+00 2.774759521484375102e-01 2.773498535156250222e-01
3.530000000000000249e+00 1.386623216513518830e+00 2.777386779785156468e-01 2.776064147949218741e-01
3.540000000000000036e+00 1.387324737489633364e+00 2.779952087402343675e-01 2.778569946289062287e-01
3.550000000000000266e+00 1.388013600423297689e+00 2.782446594238281445e-01 2.781053161621093728e-01
3.560000000000000053e+00 1.388697100815795560e+00 2.784891967773437393e-01 2.783544921875000244e-01
3.570000000000000284e+00 1.389380474579580138e+00 2.787326660156250191e-01 2.786044616699218657e-01
3.580000000000000071e+00 1.390062326309655871e+00 2.789771728515624827e-01 2.788521118164062340e-01
3.590000000000000302e+00 1.390735970192762405e+00 2.792215270996094012e-01 2.790938110351562362e-01
3.600000000000000089e+00 1.391395302601628359e+00 2.794622192382812398e-01 2.793286743164062336e-01
3.610000000000000320e+00 1.392039418095024184e+00 2.796962890624999920e-01 2.795590209960937544e-01
3.620000000000000107e+00 1.392674143829936817e+00 2.799240112304687278e-01 2.797887878417968932e-01
3.630000000000000338e+00 1.393306756243228195e+00 2.801485290527343519e-01 2.800200805664062598e-01
3.640000000000000124e+00 1.393940262264055097e+00 2.803734130859374951e-01 2.802514953613281512e-01
3.650000000000000355e+00 1.394570805420968007e+00 2.805995788574218719e-01 2.804793395996093563e-01
3.660000000000000142e+00 1.395191131112202942e+00 2.808247070312500093e-01 2.807007141113281312e-01
3.670000000000000373e+00 1.395796477384910084e+00 2.810450439453124893e-01 2.809159545898437527e-01
3.680000000000000160e+00 1.396388992705773324e+00 2.812588195800781454e-01 2.811283874511718572e-01
3.690000000000000391e+00 1.396975540437161545e+00 2.814674072265624938e-01 2.813415832519531312e-01
3.700000000000000178e+00 1.397562441477326445e+00 2.816745300292968768e-01 2.815563659667968954e-01
3.710000000000000409e+00 1.398150248685464891e+00 2.818830261230468870e-01 2.817702941894531521e-01
3.720000000000000195e+00 1.398732972554401988e+00 2.820925292968750053e-01 2.819794311523437513e-01
3.730000000000000426e+00 1.399303850665355231e+00 2.822998962402343825e-01 2.821820678710937336e-01
3.740000000000000213e+00 1.399860150688853944e+00 2.825016479492187260e-01 2.823797302246093821e-01
3.750000000000000444e+00 1.400406536422388992e+00 2.826972351074218959e-01 2.825763244628906046e-01
3.760000000000000231e+00 1.400950315077089448e+00 2.828891601562499858e-01 2.827745971679687664e-01
3.770000000000000018e+00 1.401496079895222735e+00 2.830812377929687318e-01 2.829740295410156370e-01
3.780000000000000249e+00 1.402041704917880827e+00 2.832752075195312247e-01 2.831713562011718976e-01
3.790000000000000036e+00 1.402579952700075738e+00 2.834694519042968985e-01 2.833630065917968621e-01
3.800000000000000266e+00 1.403105152725286686e+00 2.836602783203124867e-01 2.835486145019531223e-01
3.810000000000000053e+00 1.403617335960017032e+00 2.838451232910156330e-01 2.837307739257812766e-01
3.820000000000000284e+00 1.404122924878944190e+00 2.840246582031250022e-01 2.839134216308593639e-01
3.830000000000000071e+00 1.404628903623436287e+00 2.842022399902343621e-01 2.840982055664062478e-01
3.840000000000000302e+00 1.405137404396983758e+00 2.843812255859374805e-01 2.842832946777343883e-01
3.850000000000000089e+00 1.406140611835043908e+00 2.847420349121093652e-01 2.846404724121093799e-01
3.860000000000000320e+00 1.406140611835043908e+00 2.847420349121093652e-01 2.846404724121093799e-01
3.870000000000000107e+00 1.406624047447811776e+00 2.849175109863281152e-01 2.848108520507812713e-01
3.880000000000000338e+00 1.407096936645833241e+00 2.850870361328124991e-01 2.849795532226562234e-01
3.890000000000000124e+00 1.407566570189260569e+00 2.852524719238281325e-01 2.851499328613281148e-01
3.900000000000000355e+00 1.408038709678628431e+00 2.854176330566406405e-01 2.853222961425781468e-01
3.910000000000000142e+00 1.408512759477400955e+00 2.855848999023437584e-01 2.854938354492187469e-01
3.920000000000000373e+00 1.408982271086272942e+00 2.857534790039062411e-01 2.856607360839844012e-01
3.930000000000000160e+00 1.409440618378867027e+00 2.859198913574218515e-01 2.858217468261718963e-01
3.940000000000000391e+00 1.409886083333425910e+00 2.860809936523437402e-01 2.859787902832031103e-01
3.950000000000000178e+00 1.410324085042492737e+00 2.862366638183593825e-01 2.861358642578125111e-01
3.960000000000000409e+00 1.410761843912389679e+00 2.863897094726562398e-01 2.862953186035156472e-01
3.970000000000000195e+00 1.411203208982839019e+00 2.865438537597655988e-01 2.864561767578124862e-01
3.980000000000000426e+00 1.411644846625500493e+00 2.867003173828124862e-01 2.866148376464843772e-01
3.990000000000000213e+00 1.412079483688310821e+00 2.868570861816406303e-01 2.867681274414062287e-01
4.000000000000000000e+00 1.412501851432703459e+00 2.870104064941406130e-01 2.869160461425781516e-01
4.010000000000000675e+00 1.412913096883685604e+00 2.871580810546874862e-01 2.870616149902343595e-01
4.020000000000000462e+00 1.413319891153039132e+00 2.873011474609374893e-01 2.872085571289062500e-01
4.030000000000000249e+00 1.413728997253034247e+00 2.874432373046875155e-01 2.873580627441406077e-01
4.040000000000000036e+00 1.414141573444872124e+00 2.875873718261718892e-01 2.875079345703124845e-01
4.049999999999999822e+00 1.414552095928115705e+00 2.877335205078124791e-01 2.876542663574218617e-01
4.060000000000000497e+00 1.414953407682428166e+00 2.878787231445312234e-01 2.877949218749999982e-01
4.070000000000000284e+00 1.415342159743553152e+00 2.880193176269530975e-01 2.879311828613281277e-01
4.080000000000000071e+00 1.415722244742596558e+00 2.881544189453125182e-01 2.880667114257812744e-01
4.089999999999999858e+00 1.416100945821466173e+00 2.882861633300781157e-01 2.882045593261718941e-01
4.100000000000000533e+00 1.416483536887016559e+00 2.884184570312500195e-01 2.883445739746093861e-01
4.110000000000000320e+00 1.416868304955857694e+00 2.885532531738281281e-01 2.884835815429687700e-01
4.120000000000000107e+00 1.417248301870306371e+00 2.886892700195312633e-01 2.886179199218750213e-01
4.129999999999999893e+00 1.417617303180363386e+00 2.888229064941406077e-01 2.887467651367187638e-01
4.140000000000000568e+00 1.417974529741982348e+00 2.889512329101562305e-01 2.888724975585937327e-01
4.150000000000000355e+00 1.418326112536166805e+00 2.890746459960937265e-01 2.889990844726562647e-01
4.160000000000000142e+00 1.418679046095182361e+00 2.891962890625000004e-01 2.891283569335937331e-01
4.169999999999999929e+00 1.419036337091167388e+00 2.893196716308593652e-01 2.892589416503906219e-01
4.180000000000000604e+00 1.419393564751488590e+00 2.894455261230468590e-01 2.893869628906249880e-01
4.190000000000000391e+00 1.419743469938512304e+00 2.895714416503906152e-01 2.895096740722656325e-01
4.200000000000000178e+00 1.420081279857129841e+00 2.896936340332031401e-01 2.896274719238281503e-01
4.209999999999999964e+00 1.420409351069074066e+00 2.898103637695312318e-01 2.897437744140625160e-01
4.220000000000000639e+00 1.420734812270507907e+00 2.899232177734374916e-01 2.898620605468750222e-01
4.230000000000000426e+00 1.421063722778398208e+00 2.900358886718750195e-01 2.899829406738281268e-01
4.240000000000000213e+00 1.421396213550923715e+00 2.901510620117187522e-01 2.901038208007812313e-01
4.250000000000000000e+00 1.421726095018575275e+00 2.902682189941406254e-01 2.902208251953125040e-01
4.260000000000000675e+00 1.422046356221158270e+00 2.903840332031250027e-01 2.903323059082031365e-01
4.270000000000000462e+00 1.422354755673755466e+00 2.904951782226562473e-01 2.904400024414062753e-01
4.280000000000000249e+00 1.422656019320357679e+00 2.906011962890625022e-01 2.905477294921874898e-01
4.290000000000000036e+00 1.422957629860604367e+00 2.907047119140624969e-01 2.906581726074218830e-01
4.300000000000000711e+00 1.423263890651984331e+00 2.908095092773437251e-01 2.907705993652343612e-01
4.310000000000000497e+00 1.423572049674233675e+00 2.909170837402343945e-01 2.908815612792968741e-01
4.320000000000000284e+00 1.423874919616244128e+00 2.910257263183593790e-01 2.909876708984375226e-01
4.330000000000000071e+00 1.424166686242807067e+00 2.911316528320312402e-01 2.910885925292968635e-01
4.339999999999999858e+00 1.424447818005901700e+00 2.912324218749999805e-01 2.911871032714843932e-01
4.350000000000000533e+00 1.424724941640367781e+00 2.913288574218749760e-01 2.912870788574218883e-01
4.360000000000000320e+00 1.425004860217039315e+00 2.914243774414062571e-01 2.913899230957031072e-01
4.370000000000000107e+00 1.425289470349176746e+00 2.915222167968750111e-01 2.914937438964843586e-01
4.379999999999999893e+00 1.425573690684780681e+00 2.916226501464843635e-01 2.915946655273437549e-01
4.390000000000000568e+00 1.425850239489998339e+00 2.917229309082031152e-01 2.916902770996093741e-01
4.400000000000000355e+00 1.426115148989671733e+00 2.918193359374999796e-01 2.917814941406249862e-01
4.410000000000000142e+00 1.426371732788631830e+00 2.919106140136718541e-01 2.918719177246093532e-01
4.419999999999999929e+00 1.426627401229640713e+00 2.919987182617187482e-01 2.919648437499999805e-01
4.430000000000000604e+00 1.426887715080274788e+00 2.920874938964843626e-01 2.920603637695312615e-01
4.440000000000000391e+00 1.427151814009204545e+00 2.921792297363281499e-01 2.921555786132812305e-01
4.450000000000000178e+00 1.427412843494017869e+00 2.922728881835937598e-01 2.922466735839843732e-01
4.459999999999999964e+00 1.427664290367699040e+00 2.923649597167968794e-01 2.923325500488281325e-01
4.470000000000000639e+00 1.427904856937022293e+00 2.924524230957031290e-01 2.924153137207031183e-01
4.480000000000000426e+00 1.428140103531300831e+00 2.925352478027343772e-01 2.924989318847656117e-01
4.490000000000000213e+00 1.428377362166341813e+00 2.926164245605468728e-01 2.925856018066406161e-01
4.500000000000000000e+00 1.428620128535694755e+00 2.926995849609375089e-01 2.926741638183593675e-01
4.510000000000000675e+00 1.428864693741580538e+00 2.927857971191406006e-01 2.927609252929687655e-01
4.520000000000000462e+00 1.429103721871478605e+00 2.928728637695312553e-01 2.928428955078125062e-01
4.530000000000000249e+00 1.429331984236991149e+00 2.929570007324218683e-01 2.929201660156249831e-01
4.540000000000000036e+00 1.429551272058324329e+00 2.930362243652343546e-01 2.929960021972656259e-01
4.550000000000000711e+00 1.429768401730074912e+00 2.931117553710937407e-01 2.930740051269531410e-01
4.560000000000000497e+00 1.429989933450066530e+00 2.931872863769531268e-01 2.931551208496093741e-01
4.570000000000000284e+00 1.430216644254752367e+00 2.932657165527343679e-01 2.932369995117187766e-01
4.580000000000000071e+00 1.430442621526528679e+00 2.933467407226562629e-01 2.933157653808593501e-01
4.589999999999999858e+00 1.430660787287823199e+00 2.934273071289062451e-01 2.933894653320312518e-01
4.600000000000000533e+00 1.430868206627413208e+00 2.935038452148437393e-01 2.934595947265625226e-01
4.610000000000000320e+00 1.431069195155949991e+00 2.935756225585937629e-01 2.935299377441406010e-01
4.620000000000000107e+00 1.431271219229699687e+00 2.936450805664062580e-01 2.936033325195312460e-01
4.629999999999999893e+00 1.431479112785237318e+00 2.937159729003906428e-01 2.936794433593750142e-01
4.640000000000000568e+00 1.431690761247719879e+00 2.937901306152344016e-01 2.937549438476562691e-01
4.650000000000000355e+00 1.431899000392244048e+00 2.938660278320312513e-01 2.938262939453125111e-01
4.660000000000000142e+00 1.432097744824229579e+00 2.939399719238281472e-01 2.938928833007812269e-01
4.669999999999999929e+00 1.432286908004538617e+00 2.940093078613281175e-01 2.939573059082031259e-01
4.680000000000000604e+00 1.432472704516990492e+00 2.940745239257812615e-01 2.940234680175781157e-01
4.690000000000000391e+00 1.432662212412121328e+00 2.941389160156249738e-01 2.940930786132812669e-01
4.700000000000000178e+00 1.432857891971788478e+00 2.942058715820312642e-01 2.941644897460937713e-01
4.709999999999999964e+00 1.433055082257471025e+00 2.942759094238281414e-01 2.942338867187500040e-01
4.720000000000000639e+00 1.433246316900171458e+00 2.943464660644531383e-01 2.942985534667968972e-01
4.730000000000000426e+00 1.433427323070294079e+00 2.944137878417968923e-01 2.943592224121093781e-01
4.740000000000000213e+00 1.433600776306365177e+00 2.944763488769531201e-01 2.944193115234374769e-01
4.750000000000000000e+00 1.433773970228689354e+00 2.945358276367187611e-01 2.944822998046874862e-01
4.760000000000000675e+00 1.433952731417551973e+00 2.945959777832031223e-01 2.945485534667968697e-01
4.770000000000000462e+00 1.434136844342130734e+00 2.946593627929687265e-01 2.946153564453125040e-01
4.780000000000000249e+00 1.434319792214576728e+00 2.947252197265625151e-01 2.946788635253906330e-01
4.790000000000000036e+00 1.434494712814739614e+00 2.947901611328124782e-01 2.947376098632812358e-01
4.800000000000000711e+00 1.434659620629766152e+00 2.948508911132812771e-01 2.947934875488281148e-01
4.810000000000000497e+00 1.434819694390024880e+00 2.949071960449218821e-01 2.948503723144531019e-01
4.820000000000000284e+00 1.434982314169115591e+00 2.949617919921875275e-01 2.949107666015625129e-01
4.830000000000000071e+00 1.435151407646535038e+00 2.950184020996093892e-01 2.949737243652343910e-01
4.839999999999999858e+00 1.435323910791058033e+00 2.950783691406250187e-01 2.950357360839843679e-01
4.850000000000000533e+00 1.435492400432694327e+00 2.951397705078124822e-01 2.950934753417968626e-01
4.860000000000000320e+00 1.435651352189909913e+00 2.951987609863281348e-01 2.951468811035156126e-01
4.870000000000000107e+00 1.435801715292975400e+00 2.952531433105468617e-01 2.951988220214843972e-01
4.879999999999999893e+00 1.435950135923904192e+00 2.953038024902343572e-01 2.952531127929687305e-01
4.890000000000000568e+00 1.436103433231890270e+00 2.953543395996093834e-01 2.953109741210937500e-01
4.900000000000000355e+00 1.436262902219203497e+00 2.954078369140625271e-01 2.953702392578124725e-01
4.910499999000000670e+00 1.436423105070752104e+00 2.954643249511718639e-01 2.954270324707031214e-01
4.920499999000000457e+00 1.436584171232288432e+00 2.955235900878906419e-01 2.954816589355468981e-01
4.930499999000000244e+00 1.436727413058853653e+00 2.955762634277343537e-01 2.955302734374999907e-01
4.940499999000000031e+00 1.436864957743743121e+00 2.956242065429687260e-01 2.955795898437499902e-01
4.950499999000000706e+00 1.437004055842044714e+00 2.956696777343750249e-01 2.956324768066406206e-01
4.960499999000000493e+00 1.437149454983059904e+00 2.957165527343750266e-01 2.956884155273437620e-01
4.970499999000000280e+00 1.437298565823374119e+00 2.957664184570312771e-01 2.957439880371093843e-01
4.980499999000000066e+00 1.437444180954591921e+00 2.958176879882812305e-01 2.957956848144531192e-01
4.990499999000000741e+00 1.437580560275411923e+00 2.958666687011718976e-01 2.958431396484375031e-01
5.000499999000000528e+00 1.437707919465033735e+00 2.959108276367187762e-01 2.958890380859374725e-01
5.010499999000000315e+00 1.437832775355154302e+00 2.959509582519531112e-01 2.959371948242187633e-01
5.020499999000000102e+00 1.437962119688737772e+00 2.959905700683593821e-01 2.959890441894530988e-01
5.030499998999999889e+00 1.438097851502036839e+00 2.960328979492187762e-01 2.960426940917968985e-01
5.040499999000000564e+00 1.438234834887172076e+00 2.960782470703124947e-01 2.960942077636719016e-01
5.050499999000000351e+00 1.438365776063319723e+00 2.961239013671875253e-01 2.961411437988281103e-01
5.060499999000000138e+00 1.438486704561482199e+00 2.961661682128906015e-01 2.961843872070312744e-01
5.070499998999999924e+00 1.438600943649810171e+00 2.962037963867187318e-01 2.962275390624999893e-01
5.080499999000000599e+00 1.438715830290912878e+00 2.962387695312500013e-01 2.962738037109374778e-01
5.090499999000000386e+00 1.438837018175257665e+00 2.962749328613281108e-01 2.963233337402343959e-01
5.100499999000000173e+00 1.438963428111633247e+00 2.963145446777343817e-01 2.963731079101562527e-01
5.110499998999999960e+00 1.439088413509844511e+00 2.963566589355468572e-01 2.964193725585937411e-01
5.120499999000000635e+00 1.439205414448399001e+00 2.963977966308593559e-01 2.964609680175781525e-01
5.130499999000000422e+00 1.439313007045369464e+00 2.964348449707031041e-01 2.964999999999999858e-01
5.140499999000000209e+00 1.439416758947202002e+00 2.964678344726562331e-01 2.965403747558593706e-01
5.150499998999999995e+00 1.439524136505701213e+00 2.964998168945312540e-01 2.965843200683593861e-01
5.160499999000000670e+00 1.439638419399757119e+00 2.965343627929687420e-01 2.966305847167968746e-01
5.170499999000000457e+00 1.439756068184282922e+00 2.965725708007812544e-01 2.966755676269531294e-01
5.180499999000000244e+00 1.439869573203980346e+00 2.966122741699218635e-01 2.967161254882812460e-01
5.190499999000000031e+00 1.439973799081953887e+00 2.966496276855468683e-01 2.967524719238281428e-01
5.200499999000000706e+00 1.440070472657328349e+00 2.966827087402343910e-01 2.967877502441406135e-01
5.210499999000000493e+00 1.440166456303227704e+00 2.967127380371094025e-01 2.968255920410156068e-01
5.220499999000000280e+00 1.440268223474520104e+00 2.967433471679687407e-01 2.968669433593750240e-01
5.230499999000000066e+00 1.440376593541449868e+00 2.967774963378906339e-01 2.969094238281250187e-01
5.240499999000000741e+00 1.440485696504941293e+00 2.968149108886719012e-01 2.969491577148437589e-01
5.250499999000000528e+00 1.440588325145689019e+00 2.968524475097656379e-01 2.969841918945312353e-01
5.260499999000000315e+00 1.440681545399750130e+00 2.968866271972656068e-01 2.970159301757812620e-01
5.270499999000000102e+00 1.440769759950855988e+00 2.969166870117187496e-01 2.970482482910156152e-01
5.280499998999999889e+00 1.440860305692664101e+00 2.969450073242187460e-01 2.970839538574218675e-01
5.290499999000000564e+00 1.440957972612287641e+00 2.969753723144531454e-01 2.971226501464843683e-01
5.300499999000000351e+00 1.441060774691590440e+00 2.970096435546875080e-01 2.971610717773437438e-01
5.310499999000000138e+00 1.441161461095192164e+00 2.970462646484374747e-01 2.971956481933593630e-01
5.320499998999999924e+00 1.441253947079111475e+00 2.970815429687500009e-01 2.972257690429687682e-01
5.330499999000000599e+00 1.441338017637250335e+00 2.971127624511718524e-01 2.972539978027343710e-01
5.340499999000000386e+00 1.441420017398117759e+00 2.971404724121093910e-01 2.972842712402343768e-01
5.350499999000000173e+00 1.441506937692070611e+00 2.971679382324218799e-01 2.973182678222656139e-01
5.360499998999999960e+00 1.441601237780236078e+00 2.971985473632812735e-01 2.973543395996093852e-01
5.370499999000000635e+00 1.441698212782016819e+00 2.972328186035156361e-01 2.973886413574218790e-01
5.380499999000000422e+00 1.441790482753457558e+00 2.972681579589843692e-01 2.974185485839843657e-01
5.390499999000000209e+00 1.441873689501421474e+00 2.973008117675781103e-01 2.974447326660156210e-01
5.400499998999999995e+00 1.441950423185259123e+00 2.973292236328125004e-01 2.974705810546874885e-01
5.410499999000000670e+00 1.442028107129470715e+00 2.973551025390624991e-01 2.974996337890625231e-01
5.420499999000000457e+00 1.442112437659451185e+00 2.973821716308593932e-01 2.975321960449218706e-01
5.430499999000000244e+00 1.442203241377537637e+00 2.974129638671875187e-01 2.975656127929687256e-01
5.440499999000000031e+00 1.442377725382030240e+00 2.974800720214843541e-01 2.976218872070312549e-01
5.450499999000000706e+00 1.442377725382030240e+00 2.974800720214843541e-01 2.976218872070312549e-01
5.460499999000000493e+00 1.442452559503831555e+00 2.975097045898437709e-01 2.976451721191405997e-01
5.470499999000000280e+00 1.442523639642721456e+00 2.975353698730468510e-01 2.976697692871093648e-01
5.480499999000000066e+00 1.442598173034335129e+00 2.975597534179687531e-01 2.976980895996093612e-01
5.490499999000000741e+00 1.442680345347469917e+00 2.975866088867187287e-01 2.977293395996093994e-01
5.500499999000000528e+00 1.442766832746019023e+00 2.976172485351562536e-01 2.977598571777343994e-01
5.510499999000000315e+00 1.442850384614097869e+00 2.976497497558593941e-01 2.977864379882812496e-01
5.520499999000000102e+00 1.442925391068179852e+00 2.976802673339843941e-01 2.978089599609374805e-01
5.530499999000000777e+00 1.442992715928275826e+00 2.977065429687499876e-01 2.978302917480468714e-01
5.540499999000000564e+00 1.443059092051606207e+00 2.977295227050781312e-01 2.978542480468749920e-01
5.550499999000000351e+00 1.443131251699489859e+00 2.977527465820312691e-01 2.978820495605468688e-01
5.560499999000000138e+00 1.443210532094604481e+00 2.977792968749999880e-01 2.979115600585937607e-01
5.570499998999999924e+00 1.443291494885106774e+00 2.978092041015624747e-01 2.979389038085937247e-01
5.580499999000000599e+00 1.443366803459841474e+00 2.978395080566406117e-01 2.979618530273437371e-01
5.590499999000000386e+00 1.443432876408974996e+00 2.978665466308593746e-01 2.979815368652343754e-01
5.600499999000000173e+00 1.443493555246536886e+00 2.978893432617187309e-01 2.980016479492187398e-01
5.610499998999999960e+00 1.443556133631924698e+00 2.979099731445312704e-01 2.980252685546874725e-01
5.620499999000000635e+00 1.443625876326718682e+00 2.979322509765625071e-01 2.980523071289062353e-01
5.630499999000000422e+00 1.443701229043669265e+00 2.979582519531249751e-01 2.980795898437499925e-01
5.640499999000000209e+00 1.443775286321491436e+00 2.979867553710937589e-01 2.981034545898437749e-01
5.650499998999999995e+00 1.443841574945848416e+00 2.980141296386718541e-01 2.981229553222656259e-01
5.660499999000000670e+00 1.443899275537005922e+00 2.980374450683593857e-01 2.981404418945312607e-01
5.670499999000000457e+00 1.443954257812403608e+00 2.980569458007812367e-01 2.981598205566406423e-01
5.680499999000000244e+00 1.444013728902750815e+00 2.980757446289062362e-01 2.981830749511718559e-01
5.690499999000000031e+00 1.444080622995608687e+00 2.980973510742187527e-01 2.982087707519531228e-01
5.700499999000000706e+00 1.444150796485989208e+00 2.981225585937499756e-01 2.982331848144531006e-01
5.710499999000000493e+00 1.444216912601374414e+00 2.981490783691406188e-01 2.982534179687499898e-01
5.720499999000000280e+00 1.444274008767359341e+00 2.981730651855468706e-01 2.982698059082031228e-01
5.730499999000000066e+00 1.444324157022449207e+00 2.981926879882812464e-01 2.982856445312500049e-01
5.740499999000000741e+00 1.444374521606561990e+00 2.982094421386718985e-01 2.983045043945312669e-01
5.750499999000000528e+00 1.444431230567675861e+00 2.982269897460937402e-01 2.983270568847656290e-01
5.760499999000000315e+00 1.444494714967284210e+00 2.982481079101562682e-01 2.983508300781250178e-01
5.770499999000000102e+00 1.444558673494145129e+00 2.982723083496093830e-01 2.983718566894531521e-01
5.780499999000000777e+00 1.444616071731084750e+00 2.982963562011718972e-01 2.983883972167968857e-01
5.790499999000000564e+00 1.444664407083758206e+00 2.983168334960937251e-01 2.984020996093750266e-01
5.800499999000000351e+00 1.444708340862739249e+00 2.983331909179687269e-01 2.984168090820312758e-01
5.810499999000000138e+00 1.444755252918696886e+00 2.983479614257812385e-01 2.984352111816406250e-01
5.820499998999999924e+00 1.444809588078225016e+00 2.983648986816406223e-01 2.984566955566406166e-01
5.830499999000000599e+00 1.444868885923277446e+00 2.983856506347656312e-01 2.984778747558593515e-01
5.840499999000000386e+00 1.444925895907022362e+00 2.984085388183593812e-01 2.984953002929687238e-01
5.850499999000000173e+00 1.444974662707089630e+00 2.984298095703125098e-01 2.985085144042968763e-01
5.860499998999999960e+00 1.445015532014724657e+00 2.984469604492187567e-01 2.985202636718750080e-01
5.870499999000000635e+00 1.445054848103574319e+00 2.984606323242187664e-01 2.985343933105468750e-01
5.880499999000000422e+00 1.445099602266406436e+00 2.984742736816406450e-01 2.985523986816406294e-01
5.890499999000000209e+00 1.445151865671042923e+00 2.984911193847656352e-01 2.985725097656249938e-01
5.900499998999999995e+00 1.445206674899430555e+00 2.985115661621093874e-01 2.985908203125000049e-01
5.910499999000000670e+00 1.445256606998863713e+00 2.985328674316406472e-01 2.986048278808594025e-01
5.920499999000000457e+00 1.445297562453070617e+00 2.985512695312499964e-01 2.986153869628906388e-01
5.930499999000000244e+00 1.445332778336375634e+00 2.985654602050781259e-01 2.986260986328124756e-01
5.940499999000000031e+00 1.445369591378358187e+00 2.985773315429687269e-01 2.986402587890624738e-01
5.950499999000000706e+00 1.445413611772073281e+00 2.985906982421874800e-01 2.986580200195312340e-01
5.960499999000000493e+00 1.445463976035500586e+00 2.986078491210937269e-01 2.986764831542969012e-01
5.970499999000000280e+00 1.445514037796471252e+00 2.986278686523437531e-01 2.986918640136718706e-01
5.980499999000000066e+00 1.445557194249165622e+00 2.986472778320312660e-01 2.987029724121093577e-01
5.990499999000000741e+00 1.445591892079310936e+00 2.986629028320312296e-01 2.987118835449218968e-01
6.000499999000000528e+00 1.445623569209475878e+00 2.986747131347656237e-01 2.987224731445312642e-01
6.010499999000000315e+00 1.445659648580537304e+00 2.986856384277343790e-01 2.987370605468749885e-01
