4.200000000000000400e-01 1.217460114995705212e+01 0.000000000000000000e+00 0.000000000000000000e+00 8.999999523162841575e-01 8.999999523162841575e-01 0.000000000000000000e+00 0.000000000000000000e+00 0.000000000000000000e+00 0.000000000000000000e+00 0.000000000000000000e+00 0.000000000000000000e+00
4.300000000000000488e-01 1.217460114995705212e+01 0.000000000000000000e+00 0.000000000000000000e+00 8.999999523162841575e-01 8.999999523162841575e-01 0.000000000000000000e+00 0.000000000000000000e+00 0.000000000000000000e+00 0.000000000000000000e+00 0.000000000000000000e+00 0.000000000000000000e+00
4.400000000000000022e-01 1.217460114995705212e+01 0.000000000000000000e+00 0.000000000000000000e+00 8.999999523162841575e-01 8.999999523162841575e-01 0.000000000000000000e+00 0.000000000000000000e+00 0.000000000000000000e+00 0.000000000000000000e+00 0.000000000000000000e+00 0.000000000000000000e+00
4.500000000000000111e-01 1.217460114995705212e+01 0.000000000000000000e+00 0.000000000000000000e+00 8.999999523162841575e-01 8.999999523162841575e-01 0.000000000000000000e+00 0.000000000000000000e+00 0.000000000000000000e+00 0.000000000000000000e+00 0.000000000000000000e+00 0.000000000000000000e+00
4.600000000000000200e-01 1.217460114995705212e+01 0.000000000000000000e+00 0.000000000000000000e+00 8.999999523162841575e-01 8.999999523162841575e-01 0.000000000000000000e+00 0.000000000000000000e+00 0.000000000000000000e+00 0.000000000000000000e+00 0.000000000000000000e+00 0.000000000000000000e+00
4.700000000000000289e-01 1.217460114995705212e+01 0.000000000000000000e+00 0.000000000000000000e+00 8.999999523162841575e-01 8.999999523162841575e-01 0.000000000000000000e+00 0.000000000000000000e+00 0.000000000000000000e+00 0.000000000000000000e+00 0.000000000000000000e+00 0.000000000000000000e+00
4.800000000000000377e-01 1.217460114995705212e+01 0.000000000000000000e+00 0.000000000000000000e+00 8.999999523162841575e-01 8.999999523162841575e-01 0.000000000000000000e+00 0.000000000000000000e+00 0.000000000000000000e+00 0.000000000000000000e+00 0.000000000000000000e+00 0.000000000000000000e+00
4.900000000000000466e-01 1.217460114995705212e+01 0.000000000000000000e+00 0.000000000000000000e+00 8.999999523162841575e-01 8.999999523162841575e-01 0.000000000000000000e+00 0.000000000000000000e+00 0.000000000000000000e+00 0.000000000000000000e+00 0.000000000000000000e+00 0.000000000000000000e+00
5.000000000000000000e-01 1.217460114995705212e+01 0.000000000000000000e+00 0.000000000000000000e+00 8.999999523162841575e-01 8.999999523162841575e-01 0.000000000000000000e+00 0.000000000000000000e+00 0.000000000000000000e+00 0.000000000000000000e+00 0.000000000000000000e+00 0.000000000000000000e+00
5.104999989999999821e-01 1.217460114995705212e+01 0.000000000000000000e+00 0.000000000000000000e+00 8.999999523162841575e-01 8.999999523162841575e-01 0.000000000000000000e+00 0.000000000000000000e+00 0.000000000000000000e+00 0.000000000000000000e+00 0.000000000000000000e+00 0.000000000000000000e+00
5.204999989999999910e-01 1.217460114995705212e+01 0.000000000000000000e+00 0.000000000000000000e+00 8.999999523162841575e-01 8.999999523162841575e-01 0.000000000000000000e+00 0.000000000000000000e+00 0.000000000000000000e+00 0.000000000000000000e+00 0.000000000000000000e+00 0.000000000000000000e+00
5.304999989999999999e-01 1.217460114995705212e+01 0.000000000000000000e+00 0.000000000000000000e+00 8.999999523162841575e-01 8.999999523162841575e-01 0.000000000000000000e+00 0.000000000000000000e+00 0.000000000000000000e+00 0.000000000000000000e+00 0.000000000000000000e+00 0.000000000000000000e+00
5.404999990000000087e-01 1.217460114995705212e+01 0.000000000000000000e+00 0.000000000000000000e+00 8.999999523162841575e-01 8.999999523162841575e-01 0.000000000000000000e+00 0.000000000000000000e+00 0.000000000000000000e+00 0.000000000000000000e+00 0.000000000000000000e+00 0.000000000000000000e+00
5.504999990000000176e-01 1.217460114995705212e+01 0.000000000000000000e+00 0.000000000000000000e+00 8.999999523162841575e-01 8.999999523162841575e-01 0.000000000000000000e+00 0.000000000000000000e+00 0.000000000000000000e+00 0.000000000000000000e+00 0.000000000000000000e+00 0.000000000000000000e+00
5.604999990000000265e-01 1.217460114995705212e+01 0.000000000000000000e+00 0.000000000000000000e+00 8.999999523162841575e-01 8.999999523162841575e-01 0.000000000000000000e+00 0.000000000000000000e+00 0.000000000000000000e+00 0.000000000000000000e+00 0.000000000000000000e+00 0.000000000000000000e+00
5.704999990000000354e-01 1.217460114995705212e+01 0.000000000000000000e+00 0.000000000000000000e+00 8.999999523162841575e-01 8.999999523162841575e-01 0.000000000000000000e+00 0.000000000000000000e+00 0.000000000000000000e+00 0.000000000000000000e+00 0.000000000000000000e+00 0.000000000000000000e+00
5.804999990000000443e-01 1.217460114995705212e+01 0.000000000000000000e+00 0.000000000000000000e+00 8.999999523162841575e-01 8.999999523162841575e-01 0.000000000000000000e+00 0.000000000000000000e+00 0.000000000000000000e+00 0.000000000000000000e+00 0.000000000000000000e+00 0.000000000000000000e+00
5.904999990000000532e-01 1.217460114995705212e+01 0.000000000000000000e+00 0.000000000000000000e+00 8.999999523162841575e-01 8.999999523162841575e-01 0.000000000000000000e+00 0.000000000000000000e+00 0.000000000000000000e+00 0.000000000000000000e+00 0.000000000000000000e+00 0.000000000000000000e+00
6.004999990000000620e-01 1.217460114995705212e+01 0.000000000000000000e+00 0.000000000000000000e+00 8.999999523162841575e-01 8.999999523162841575e-01 0.000000000000000000e+00 0.000000000000000000e+00 0.000000000000000000e+00 0.000000000000000000e+00 0.000000000000000000e+00 0.000000000000000000e+00
6.104999990000000709e-01 1.217460114995705212e+01 0.000000000000000000e+00 0.000000000000000000e+00 8.999999523162841575e-01 8.999999523162841575e-01 0.000000000000000000e+00 0.000000000000000000e+00 0.000000000000000000e+00 0.000000000000000000e+00 0.000000000000000000e+00 0.000000000000000000e+00
6.204999990000000798e-01 1.217460114995705212e+01 0.000000000000000000e+00 0.000000000000000000e+00 8.999999523162841575e-01 8.999999523162841575e-01 0.000000000000000000e+00 0.000000000000000000e+00 0.000000000000000000e+00 0.000000000000000000e+00 0.000000000000000000e+00 0.000000000000000000e+00
6.304999990000000887e-01 1.217460114995705212e+01 0.000000000000000000e+00 0.000000000000000000e+00 8.999999523162841575e-01 8.999999523162841575e-01 0.000000000000000000e+00 0.000000000000000000e+00 0.000000000000000000e+00 0.000000000000000000e+00 0.000000000000000000e+00 0.000000000000000000e+00
6.404999989999999865e-01 1.217460114995705212e+01 0.000000000000000000e+00 0.000000000000000000e+00 8.999999523162841575e-01 8.999999523162841575e-01 0.000000000000000000e+00 0.000000000000000000e+00 0.000000000000000000e+00 0.000000000000000000e+00 0.000000000000000000e+00 0.000000000000000000e+00
6.504999989999999954e-01 1.217460114995705212e+01 0.000000000000000000e+00 0.000000000000000000e+00 8.999999523162841575e-01 8.999999523162841575e-01 0.000000000000000000e+00 0.000000000000000000e+00 0.000000000000000000e+00 0.000000000000000000e+00 0.000000000000000000e+00 0.000000000000000000e+00
6.604999990000000043e-01 1.217460114995705212e+01 0.000000000000000000e+00 0.000000000000000000e+00 8.999999523162841575e-01 8.999999523162841575e-01 0.000000000000000000e+00 0.000000000000000000e+00 0.000000000000000000e+00 0.000000000000000000e+00 0.000000000000000000e+00 0.000000000000000000e+00
6.704999990000000132e-01 1.217460114995705212e+01 0.000000000000000000e+00 0.000000000000000000e+00 8.999999523162841575e-01 8.999999523162841575e-01 0.000000000000000000e+00 0.000000000000000000e+00 0.000000000000000000e+00 0.000000000000000000e+00 0.000000000000000000e+00 0.000000000000000000e+00
