4.600000000000000200e-01 3.187937681620461650e+00 0.000000000000000000e+00 0.000000000000000000e+00 1.439999914169311612e+00 1.439999914169311612e+00 0.000000000000000000e+00 0.000000000000000000e+00 3.016649812754305104e-01 3.016649812754303994e-01
4.700000000000000289e-01 3.187937681620461650e+00 0.000000000000000000e+00 0.000000000000000000e+00 1.439999914169311612e+00 1.439999914169311612e+00 0.000000000000000000e+00 0.000000000000000000e+00 3.016649812754305104e-01 3.016649812754303994e-01
4.800000000000000377e-01 3.187937681620461650e+00 0.000000000000000000e+00 0.000000000000000000e+00 1.439999914169311612e+00 1.439999914169311612e+00 0.000000000000000000e+00 0.000000000000000000e+00 3.016649812754305104e-01 3.016649812754303994e-01
4.900000000000000466e-01 3.187937681620461650e+00 0.000000000000000000e+00 0.000000000000000000e+00 1.439999914169311612e+00 1.439999914169311612e+00 0.000000000000000000e+00 0.000000000000000000e+00 3.016649812754305104e-01 3.016649812754303994e-01
5.000000000000000000e-01 3.187937681620461650e+00 0.000000000000000000e+00 0.000000000000000000e+00 1.439999914169311612e+00 1.439999914169311612e+00 0.000000000000000000e+00 0.000000000000000000e+00 3.016649812754305104e-01 3.016649812754303994e-01
5.104999989999999821e-01 3.187937681620461650e+00 0.000000000000000000e+00 0.000000000000000000e+00 1.439999914169311612e+00 1.439999914169311612e+00 0.000000000000000000e+00 0.000000000000000000e+00 3.016649812754305104e-01 3.016649812754303994e-01
5.204999989999999910e-01 3.187937681620461650e+00 0.000000000000000000e+00 0.000000000000000000e+00 1.439999914169311612e+00 1.439999914169311612e+00 0.000000000000000000e+00 0.000000000000000000e+00 3.016649812754305104e-01 3.016649812754303994e-01
5.304999989999999999e-01 3.187937681620461650e+00 0.000000000000000000e+00 0.000000000000000000e+00 1.439999914169311612e+00 1.439999914169311612e+00 0.000000000000000000e+00 0.000000000000000000e+00 3.016649812754305104e-01 3.016649812754303994e-01
5.404999990000000087e-01 3.187937681620461650e+00 0.000000000000000000e+00 0.000000000000000000e+00 1.439999914169311612e+00 1.439999914169311612e+00 0.000000000000000000e+00 0.000000000000000000e+00 3.016649812754305104e-01 3.016649812754303994e-01
5.504999990000000176e-01 3.187937681620461650e+00 0.000000000000000000e+00 0.000000000000000000e+00 1.439999914169311612e+00 1.439999914169311612e+00 0.000000000000000000e+00 0.000000000000000000e+00 3.016649812754305104e-01 3.016649812754303994e-01
5.604999990000000265e-01 3.187937681620461650e+00 0.000000000000000000e+00 0.000000000000000000e+00 1.439999914169311612e+00 1.439999914169311612e+00 0.000000000000000000e+00 0.000000000000000000e+00 3.016649812754305104e-01 3.016649812754303994e-01
5.704999990000000354e-01 3.187937681620461650e+00 0.000000000000000000e+00 0.000000000000000000e+00 1.439999914169311612e+00 1.439999914169311612e+00 0.000000000000000000e+00 0.000000000000000000e+00 3.016649812754305104e-01 3.016649812754303994e-01
5.804999990000000443e-01 3.187937681620461650e+00 0.000000000000000000e+00 0.000000000000000000e+00 1.439999914169311612e+00 1.439999914169311612e+00 0.000000000000000000e+00 0.000000000000000000e+00 3.016649812754305104e-01 3.016649812754303994e-01
5.904999990000000532e-01 3.187937681620461650e+00 0.000000000000000000e+00 0.000000000000000000e+00 1.439999914169311612e+00 1.439999914169311612e+00 0.000000000000000000e+00 0.000000000000000000e+00 3.016649812754305104e-01 3.016649812754303994e-01
6.004999990000000620e-01 3.187937681620461650e+00 0.000000000000000000e+00 0.000000000000000000e+00 1.439999914169311612e+00 1.439999914169311612e+00 0.000000000000000000e+00 0.000000000000000000e+00 3.016649812754305104e-01 3.016649812754303994e-01
6.104999990000000709e-01 3.187937681620461650e+00 0.000000000000000000e+00 0.000000000000000000e+00 1.439999914169311612e+00 1.439999914169311612e+00 0.000000000000000000e+00 0.000000000000000000e+00 3.016649812754305104e-01 3.016649812754303994e-01
6.204999990000000798e-01 3.187937681620461650e+00 0.000000000000000000e+00 0.000000000000000000e+00 1.439999914169311612e+00 1.439999914169311612e+00 0.000000000000000000e+00 0.000000000000000000e+00 3.016649812754305104e-01 3.016649812754303994e-01
6.304999990000000887e-01 3.187937681620461650e+00 0.000000000000000000e+00 0.000000000000000000e+00 1.439999914169311612e+00 1.439999914169311612e+00 0.000000000000000000e+00 0.000000000000000000e+00 3.016649812754305104e-01 3.016649812754303994e-01
6.404999989999999865e-01 3.187937681620461650e+00 0.000000000000000000e+00 0.000000000000000000e+00 1.439999914169311612e+00 1.439999914169311612e+00 0.000000000000000000e+00 0.000000000000000000e+00 3.016649812754305104e-01 3.016649812754303994e-01
6.504999989999999954e-01 3.187937681620461650e+00 0.000000000000000000e+00 0.000000000000000000e+00 1.439999914169311612e+00 1.439999914169311612e+00 0.000000000000000000e+00 0.000000000000000000e+00 3.016649812754305104e-01 3.016649812754303994e-01
6.604999990000000043e-01 3.187937681620461650e+00 0.000000000000000000e+00 0.000000000000000000e+00 1.439999914169311612e+00 1.439999914169311612e+00 0.000000000000000000e+00 0.000000000000000000e+00 3.016649812754305104e-01 3.016649812754303994e-01
6.704999990000000132e-01 3.187937681620461650e+00 0.000000000000000000e+00 0.000000000000000000e+00 1.439999914169311612e+00 1.439999914169311612e+00 0.000000000000000000e+00 0.000000000000000000e+00 3.016649812754305104e-01 3.016649812754303994e-01
6.804999990000000221e-01 3.187937681620461650e+00 0.000000000000000000e+00 0.000000000000000000e+00 1.439999914169311612e+00 1.439999914169311612e+00 0.000000000000000000e+00 0.000000000000000000e+00 3.016649812754305104e-01 3.016649812754303994e-01
6.904999990000000309e-01 3.187937681620461650e+00 0.000000000000000000e+00 0.000000000000000000e+00 1.439999914169311612e+00 1.439999914169311612e+00 0.000000000000000000e+00 0.000000000000000000e+00 3.016649812754305104e-01 3.016649812754303994e-01
7.004999990000000398e-01 3.187937681620461650e+00 0.000000000000000000e+00 0.000000000000000000e+00 1.439999914169311612e+00 1.439999914169311612e+00 0.000000000000000000e+00 0.000000000000000000e+00 3.016649812754305104e-01 3.016649812754303994e-01
7.104999990000000487e-01 3.187937681620461650e+00 0.000000000000000000e+00 0.000000000000000000e+00 1.439999914169311612e+00 1.439999914169311612e+00 0.000000000000000000e+00 0.000000000000000000e+00 3.016649812754305104e-01 3.016649812754303994e-01
7.204999990000000576e-01 3.187937681620461650e+00 0.000000000000000000e+00 0.000000000000000000e+00 1.439999914169311612e+00 1.439999914169311612e+00 0.000000000000000000e+00 0.000000000000000000e+00 3.016649812754305104e-01 3.016649812754303994e-01
7.304999990000000665e-01 3.187937681620461650e+00 0.000000000000000000e+00 0.000000000000000000e+00 1.439999914169311612e+00 1.439999914169311612e+00 0.000000000000000000e+00 0.000000000000000000e+00 3.016649812754305104e-01 3.016649812754303994e-01
7.404999990000000754e-01 3.187937681620461650e+00 0.000000000000000000e+00 0.000000000000000000e+00 1.439999914169311612e+00 1.439999914169311612e+00 0.000000000000000000e+00 0.000000000000000000e+00 3.016649812754305104e-01 3.016649812754303994e-01
7.504999990000000842e-01 3.187937681620461650e+00 0.000000000000000000e+00 0.000000000000000000e+00 1.439999914169311612e+00 1.439999914169311612e+00 0.000000000000000000e+00 0.000000000000000000e+00 3.016649812754305104e-01 3.016649812754303994e-01
7.604999990000000931e-01 3.187937681620461650e+00 0.000000000000000000e+00 0.000000000000000000e+00 1.439999914169311612e+00 1.439999914169311612e+00 0.000000000000000000e+00 0.000000000000000000e+00 3.016649812754305104e-01 3.016649812754303994e-01
7.704999990000001020e-01 3.187937681620461650e+00 0.000000000000000000e+00 0.000000000000000000e+00 1.439999914169311612e+00 1.439999914169311612e+00 0.000000000000000000e+00 0.000000000000000000e+00 3.016649812754305104e-01 3.016649812754303994e-01
7.804999989999999999e-01 3.187937681620461650e+00 0.000000000000000000e+00 0.000000000000000000e+00 1.439999914169311612e+00 1.439999914169311612e+00 0.000000000000000000e+00 0.000000000000000000e+00 3.016649812754305104e-01 3.016649812754303994e-01
7.904999990000000087e-01 3.187937681620461650e+00 0.000000000000000000e+00 0.000000000000000000e+00 1.439999914169311612e+00 1.439999914169311612e+00 0.000000000000000000e+00 0.000000000000000000e+00 3.016649812754305104e-01 3.016649812754303994e-01
8.004999990000000176e-01 3.187937681620461650e+00 0.000000000000000000e+00 0.000000000000000000e+00 1.439999914169311612e+00 1.439999914169311612e+00 0.000000000000000000e+00 0.000000000000000000e+00 3.016649812754305104e-01 3.016649812754303994e-01
8.104999990000000265e-01 3.187937681620461650e+00 0.000000000000000000e+00 0.000000000000000000e+00 1.439999914169311612e+00 1.439999914169311612e+00 0.000000000000000000e+00 0.000000000000000000e+00 3.016649812754305104e-01 3.016649812754303994e-01
8.204999990000000354e-01 3.187937681620461650e+00 0.000000000000000000e+00 0.000000000000000000e+00 1.439999914169311612e+00 1.439999914169311612e+00 0.000000000000000000e+00 0.000000000000000000e+00 3.016649812754305104e-01 3.016649812754303994e-01
8.304999990000000443e-01 3.187937681620461650e+00 0.000000000000000000e+00 0.000000000000000000e+00 1.439999914169311612e+00 1.439999914169311612e+00 0.000000000000000000e+00 0.000000000000000000e+00 3.016649812754305104e-01 3.016649812754303994e-01
8.404999990000000532e-01 3.187937681620461650e+00 0.000000000000000000e+00 0.000000000000000000e+00 1.439999914169311612e+00 1.439999914169311612e+00 0.000000000000000000e+00 0.000000000000000000e+00 3.016649812754305104e-01 3.016649812754303994e-01
8.504999990000000620e-01 3.187937681620461650e+00 0.000000000000000000e+00 0.000000000000000000e+00 1.439999914169311612e+00 1.439999914169311612e+00 0.000000000000000000e+00 0.000000000000000000e+00 3.016649812754305104e-01 3.016649812754303994e-01
8.604999990000000709e-01 3.187937681620461650e+00 0.000000000000000000e+00 0.000000000000000000e+00 1.439999914169311612e+00 1.439999914169311612e+00 0.000000000000000000e+00 0.000000000000000000e+00 3.016649812754305104e-01 3.016649812754303994e-01
8.704999990000000798e-01 3.187937681620461650e+00 0.000000000000000000e+00 0.000000000000000000e+00 1.439999914169311612e+00 1.439999914169311612e+00 0.000000000000000000e+00 0.000000000000000000e+00 3.016649812754305104e-01 3.016649812754303994e-01
8.804999990000000887e-01 3.187937681620461650e+00 0.000000000000000000e+00 0.000000000000000000e+00 1.439999914169311612e+00 1.439999914169311612e+00 0.000000000000000000e+00 0.000000000000000000e+00 3.016649812754305104e-01 3.016649812754303994e-01
8.904999990000000976e-01 3.187937681620461650e+00 0.000000000000000000e+00 0.000000000000000000e+00 1.439999914169311612e+00 1.439999914169311612e+00 0.000000000000000000e+00 0.000000000000000000e+00 3.016649812754305104e-01 3.016649812754303994e-01
9.004999990000001064e-01 3.187937681620461650e+00 0.000000000000000000e+00 0.000000000000000000e+00 1.439999914169311612e+00 1.439999914169311612e+00 0.000000000000000000e+00 0.000000000000000000e+00 3.016649812754305104e-01 3.016649812754303994e-01
9.104999990000000043e-01 3.187937681620461650e+00 0.000000000000000000e+00 0.000000000000000000e+00 1.439999914169311612e+00 1.439999914169311612e+00 0.000000000000000000e+00 0.000000000000000000e+00 3.016649812754305104e-01 3.016649812754303994e-01
9.204999990000000132e-01 3.187937681620461650e+00 0.000000000000000000e+00 0.000000000000000000e+00 1.439999914169311612e+00 1.439999914169311612e+00 0.000000000000000000e+00 0.000000000000000000e+00 3.016649812754305104e-01 3.016649812754303994e-01
9.304999990000000221e-01 3.187937681620461650e+00 0.000000000000000000e+00 0.000000000000000000e+00 1.439999914169311612e+00 1.439999914169311612e+00 0.000000000000000000e+00 0.000000000000000000e+00 3.016649812754305104e-01 3.016649812754303994e-01
9.404999990000000309e-01 3.187937681620461650e+00 0.000000000000000000e+00 0.000000000000000000e+00 1.439999914169311612e+00 1.439999914169311612e+00 0.000000000000000000e+00 0.000000000000000000e+00 3.016649812754305104e-01 3.016649812754303994e-01
9.504999990000000398e-01 3.187937681620461650e+00 0.000000000000000000e+00 0.000000000000000000e+00 1.439999914169311612e+00 1.439999914169311612e+00 0.000000000000000000e+00 0.000000000000000000e+00 3.016649812754305104e-01 3.016649812754303994e-01
9.604999990000000487e-01 3.187937681620461650e+00 0.000000000000000000e+00 0.000000000000000000e+00 1.439999914169311612e+00 1.439999914169311612e+00 0.000000000000000000e+00 0.000000000000000000e+00 3.016649812754305104e-01 3.016649812754303994e-01
9.704999990000000576e-01 3.187937681620461650e+00 0.000000000000000000e+00 0.000000000000000000e+00 1.439999914169311612e+00 1.439999914169311612e+00 0.000000000000000000e+00 0.000000000000000000e+00 3.016649812754305104e-01 3.016649812754303994e-01
9.804999990000000665e-01 3.187937681620461650e+00 0.000000000000000000e+00 0.000000000000000000e+00 1.439999914169311612e+00 1.439999914169311612e+00 0.000000000000000000e+00 0.000000000000000000e+00 3.016649812754305104e-01 3.016649812754303994e-01
9.904999990000000754e-01 3.187937681620461650e+00 0.000000000000000000e+00 0.000000000000000000e+00 1.439999914169311612e+00 1.439999914169311612e+00 0.000000000000000000e+00 0.000000000000000000e+00 3.016649812754305104e-01 3.016649812754303994e-01
1.000499999000000084e+00 3.187937681620461650e+00 0.000000000000000000e+00 0.000000000000000000e+00 1.439999914169311612e+00 1.439999914169311612e+00 0.000000000000000000e+00 0.000000000000000000e+00 3.016649812754305104e-01 3.016649812754303994e-01
1.010499999000000093e+00 3.187937681620461650e+00 0.000000000000000000e+00 0.000000000000000000e+00 1.439999914169311612e+00 1.439999914169311612e+00 0.000000000000000000e+00 0.000000000000000000e+00 3.016649812754305104e-01 3.016649812754303994e-01
1.020499999000000102e+00 3.187937681620461650e+00 0.000000000000000000e+00 0.000000000000000000e+00 1.439999914169311612e+00 1.439999914169311612e+00 0.000000000000000000e+00 0.000000000000000000e+00 3.016649812754305104e-01 3.016649812754303994e-01
1.030499999000000111e+00 3.187937681620461650e+00 0.000000000000000000e+00 0.000000000000000000e+00 1.439999914169311612e+00 1.439999914169311612e+00 0.000000000000000000e+00 0.000000000000000000e+00 3.016649812754305104e-01 3.016649812754303994e-01
1.040499999000000120e+00 3.187937681620461650e+00 0.000000000000000000e+00 0.000000000000000000e+00 1.439999914169311612e+00 1.439999914169311612e+00 0.000000000000000000e+00 0.000000000000000000e+00 3.016649812754305104e-01 3.016649812754303994e-01
1.050499999000000129e+00 3.187937681620461650e+00 0.000000000000000000e+00 0.000000000000000000e+00 1.439999914169311612e+00 1.439999914169311612e+00 0.000000000000000000e+00 0.000000000000000000e+00 3.016649812754305104e-01 3.016649812754303994e-01
1.060499999000000138e+00 3.187937681620461650e+00 0.000000000000000000e+00 0.000000000000000000e+00 1.439999914169311612e+00 1.439999914169311612e+00 0.000000000000000000e+00 0.000000000000000000e+00 3.016649812754305104e-01 3.016649812754303994e-01
1.070499999000000146e+00 3.187937681620461650e+00 0.000000000000000000e+00 0.000000000000000000e+00 1.439999914169311612e+00 1.439999914169311612e+00 0.000000000000000000e+00 0.000000000000000000e+00 3.016649812754305104e-01 3.016649812754303994e-01
1.080499999000000155e+00 3.187937681620461650e+00 0.000000000000000000e+00 0.000000000000000000e+00 1.439999914169311612e+00 1.439999914169311612e+00 0.000000000000000000e+00 0.000000000000000000e+00 3.016649812754305104e-01 3.016649812754303994e-01
1.090499999000000164e+00 3.187937681620461650e+00 0.000000000000000000e+00 0.000000000000000000e+00 1.439999914169311612e+00 1.439999914169311612e+00 0.000000000000000000e+00 0.000000000000000000e+00 3.016649812754305104e-01 3.016649812754303994e-01
1.100499999000000173e+00 3.187937681620461650e+00 0.000000000000000000e+00 0.000000000000000000e+00 1.439999914169311612e+00 1.439999914169311612e+00 0.000000000000000000e+00 0.000000000000000000e+00 3.016649812754305104e-01 3.016649812754303994e-01
1.110499998999999960e+00 3.187937681620461650e+00 0.000000000000000000e+00 0.000000000000000000e+00 1.439999914169311612e+00 1.439999914169311612e+00 0.000000000000000000e+00 0.000000000000000000e+00 3.016649812754305104e-01 3.016649812754303994e-01
1.120499998999999969e+00 3.187937681620461650e+00 0.000000000000000000e+00 0.000000000000000000e+00 1.439999914169311612e+00 1.439999914169311612e+00 0.000000000000000000e+00 0.000000000000000000e+00 3.016649812754305104e-01 3.016649812754303994e-01
1.130499998999999978e+00 3.187937681620461650e+00 0.000000000000000000e+00 0.000000000000000000e+00 1.439999914169311612e+00 1.439999914169311612e+00 0.000000000000000000e+00 0.000000000000000000e+00 3.016649812754305104e-01 3.016649812754303994e-01
1.140499998999999987e+00 3.187937681620461650e+00 0.000000000000000000e+00 0.000000000000000000e+00 1.439999914169311612e+00 1.439999914169311612e+00 0.000000000000000000e+00 0.000000000000000000e+00 3.016649812754305104e-01 3.016649812754303994e-01
1.150499998999999995e+00 3.187937681620461650e+00 0.000000000000000000e+00 0.000000000000000000e+00 1.439999914169311612e+00 1.439999914169311612e+00 0.000000000000000000e+00 0.000000000000000000e+00 3.016649812754305104e-01 3.016649812754303994e-01
1.160499999000000004e+00 3.187937681620461650e+00 0.000000000000000000e+00 0.000000000000000000e+00 1.439999914169311612e+00 1.439999914169311612e+00 0.000000000000000000e+00 0.000000000000000000e+00 3.016649812754305104e-01 3.016649812754303994e-01
1.170499999000000013e+00 3.187937681620461650e+00 0.000000000000000000e+00 0.000000000000000000e+00 1.439999914169311612e+00 1.439999914169311612e+00 0.000000000000000000e+00 0.000000000000000000e+00 3.016649812754305104e-01 3.016649812754303994e-01
1.180499999000000022e+00 3.187937681620461650e+00 0.000000000000000000e+00 0.000000000000000000e+00 1.439999914169311612e+00 1.439999914169311612e+00 0.000000000000000000e+00 0.000000000000000000e+00 3.016649812754305104e-01 3.016649812754303994e-01
1.190499999000000031e+00 3.187937681620461650e+00 0.000000000000000000e+00 0.000000000000000000e+00 1.439999914169311612e+00 1.439999914169311612e+00 0.000000000000000000e+00 0.000000000000000000e+00 3.016649812754305104e-01 3.016649812754303994e-01
1.200499999000000040e+00 3.187937681620461650e+00 0.000000000000000000e+00 0.000000000000000000e+00 1.439999914169311612e+00 1.439999914169311612e+00 0.000000000000000000e+00 0.000000000000000000e+00 3.016649812754305104e-01 3.016649812754303994e-01
1.210499999000000049e+00 3.187937681620461650e+00 0.000000000000000000e+00 0.000000000000000000e+00 1.439999914169311612e+00 1.439999914169311612e+00 0.000000000000000000e+00 0.000000000000000000e+00 3.016649812754305104e-01 3.016649812754303994e-01
1.220499999000000058e+00 3.187937681620461650e+00 0.000000000000000000e+00 0.000000000000000000e+00 1.439999914169311612e+00 1.439999914169311612e+00 0.000000000000000000e+00 0.000000000000000000e+00 3.016649812754305104e-01 3.016649812754303994e-01
1.230499999000000066e+00 3.187937681620461650e+00 0.000000000000000000e+00 0.000000000000000000e+00 1.439999914169311612e+00 1.439999914169311612e+00 0.000000000000000000e+00 0.000000000000000000e+00 3.016649812754305104e-01 3.016649812754303994e-01
1.240499999000000075e+00 3.187937681620461650e+00 0.000000000000000000e+00 0.000000000000000000e+00 1.439999914169311612e+00 1.439999914169311612e+00 0.000000000000000000e+00 0.000000000000000000e+00 3.016649812754305104e-01 3.016649812754303994e-01
1.250499999000000084e+00 3.187937681620461650e+00 0.000000000000000000e+00 0.000000000000000000e+00 1.439999914169311612e+00 1.439999914169311612e+00 0.000000000000000000e+00 0.000000000000000000e+00 3.016649812754305104e-01 3.016649812754303994e-01
1.260499999000000093e+00 3.187937681620461650e+00 0.000000000000000000e+00 0.000000000000000000e+00 1.439999914169311612e+00 1.439999914169311612e+00 0.000000000000000000e+00 0.000000000000000000e+00 3.016649812754305104e-01 3.016649812754303994e-01
1.270499999000000102e+00 3.187937681620461650e+00 0.000000000000000000e+00 0.000000000000000000e+00 1.439999914169311612e+00 1.439999914169311612e+00 0.000000000000000000e+00 0.000000000000000000e+00 3.016649812754305104e-01 3.016649812754303994e-01
1.280499999000000111e+00 3.187937681620461650e+00 0.000000000000000000e+00 0.000000000000000000e+00 1.439999914169311612e+00 1.439999914169311612e+00 0.000000000000000000e+00 0.000000000000000000e+00 3.016649812754305104e-01 3.016649812754303994e-01
1.290499999000000120e+00 3.187937680516853334e+00 1.825429431103870167e-09 1.832961290204523306e-09 1.439999914169311612e+00 1.439999914169311612e+00 9.068973722854808584e-07 9.105821404405372027e-07 3.016649842795607883e-01 3.016649842768615031e-01
1.300499999000000129e+00 3.187937552409284336e+00 2.127441135293841855e-07 2.155823741833382279e-07 1.439999914169311612e+00 1.439999914169311612e+00 4.982264561746033643e-05 5.072980056676297571e-05 3.016653333512949731e-01 3.016653323340199311e-01
1.310499999000000138e+00 3.187936801881608329e+00 1.441258998392854087e-06 1.475007117037144031e-06 1.439999914169311612e+00 1.439999914169311612e+00 2.353212543476830576e-04 2.416481184820641810e-04 3.016673809716118315e-01 3.016673688757127714e-01
1.320499999000000146e+00 3.187935774062288008e+00 3.121932495554121280e-06 3.201445699102648779e-06 1.439999914169311612e+00 1.439999914169311612e+00 4.853541815339808426e-04 4.985389663190564324e-04 3.016701856994284947e-01 3.016701572003179788e-01
1.330499999000000155e+00 3.187922754816022941e+00 2.443949075395757687e-05 2.503857505775656042e-05 1.439999914169311612e+00 1.439999914169311612e+00 2.402479100412996827e-03 2.456680982954201255e-03 3.017056993713435054e-01 3.017054846259570322e-01
1.340499999000000164e+00 3.187905081855158862e+00 5.342280570947254676e-05 5.462743620243626309e-05 1.439999914169311612e+00 1.439999914169311612e+00 4.298210649976558044e-03 4.383523585127277640e-03 3.017538816133478186e-01 3.017534497471090482e-01
1.350499999000000173e+00 3.187857080210926064e+00 1.322411660132001587e-04 1.348502754503407572e-04 1.439999914169311612e+00 1.439999914169311612e+00 8.308688961652861346e-03 8.445547767762301081e-03 3.018846608955501054e-01 3.018837251684680645e-01
1.360499999000000182e+00 3.187805039375943394e+00 2.177551870905100541e-04 2.216826337509393780e-04 1.439999914169311612e+00 1.439999914169311612e+00 1.159367181967374365e-02 1.176369339219572596e-02 3.020263327120562558e-01 3.020249236110965629e-01
1.370499999000000191e+00 3.187734198566028798e+00 3.341985416555411266e-04 3.397169099932353855e-04 1.439999914169311612e+00 1.439999914169311612e+00 1.548608987444996879e-02 1.568602282215008498e-02 3.022190214702360489e-01 3.022170404892832174e-01
1.380499998999999978e+00 3.187593063736470000e+00 5.662303246534729738e-04 5.743862096866600431e-04 1.439999914169311612e+00 1.439999914169311612e+00 2.146476115056129494e-02 2.167783228964118361e-02 3.026023838724348769e-01 3.025994528884436985e-01
1.390499998999999987e+00 3.187478218733317714e+00 7.550918498542386840e-04 7.648559558921528070e-04 1.439999914169311612e+00 1.439999914169311612e+00 2.360769065009569317e-02 2.380871827568657381e-02 3.029138153159014468e-01 3.029103032835225306e-01
1.400499998999999995e+00 3.187258907915298867e+00 1.116058452695715617e-03 1.127189408762387882e-03 1.439999914169311612e+00 1.439999914169311612e+00 3.202122907246214567e-02 3.202130464656727932e-02 3.035071738961810928e-01 3.035031634871059314e-01
1.410499999000000004e+00 3.187081712932952726e+00 1.408456557505872618e-03 1.418160240630303133e-03 1.439999914169311612e+00 1.439999914169311612e+00 3.654107533903695748e-02 3.617273942500622702e-02 3.039851249736053029e-01 3.039816240680008885e-01
1.420499999000000013e+00 3.186820125574191920e+00 1.842971632739621437e-03 1.843181086868213737e-03 1.439999914169311612e+00 1.439999914169311612e+00 4.229625033043404869e-02 4.083394310621187712e-02 3.046877418172322383e-01 3.046876660997228647e-01
1.430499999000000022e+00 3.186580001801176287e+00 2.246542761746961759e-03 2.226874947034640593e-03 1.439999914169311612e+00 1.439999914169311612e+00 4.699424561430216168e-02 4.409799279474005407e-02 3.053289802512579865e-01 3.053361030758154904e-01
1.440499999000000031e+00 3.186285175108030998e+00 2.748538102544282550e-03 2.689225739517937287e-03 1.439999914169311612e+00 1.439999914169311612e+00 5.302353807939071129e-02 4.816494900421052633e-02 3.061113071655173767e-01 3.061328352118728446e-01
1.450499999000000040e+00 3.186059890137055817e+00 3.135142206413470134e-03 3.037832655345223259e-03 1.439999914169311612e+00 1.439999914169311612e+00 5.721986307068790967e-02 5.133740282284610101e-02 3.067060525262959025e-01 3.067414316524794682e-01
1.460499999000000049e+00 3.185579131195169111e+00 3.960696654087127871e-03 3.776423641153576951e-03 1.439999914169311612e+00 1.439999914169311612e+00 6.470549555651265716e-02 5.788965920857018499e-02 3.079694146303487701e-01 3.080366511279115649e-01
1.470499999000000058e+00 3.185326579539824898e+00 4.393028983048954950e-03 4.163171462066545848e-03 1.439999914169311612e+00 1.439999914169311612e+00 6.804145852508956815e-02 6.083180860880892105e-02 3.086305262909441183e-01 3.087145518358291874e-01
1.480499999000000066e+00 3.184781164957721344e+00 5.326315073171551152e-03 4.992758329976265848e-03 1.439999914169311612e+00 1.439999914169311612e+00 7.536741231122104367e-02 6.649940201743299861e-02 3.100513311135916217e-01 3.101737522733407637e-01
1.490499999000000075e+00 3.184417694197201776e+00 5.949683676309555115e-03 5.539664845049454590e-03 1.439999914169311612e+00 1.439999914169311612e+00 8.004896473773612242e-02 6.994067241914814215e-02 3.109923249229038511e-01 3.111432064494887850e-01
1.500499999000000084e+00 3.183752767293209995e+00 7.089154242144720362e-03 6.531841723222273771e-03 1.439999914169311612e+00 1.439999914169311612e+00 8.819826372660696800e-02 7.681436774201168272e-02 3.127032021992542932e-01 3.129092680442169261e-01
1.510499999000000093e+00 3.183300309992510790e+00 7.859947438317818613e-03 7.204814371370455578e-03 1.439999914169311612e+00 1.439999914169311612e+00 9.286906097545256922e-02 8.126487757782074883e-02 3.138611232052023192e-01 3.141041385492546745e-01
1.520499999000000102e+00 3.182794156260995599e+00 8.717391026363180417e-03 7.956103087610216784e-03 1.439999914169311612e+00 1.439999914169311612e+00 9.753620786602557047e-02 8.548183499641312522e-02 3.151507266802884288e-01 3.154341279509913498e-01
1.530499999000000111e+00 3.182168647500875913e+00 9.773209139798563067e-03 8.879197823660749112e-03 1.439999914169311612e+00 1.439999914169311612e+00 1.029416672859421733e-01 8.977212326145662946e-02 3.167350175909143806e-01 3.170692815609599258e-01
1.540499999000000120e+00 3.181372254308687531e+00 1.111401828869808782e-02 1.004350156616117158e-02 1.439999914169311612e+00 1.439999914169311612e+00 1.108830275885920591e-01 9.611034195853106199e-02 3.187363548588005857e-01 3.191388119304892079e-01
1.550499999000000129e+00 3.180968722871976961e+00 1.179054697917900942e-02 1.063023735851690264e-02 1.439999914169311612e+00 1.439999914169311612e+00 1.137501154251537722e-01 9.870042985836646743e-02 3.197443136940413266e-01 3.201817275520402184e-01
1.560499999000000138e+00 3.180120966139429406e+00 1.320179260033676853e-02 1.185983228472999376e-02 1.439999914169311612e+00 1.439999914169311612e+00 1.205794320012666260e-01 1.054195976450377908e-01 3.218501790505892135e-01 3.223589654125884607e-01
1.570499999000000146e+00 3.179602387760144477e+00 1.405859010467085286e-02 1.260984464117525551e-02 1.439999914169311612e+00 1.439999914169311612e+00 1.240682664392261242e-01 1.086745597193657376e-01 3.231306111636418343e-01 3.236817800751374818e-01
1.580499999000000155e+00 3.178632551625987901e+00 1.565231300603710934e-02 1.400395140525598908e-02 1.439999914169311612e+00 1.439999914169311612e+00 1.308244909131499600e-01 1.141845932005857156e-01 3.255081757629052497e-01 3.261392898554609232e-01
1.590499999000000164e+00 3.177688122798827841e+00 1.719579982828797413e-02 1.534891073807921266e-02 1.439999914169311612e+00 1.439999914169311612e+00 1.372084726940897281e-01 1.195095218469523629e-01 3.278016714604489179e-01 3.285131175695175099e-01
1.600499999000000173e+00 3.177043650560997801e+00 1.824236806692087001e-02 1.626168419088717607e-02 1.439999914169311612e+00 1.439999914169311612e+00 1.412994335198511642e-01 1.234210841654090202e-01 3.293554155694298213e-01 3.301215364460607926e-01
1.610499999000000182e+00 3.175782027987545053e+00 2.027125767168044823e-02 1.804150419162619048e-02 1.439999914169311612e+00 1.439999914169311612e+00 1.480633141920397744e-01 1.302899621215066472e-01 3.323728072758351804e-01 3.332421069085655940e-01
1.620499999000000191e+00 3.175360884178839882e+00 2.094325218072608241e-02 1.863311382234329391e-02 1.439999914169311612e+00 1.439999914169311612e+00 1.503162788492729274e-01 1.323587819476767236e-01 3.333728599359356837e-01 3.342758432621355524e-01
1.630499999000000200e+00 3.174739355458854995e+00 2.193136024626096345e-02 1.950285599938290232e-02 1.439999914169311612e+00 1.439999914169311612e+00 1.535198869684104850e-01 1.350489669265340920e-01 3.348418680662051949e-01 3.357947357964978785e-01
1.640499999000000209e+00 3.172983423493087152e+00 2.470273742675161213e-02 2.193617010848025739e-02 1.439999914169311612e+00 1.439999914169311612e+00 1.629591465343970536e-01 1.430790100664052766e-01 3.389476474478527734e-01 3.400446627513256104e-01
1.650499998999999995e+00 3.172084864230028778e+00 2.610664571358142436e-02 2.317106975477536621e-02 1.439999914169311612e+00 1.439999914169311612e+00 1.670953885532972805e-01 1.472812189781911862e-01 3.410251141884661497e-01 3.421953081442576927e-01
1.660499999000000004e+00 3.170766707799975492e+00 2.814550931646100235e-02 2.497400007689239837e-02 1.439999914169311612e+00 1.439999914169311612e+00 1.724357852688536141e-01 1.528235854110661651e-01 3.440461283253335445e-01 3.453200309366175613e-01
1.670499999000000013e+00 3.169914477407074216e+00 2.945247461679419490e-02 2.613277527704712874e-02 1.439999914169311612e+00 1.439999914169311612e+00 1.755082525919641201e-01 1.556080823532592916e-01 3.459822769423234190e-01 3.473221712997855981e-01
1.680499999000000022e+00 3.168444621048940757e+00 3.169080893940295213e-02 2.811461692747061272e-02 1.439999914169311612e+00 1.439999914169311612e+00 1.821006581658658197e-01 1.610619332655491009e-01 3.492892261162529044e-01 3.507445300548899247e-01
1.690499999000000031e+00 3.167530987892340999e+00 3.307195964808504890e-02 2.933635563363453519e-02 1.439999914169311612e+00 1.439999914169311612e+00 2.546492921111902382e-04 2.506703629250590752e-04 3.513246984535641770e-01 3.528525034552691952e-01
1.700499999000000040e+00 3.167530382192650151e+00 3.307282590152293283e-02 2.933720970802267125e-02 1.439999914169311612e+00 1.439999914169311612e+00 0.000000000000000000e+00 0.000000000000000000e+00 3.513260619636819904e-01 3.528538769826350396e-01
1.710499999000000049e+00 3.167530033069048123e+00 3.307332507401211652e-02 2.933770212405568609e-02 1.439999914169311612e+00 1.439999914169311612e+00 0.000000000000000000e+00 0.000000000000000000e+00 3.513268479379616505e-01 3.528546686230558116e-01
1.720499999000000058e+00 3.167529524340999991e+00 3.307405234174221054e-02 2.933841975247507630e-02 1.439999914169311612e+00 1.439999914169311612e+00 1.123652351442529451e-04 1.108950947320674879e-04 3.513279932644146619e-01 3.528558221217552582e-01
1.730499999000000066e+00 3.167529129732044257e+00 3.307461637288630629e-02 2.933897649127338234e-02 1.439999914169311612e+00 1.439999914169311612e+00 5.656189110830873421e-05 5.583690761319643733e-05 3.513288817030640887e-01 3.528567168239133967e-01
1.740499999000000075e+00 3.167528732290928239e+00 3.307518437152528329e-02 2.933953730327746798e-02 1.439999914169311612e+00 1.439999914169311612e+00 1.139528478383403695e-04 1.125250022951508968e-04 3.513297765476526280e-01 3.528576179123250611e-01
1.750499999000000084e+00 3.167528291856640532e+00 3.307581372173347412e-02 2.934015886899110290e-02 1.439999914169311612e+00 1.439999914169311612e+00 1.148236114800875609e-04 1.134186051049548892e-04 3.513307682254195319e-01 3.528586164359035493e-01
1.760499999000000093e+00 3.167528009817552448e+00 3.307621668683394245e-02 2.934055694569383602e-02 1.439999914169311612e+00 1.439999914169311612e+00 1.153631319777584878e-04 1.139726924295378059e-04 3.513314032799358388e-01 3.528592558347658503e-01
1.770499999000000102e+00 3.167527563855992767e+00 3.307685378079854716e-02 2.934118645959030505e-02 1.439999914169311612e+00 1.439999914169311612e+00 0.000000000000000000e+00 0.000000000000000000e+00 3.513324074588495272e-01 3.528602668218387972e-01
1.780499999000000111e+00 3.167527073536290150e+00 3.307755413904302916e-02 2.934187868936570173e-02 1.439999914169311612e+00 1.439999914169311612e+00 0.000000000000000000e+00 0.000000000000000000e+00 3.513335115576466938e-01 3.528613783219038957e-01
1.790499999000000120e+00 3.167526785689984692e+00 3.307796524040003405e-02 2.934228511626617644e-02 1.439999914169311612e+00 1.439999914169311612e+00 5.884180235422124534e-05 5.817705927419566817e-05 3.513341597460530874e-01 3.528620308154382101e-01
1.800499999000000129e+00 3.167526289117490901e+00 3.307867435975216791e-02 2.934298633608931409e-02 1.439999914169311612e+00 1.439999914169311612e+00 5.924612596699957564e-05 5.859180886042669864e-05 3.513352779859241215e-01 3.528631564149282696e-01
1.810499999000000138e+00 3.167525955895639900e+00 3.307915015152711885e-02 2.934345694078745181e-02 1.439999914169311612e+00 1.439999914169311612e+00 1.192098410957681645e-04 1.179200019921876200e-04 3.513360283945734519e-01 3.528639117156369132e-01
1.820499999000000146e+00 3.167525578952128829e+00 3.307968831643919028e-02 2.934398934528223077e-02 1.439999914169311612e+00 1.439999914169311612e+00 5.994922461922230197e-05 5.931305863127831900e-05 3.513368772830305353e-01 3.528647660941690578e-01
1.830499999000000155e+00 3.167525030637199812e+00 3.308047104810728223e-02 2.934476389545179892e-02 1.439999914169311612e+00 1.439999914169311612e+00 6.496319014563591183e-05 6.428855861817773479e-05 3.513381121411461860e-01 3.528660088574318010e-01
1.840499999000000164e+00 3.167524563149216821e+00 3.308113830533590538e-02 2.934542435687596817e-02 1.439999914169311612e+00 1.439999914169311612e+00 6.082716151253880895e-05 6.021366284400525700e-05 3.513391650016844947e-01 3.528670683843375677e-01
1.850499999000000173e+00 3.167524178273754210e+00 3.308168758584709851e-02 2.934596816288155552e-02 1.439999914169311612e+00 1.439999914169311612e+00 0.000000000000000000e+00 0.000000000000000000e+00 3.513400318268028455e-01 3.528679406485357717e-01
1.860499999000000182e+00 3.167523963526665209e+00 3.308199404146544564e-02 2.934627161015493022e-02 1.439999914169311612e+00 1.439999914169311612e+00 6.810124852158287430e-05 6.743272741659660360e-05 3.513405154933039176e-01 3.528684273309410369e-01
1.870499999000000191e+00 3.167523315355319280e+00 3.308291891616490371e-02 2.934718760042043587e-02 1.439999914169311612e+00 1.439999914169311612e+00 4.951806036046607867e-05 4.904905596819879581e-05 3.513419753793950440e-01 3.528698962399108296e-01
1.880499999000000200e+00 3.167522879975765093e+00 3.308354007590916940e-02 2.934780295315157425e-02 1.439999914169311612e+00 1.439999914169311612e+00 1.245545213496427922e-04 1.234014390394524779e-04 3.513429560199849977e-01 3.528708828754769655e-01
1.890499999000000209e+00 3.167522879975765093e+00 3.308354007590916940e-02 2.934780295315157425e-02 1.439999914169311612e+00 1.439999914169311612e+00 1.245545213496427922e-04 1.234014390394524779e-04 3.513429560199849977e-01 3.528708828754769655e-01
1.900499999000000217e+00 3.167522398064318345e+00 3.308422754803795607e-02 2.934848414342197676e-02 1.439999914169311612e+00 1.439999914169311612e+00 0.000000000000000000e+00 0.000000000000000000e+00 3.513440414939971168e-01 3.528719749255551097e-01
1.910499999000000226e+00 3.167521558338299847e+00 3.308542527937117367e-02 2.934967128215408214e-02 1.439999914169311612e+00 1.439999914169311612e+00 5.753508976065531980e-05 5.703399461926437152e-05 3.513459329843283685e-01 3.528738777300324259e-01
1.920499999000000013e+00 3.167521112675611761e+00 3.308606085309451217e-02 2.935030141042951901e-02 1.439999914169311612e+00 1.439999914169311612e+00 5.096036389817470915e-05 5.052755711748228010e-05 3.513469368744537302e-01 3.528748875527316642e-01
1.930499999000000022e+00 3.167520799201439807e+00 3.308650787193361670e-02 2.935074466995997791e-02 1.439999914169311612e+00 1.439999914169311612e+00 6.394924025390763675e-05 6.341438779471070394e-05 3.513476430119825134e-01 3.528755978341415744e-01
1.940499999000000031e+00 3.167520258942499556e+00 3.308727821989358026e-02 2.935150867309725686e-02 1.439999914169311612e+00 1.439999914169311612e+00 7.352753121240003889e-05 7.292724641830557555e-05 3.513488600322742794e-01 3.528768219413422891e-01
1.950499999000000040e+00 3.167519851383249652e+00 3.308785929634929651e-02 2.935208507300278782e-02 1.439999914169311612e+00 1.439999914169311612e+00 1.294043775052076592e-04 1.283720785644346042e-04 3.513497781441644596e-01 3.528777453545066667e-01
1.960499999000000049e+00 3.167519304828259052e+00 3.308863847085643378e-02 2.935285812045365997e-02 1.439999914169311612e+00 1.439999914169311612e+00 6.068361493953053869e-05 6.020906948520963835e-05 3.513510093977321169e-01 3.528789836582473249e-01
1.970499999000000058e+00 3.167518846639825192e+00 3.308929160454694013e-02 2.935350624230280425e-02 1.439999914169311612e+00 1.439999914169311612e+00 5.236128285679542924e-05 5.196304504878734284e-05 3.513520416046360673e-01 3.528800217244896231e-01
1.980499999000000066e+00 3.167518432162109931e+00 3.308988238055483866e-02 2.935409257985315337e-02 1.439999914169311612e+00 1.439999914169311612e+00 6.572772868335125104e-05 6.523667513396580594e-05 3.513529753562975033e-01 3.528809607375467117e-01
1.990499999000000075e+00 3.167517969306124392e+00 3.309054205829500134e-02 2.935474740566415552e-02 1.439999914169311612e+00 1.439999914169311612e+00 0.000000000000000000e+00 0.000000000000000000e+00 3.513540181142051910e-01 3.528820093281805903e-01
2.000499999000000084e+00 3.167517410661472077e+00 3.309133818277160133e-02 2.935553781750185887e-02 1.439999914169311612e+00 1.439999914169311612e+00 1.330646528380365989e-04 1.321216080707600219e-04 3.513552766965172269e-01 3.528832748916457263e-01
2.010499999000000315e+00 3.167516895513168951e+00 3.309207225029403565e-02 2.935626675245770964e-02 1.439999914169311612e+00 1.439999914169311612e+00 1.338004877865059297e-04 1.328754792098263795e-04 3.513564373077400216e-01 3.528844418851233566e-01
2.020499999000000102e+00 3.167516471862196425e+00 3.309267588823586181e-02 2.935686626406851241e-02 1.439999914169311612e+00 1.439999914169311612e+00 1.344132358888231794e-04 1.335026941565323005e-04 3.513573917944758929e-01 3.528854015818301271e-01
2.030499999000000333e+00 3.167516093656230325e+00 3.309321473731351854e-02 2.935740149986948780e-02 1.439999914169311612e+00 1.439999914169311612e+00 6.744035860086135834e-05 6.699069128706034424e-05 3.513582439052036488e-01 3.528862583148455467e-01
2.040499999000000120e+00 3.167515618756074236e+00 3.309389130354978975e-02 2.935807362099254747e-02 1.439999914169311612e+00 1.439999914169311612e+00 6.251433103441899773e-05 6.210547195321236688e-05 3.513593138863946308e-01 3.528873340624658628e-01
2.050499998999999907e+00 3.167515332680383544e+00 3.309429883582048343e-02 2.935847852407309777e-02 1.439999914169311612e+00 1.439999914169311612e+00 0.000000000000000000e+00 0.000000000000000000e+00 3.513599584416703392e-01 3.528879820715433713e-01
2.060499999000000138e+00 3.167514613776755361e+00 3.309532287585551652e-02 2.935949611414353372e-02 1.439999914169311612e+00 1.439999914169311612e+00 0.000000000000000000e+00 0.000000000000000000e+00 3.513615782244834396e-01 3.528896104694152491e-01
2.070499998999999924e+00 3.167514179900908999e+00 3.309594085345228531e-02 2.936011030524569854e-02 1.439999914169311612e+00 1.439999914169311612e+00 0.000000000000000000e+00 0.000000000000000000e+00 3.513625558201399768e-01 3.528905932210151253e-01
2.080499999000000155e+00 3.167513695601093193e+00 3.309663060276254315e-02 2.936079591995906582e-02 1.439999914169311612e+00 1.439999914169311612e+00 7.531658054803108443e-05 7.486719755950799161e-05 3.513636470443884940e-01 3.528916901627969782e-01
2.090499998999999942e+00 3.167513208985574202e+00 3.309732360008539598e-02 2.936148485851776749e-02 1.439999914169311612e+00 1.439999914169311612e+00 6.941322052793655014e-05 6.900997879742059931e-05 3.513647435017395182e-01 3.528927923259068677e-01
2.100499999000000173e+00 3.167512671049738771e+00 3.309808962652165815e-02 2.936224650690223009e-02 1.439999914169311612e+00 1.439999914169311612e+00 5.582635291823242942e-05 5.551063792103135621e-05 3.513659556129949957e-01 3.528940107001727888e-01
2.110499998999999960e+00 3.167512228858666568e+00 3.309871926746819210e-02 2.936287263272335801e-02 1.439999914169311612e+00 1.439999914169311612e+00 1.401785898191374856e-04 1.394033485937563118e-04 3.513669519993312118e-01 3.528950122005516388e-01
2.120499999000000191e+00 3.167511685901692964e+00 3.309949233715236278e-02 2.936364148714219399e-02 1.439999914169311612e+00 1.439999914169311612e+00 8.448711690810306390e-05 8.403078930600901429e-05 3.513681754567237192e-01 3.528962418960923664e-01
2.130499998999999978e+00 3.167511239621140451e+00 3.310012771475713544e-02 2.936427348152767514e-02 1.439999914169311612e+00 1.439999914169311612e+00 0.000000000000000000e+00 0.000000000000000000e+00 3.513691810836733209e-01 3.528972526171108015e-01
2.140499999000000209e+00 3.167510691691599600e+00 3.310090776020082476e-02 2.936504947127296233e-02 1.439999914169311612e+00 1.439999914169311612e+00 1.421375660920012895e-04 1.414073643942831090e-04 3.513704157767622016e-01 3.528984935243966170e-01
2.150499998999999995e+00 3.167510141047890748e+00 3.310169161346165900e-02 2.936582935527670343e-02 1.439999914169311612e+00 1.439999914169311612e+00 0.000000000000000000e+00 0.000000000000000000e+00 3.513716566023277199e-01 3.528997405513529806e-01
2.160499999000000226e+00 3.167509940149756176e+00 3.310197758256332168e-02 2.936611390229358284e-02 1.439999914169311612e+00 1.439999914169311612e+00 0.000000000000000000e+00 0.000000000000000000e+00 3.513721093120145689e-01 3.529001955129031920e-01
2.170499999000000013e+00 3.167509234196590917e+00 3.310298241680441345e-02 2.936711384744467718e-02 1.439999914169311612e+00 1.439999914169311612e+00 0.000000000000000000e+00 0.000000000000000000e+00 3.513737001437973184e-01 3.529017942134724528e-01
2.180499999000000244e+00 3.167508778086396415e+00 3.310363158502593189e-02 2.936775994471969159e-02 1.439999914169311612e+00 1.439999914169311612e+00 0.000000000000000000e+00 0.000000000000000000e+00 3.513747279796376466e-01 3.529028270973202375e-01
2.190499999000000031e+00 3.167508167176044775e+00 3.310450102003217876e-02 2.936862537180645952e-02 1.439999914169311612e+00 1.439999914169311612e+00 7.257596619340826889e-05 7.224470614016619159e-05 3.513761046705107249e-01 3.529042105063746604e-01
2.200499999000000262e+00 3.167507604418593470e+00 3.310530186956298776e-02 2.936942263360957026e-02 1.439999914169311612e+00 1.439999914169311612e+00 1.459192576491253929e-04 1.452736730008855602e-04 3.513773728639562055e-01 3.529054848457926497e-01
2.210499999000000049e+00 3.167507347752928304e+00 3.310566710840538024e-02 2.936978626861686328e-02 1.439999914169311612e+00 1.439999914169311612e+00 5.847434739746556071e-05 5.821854237446833278e-05 3.513779512737184030e-01 3.529060660453560150e-01
2.220499999000000280e+00 3.167507090545781168e+00 3.310603310709005209e-02 2.937015068022465550e-02 1.439999914169311612e+00 1.439999914169311612e+00 7.319973693437221019e-05 7.288232155844443373e-05 3.513785309066892459e-01 3.529066484657716884e-01
2.230499999000000066e+00 3.167506315697705688e+00 3.310713563097244377e-02 2.937124854258985410e-02 1.439999914169311612e+00 1.439999914169311612e+00 4.914063808648830387e-05 4.893653892067941142e-05 3.513802770944176590e-01 3.529084030018512230e-01
2.240499999000000297e+00 3.167505536043435654e+00 3.310824489957764349e-02 2.937235329727126351e-02 1.439999914169311612e+00 1.439999914169311612e+00 0.000000000000000000e+00 0.000000000000000000e+00 3.513820341386967305e-01 3.529101683740343276e-01
2.250499999000000084e+00 3.167505065957628929e+00 3.310891367893058906e-02 2.937301943860099254e-02 1.439999914169311612e+00 1.439999914169311612e+00 1.488515314201413193e-04 1.482704957144813601e-04 3.513830935452675330e-01 3.529112327676282579e-01
2.260499999000000315e+00 3.167504856484914644e+00 3.310921167992264547e-02 2.937331628396448388e-02 1.439999914169311612e+00 1.439999914169311612e+00 9.937253768928319025e-05 9.898818692047890006e-05 3.513835656252296546e-01 3.529117070616951679e-01
2.270499999000000102e+00 3.167504015220868663e+00 3.311040841800453466e-02 2.937450850194235977e-02 1.439999914169311612e+00 1.439999914169311612e+00 0.000000000000000000e+00 0.000000000000000000e+00 3.513854615640242818e-01 3.529136118430364899e-01
2.280499999000000333e+00 3.167503645485127084e+00 3.311093435242991323e-02 2.937503251004531732e-02 1.439999914169311612e+00 1.439999914169311612e+00 7.522152455780857061e-05 7.494821675433630990e-05 3.513862948379244955e-01 3.529144489785749350e-01
2.290499999000000120e+00 3.167503009285895121e+00 3.311183927570085506e-02 2.937593420250797852e-02 1.439999914169311612e+00 1.439999914169311612e+00 0.000000000000000000e+00 0.000000000000000000e+00 3.513877286524001997e-01 3.529158894034281069e-01
2.300499999000000351e+00 3.167502636798111837e+00 3.311236907254443834e-02 2.937646215614893308e-02 1.439999914169311612e+00 1.439999914169311612e+00 7.577177495166900149e-05 7.551031956654907242e-05 3.513885681418753570e-01 3.529167327433992973e-01
2.310499999000000138e+00 3.167501888796815379e+00 3.311343291299274905e-02 2.937752240094610584e-02 1.439999914169311612e+00 1.439999914169311612e+00 1.523492154375573890e-04 1.518435316649239489e-04 3.513902539542355097e-01 3.529184262447575549e-01
2.320499998999999924e+00 3.167501298270125609e+00 3.311427273372178487e-02 2.937835948036801939e-02 1.439999914169311612e+00 1.439999914169311612e+00 1.529851526572438471e-04 1.524927633404239680e-04 3.513915848701908429e-01 3.529197631911196176e-01
2.330499999000000155e+00 3.167500867256441310e+00 3.311488567364404695e-02 2.937897047238416728e-02 1.439999914169311612e+00 1.439999914169311612e+00 0.000000000000000000e+00 0.000000000000000000e+00 3.513925562862024732e-01 3.529207389869459810e-01
2.340499998999999942e+00 3.167500543140580938e+00 3.311534657975637175e-02 2.937942994253985377e-02 1.439999914169311612e+00 1.439999914169311612e+00 7.687356244971147378e-05 7.663542422182434974e-05 3.513932867802868065e-01 3.529214727627816295e-01
2.350499999000000173e+00 3.167499838417311420e+00 3.311634868004350446e-02 2.938042900434269938e-02 1.439999914169311612e+00 1.439999914169311612e+00 1.545054208186037714e-04 1.540449982782320418e-04 3.513948751001229054e-01 3.529230681838479988e-01
2.360499998999999960e+00 3.167499838417311420e+00 3.311634868004350446e-02 2.938042900434269938e-02 1.439999914169311612e+00 1.439999914169311612e+00 1.545054208186037714e-04 1.540449982782320418e-04 3.513948751001229054e-01 3.529230681838479988e-01
2.370499999000000191e+00 3.167498638113019460e+00 3.311805534602652729e-02 2.938213075196250898e-02 1.439999914169311612e+00 1.439999914169311612e+00 7.781211483203794152e-05 7.759343744681045161e-05 3.513975804030127215e-01 3.529257854766103542e-01
2.380499998999999978e+00 3.167498254180137085e+00 3.311860120924581957e-02 2.938267510832144602e-02 1.439999914169311612e+00 1.439999914169311612e+00 0.000000000000000000e+00 0.000000000000000000e+00 3.513984457373943160e-01 3.529266546189522291e-01
2.390499999000000209e+00 3.167497648915833075e+00 3.311946171962744379e-02 2.938353330679990480e-02 1.439999914169311612e+00 1.439999914169311612e+00 1.044712490544346512e-04 1.041943770083114093e-04 3.513998099315054358e-01 3.529280247902040202e-01
2.400499998999999995e+00 3.167497041275800562e+00 3.312032556581625403e-02 2.938439490871432025e-02 1.439999914169311612e+00 1.439999914169311612e+00 0.000000000000000000e+00 0.000000000000000000e+00 3.514011794894046359e-01 3.529294003173057970e-01
2.410499999000000226e+00 3.167496486834286085e+00 3.312111374694800409e-02 2.938518110773703437e-02 1.439999914169311612e+00 1.439999914169311612e+00 0.000000000000000000e+00 0.000000000000000000e+00 3.514024291510785547e-01 3.529306553986950590e-01
2.420499999000000013e+00 3.167495874704996162e+00 3.312198389663031928e-02 2.938604914051272041e-02 1.439999914169311612e+00 1.439999914169311612e+00 7.919862816431470938e-05 7.900809514526506590e-05 3.514038088441500118e-01 3.529320410461416202e-01
2.430499999000000244e+00 3.167495539834409346e+00 3.312245990243035954e-02 2.938652401940202580e-02 1.439999914169311612e+00 1.439999914169311612e+00 7.940167098125824722e-05 7.921520853854986536e-05 3.514045636206685197e-01 3.529327990672956883e-01
2.440499999000000031e+00 3.167494755783957228e+00 3.312357435405934719e-02 2.938763591688922303e-02 1.439999914169311612e+00 1.439999914169311612e+00 6.381292531608797128e-05 6.366953514829303278e-05 3.514063308288899456e-01 3.529345738378211195e-01
2.450499999000000262e+00 3.167494418615223850e+00 3.312405358707993380e-02 2.938811408724710181e-02 1.439999914169311612e+00 1.439999914169311612e+00 1.598740052844769383e-04 1.595224482579312027e-04 3.514070907933337651e-01 3.529353370396983713e-01
2.460499999000000049e+00 3.167493629239825026e+00 3.312517551651640579e-02 2.938923361085355943e-02 1.439999914169311612e+00 1.439999914169311612e+00 8.030936472781299428e-05 8.014093037454255916e-05 3.514088700219156758e-01 3.529371238141223444e-01
2.470499999000000280e+00 3.167493063136073594e+00 3.312598007438671832e-02 2.939003651293493891e-02 1.439999914169311612e+00 1.439999914169311612e+00 0.000000000000000000e+00 0.000000000000000000e+00 3.514101460103208341e-01 3.529384051855783966e-01
2.480499999000000066e+00 3.167492665743097735e+00 3.312654483835852925e-02 2.939060014861978598e-02 1.439999914169311612e+00 1.439999914169311612e+00 1.615201052628816481e-04 1.612008129827663546e-04 3.514110417310370993e-01 3.529393046711455373e-01
2.490499999000000297e+00 3.167491868213236028e+00 3.312767822006063706e-02 2.939173134872144835e-02 1.439999914169311612e+00 1.439999914169311612e+00 1.622538683270793273e-04 1.619487909748099574e-04 3.514128393657350857e-01 3.529411098276526992e-01
2.500000000000000000e+00 3.167491696843447890e+00 3.312792174837823900e-02 2.939197442246485256e-02 1.439999914169311612e+00 1.439999914169311612e+00 6.957951931484255865e-05 6.944964097263456651e-05 3.514132256351901740e-01 3.529414977075484572e-01
2.510000000000000231e+00 3.167490780045539633e+00 3.312922453513408166e-02 2.939327486097818160e-02 1.439999914169311612e+00 1.439999914169311612e+00 8.161554235914591311e-05 8.147252116009538032e-05 3.514152921164188648e-01 3.529435727700951375e-01
2.520000000000000018e+00 3.167490204648410135e+00 3.313004214579917672e-02 2.939409106843770755e-02 1.439999914169311612e+00 1.439999914169311612e+00 1.637501196998799951e-04 1.634739121014204045e-04 3.514165890801710379e-01 3.529448750907153709e-01
2.530000000000000249e+00 3.167490089350927018e+00 3.313020597419413793e-02 2.939425462209431517e-02 1.439999914169311612e+00 1.439999914169311612e+00 0.000000000000000000e+00 0.000000000000000000e+00 3.514168489650432159e-01 3.529451360463564669e-01
2.540000000000000036e+00 3.167489338135185850e+00 3.313127336208230439e-02 2.939532027169470402e-02 1.439999914169311612e+00 1.439999914169311612e+00 0.000000000000000000e+00 0.000000000000000000e+00 3.514185422384731305e-01 3.529468362751395638e-01
2.550000000000000266e+00 3.167488473960242246e+00 3.313250119424476781e-02 2.939654620578938810e-02 1.439999914169311612e+00 1.439999914169311612e+00 1.607345926636141720e-04 1.604905193534401941e-04 3.514204901353934485e-01 3.529487921316678545e-01
2.560000000000000053e+00 3.167487900047437854e+00 3.313331659806221380e-02 2.939736038094813500e-02 1.439999914169311612e+00 1.439999914169311612e+00 8.051670889048565915e-05 8.039643031866102873e-05 3.514217837650456255e-01 3.529500910343572606e-01
2.570000000000000284e+00 3.167487381909956490e+00 3.313405274635351089e-02 2.939809543692841615e-02 1.439999914169311612e+00 1.439999914169311612e+00 8.207659195809554296e-05 8.195536878307896854e-05 3.514229516726652403e-01 3.529512636956080307e-01
2.580000000000000071e+00 3.167487381909956490e+00 3.313405274635351089e-02 2.939809543692841615e-02 1.439999914169311612e+00 1.439999914169311612e+00 8.207659195809554296e-05 8.195536878307896854e-05 3.514229516726652403e-01 3.529512636956080307e-01
2.590000000000000302e+00 3.167487381909956490e+00 3.313405274635351089e-02 2.939809543692841615e-02 1.439999914169311612e+00 1.439999914169311612e+00 8.207659195809554296e-05 8.195536878307896854e-05 3.514229516726652403e-01 3.529512636956080307e-01
2.600000000000000089e+00 3.167485651487101705e+00 3.313651118352144848e-02 2.940055034245318832e-02 1.439999914169311612e+00 1.439999914169311612e+00 1.664347129142761692e-04 1.662010933738966578e-04 3.514268521212388086e-01 3.529551799721470928e-01
