1.715005146156577826e+09 3.819553682677394590e+00 5.909999999999999698e-01 -1.657000000000000028e+00 9.000000000000000222e-01 0.000000000000000000e+00 -6.000000000000000125e-03 1.200000000000000025e-02 -0.000000000000000000e+00 5.227319006909756371e-01 -4.599999999999999922e-02 1.000000000000000021e-02
1.715005146166938305e+09 3.812425676749264802e+00 5.899999999999999689e-01 -1.657000000000000028e+00 9.000000000000000222e-01 0.000000000000000000e+00 -1.099999999999999936e-02 8.999999999999999320e-03 -0.000000000000000000e+00 5.227319006909756371e-01 -4.000000000000000083e-02 -1.000000000000000021e-03
1.715005146176310301e+09 3.813731346775681263e+00 5.889999999999999680e-01 -1.657999999999999918e+00 9.000000000000000222e-01 0.000000000000000000e+00 -1.400000000000000029e-02 4.000000000000000083e-03 -0.000000000000000000e+00 5.218036412291505721e-01 -2.100000000000000130e-02 -7.000000000000000146e-03
1.715005146187259436e+09 3.815987641554574594e+00 5.899999999999999689e-01 -1.657000000000000028e+00 9.000000000000000222e-01 0.000000000000000000e+00 -1.000000000000000021e-02 8.999999999999999320e-03 -0.000000000000000000e+00 5.227319006909756371e-01 -2.999999999999999889e-02 8.000000000000000167e-03
1.715005146196470022e+09 3.817293311580991499e+00 5.889999999999999680e-01 -1.657999999999999918e+00 9.000000000000000222e-01 0.000000000000000000e+00 -1.200000000000000025e-02 4.000000000000000083e-03 -0.000000000000000000e+00 5.218036412291505721e-01 -2.599999999999999881e-02 -7.000000000000000146e-03
1.715005146207287550e+09 3.844136427974356174e+00 5.909999999999999698e-01 -1.657999999999999918e+00 9.000000000000000222e-01 0.000000000000000000e+00 -4.000000000000000083e-03 2.000000000000000042e-03 -0.000000000000000000e+00 5.218036412291505721e-01 -8.000000000000000167e-03 0.000000000000000000e+00
1.715005146216215134e+09 3.842339942909885675e+00 5.909999999999999698e-01 -1.657999999999999918e+00 9.000000000000000222e-01 0.000000000000000000e+00 -4.000000000000000083e-03 2.000000000000000042e-03 -0.000000000000000000e+00 5.218036412291505721e-01 -8.000000000000000167e-03 0.000000000000000000e+00
1.715005146226188660e+09 3.840544437803679489e+00 5.899999999999999689e-01 -1.657999999999999918e+00 9.000000000000000222e-01 0.000000000000000000e+00 -1.000000000000000021e-02 4.000000000000000083e-03 -0.000000000000000000e+00 5.218036412291505721e-01 -1.600000000000000033e-02 1.000000000000000021e-03
1.715005146238541126e+09 3.840544168379323331e+00 5.889999999999999680e-01 -1.657999999999999918e+00 8.999999523162841575e-01 -2.384185793236071049e-08 -1.200000000000000025e-02 4.000000000000000083e-03 -0.000000000000000000e+00 5.218036190634131044e-01 -1.600000000000000033e-02 -8.000000000000000167e-03
1.715005146248336792e+09 3.845933620883106752e+00 5.899999999999999689e-01 -1.657999999999999918e+00 8.999999523162841575e-01 -2.384185793236071049e-08 -8.999999999999999320e-03 1.000000000000000021e-03 -0.000000000000000000e+00 5.218036190634131044e-01 -8.999999999999999320e-03 0.000000000000000000e+00
1.715005146257599115e+09 3.845933620883106752e+00 5.909999999999999698e-01 -1.657999999999999918e+00 8.999999523162841575e-01 -2.384185793236071049e-08 -3.000000000000000062e-03 2.000000000000000042e-03 -0.000000000000000000e+00 5.218036190634132154e-01 4.000000000000000083e-03 -8.999999999999999320e-03
1.715005146267689466e+09 3.844136158596728414e+00 5.899999999999999689e-01 -1.657999999999999918e+00 8.999999523162841575e-01 -2.384185793236071049e-08 -7.000000000000000146e-03 2.000000000000000042e-03 -0.000000000000000000e+00 5.218036190634131044e-01 -1.499999999999999944e-02 -3.500000000000000333e-02
1.715005146277064085e+09 3.837930511376051790e+00 5.909999999999999698e-01 -1.655999999999999917e+00 8.999999523162841575e-01 -2.384185793236071049e-08 -2.000000000000000042e-03 1.200000000000000025e-02 -0.000000000000000000e+00 5.236572704820497970e-01 -2.800000000000000058e-02 -5.000000000000000104e-03
1.715005146287147522e+09 3.852321837017265160e+00 5.899999999999999689e-01 -1.655999999999999917e+00 8.999999523162841575e-01 -2.384185793236071049e-08 -8.000000000000000167e-03 1.000000000000000021e-02 -0.000000000000000000e+00 5.236572704820497970e-01 -8.000000000000000167e-03 -1.799999999999999864e-02
1.715005146297564030e+09 3.854125104793403978e+00 5.899999999999999689e-01 -1.655999999999999917e+00 8.999999523162841575e-01 -2.384185793236071049e-08 -8.000000000000000167e-03 1.000000000000000021e-02 -0.000000000000000000e+00 5.236572704820497970e-01 -1.000000000000000021e-03 -4.000000000000000083e-03
1.715005146306241035e+09 3.854125104793403978e+00 5.889999999999999680e-01 -1.655999999999999917e+00 8.999999523162841575e-01 -2.384185793236071049e-08 -8.000000000000000167e-03 1.000000000000000021e-02 -0.000000000000000000e+00 5.236572704820497970e-01 -2.400000000000000050e-02 2.000000000000000042e-02
1.715005146316339016e+09 3.857237317607662419e+00 5.909999999999999698e-01 -1.657000000000000028e+00 8.999999523162841575e-01 -2.384185793236071049e-08 -2.000000000000000042e-03 2.000000000000000042e-03 -0.000000000000000000e+00 5.227318785937902224e-01 2.000000000000000042e-03 7.000000000000000146e-03
1.715005146326552868e+09 3.854935494020536701e+00 5.889999999999999680e-01 -1.657999999999999918e+00 8.999999523162841575e-01 -2.384185793236071049e-08 -1.200000000000000025e-02 -1.000000000000000021e-03 -0.000000000000000000e+00 5.218036190634131044e-01 -2.999999999999999889e-02 -2.100000000000000130e-02
1.715005146336147785e+09 3.856738761796675519e+00 5.899999999999999689e-01 -1.657999999999999918e+00 8.999999523162841575e-01 -2.384185793236071049e-08 -1.000000000000000021e-03 0.000000000000000000e+00 -0.000000000000000000e+00 5.218036190634131044e-01 -2.100000000000000130e-02 -1.600000000000000033e-02
1.715005146346446514e+09 3.855433091825587688e+00 5.889999999999999680e-01 -1.657000000000000028e+00 8.999999523162841575e-01 -2.384185793236071049e-08 -8.000000000000000167e-03 3.000000000000000062e-03 -0.000000000000000000e+00 5.227318785937900003e-01 -1.499999999999999944e-02 -4.000000000000000083e-03
1.715005146356866121e+09 3.857237317607662419e+00 5.889999999999999680e-01 -1.657000000000000028e+00 8.999999523162841575e-01 -2.384185793236071049e-08 -8.000000000000000167e-03 3.000000000000000062e-03 -0.000000000000000000e+00 5.227318785937900003e-01 -1.400000000000000029e-02 -5.000000000000000104e-03
1.715005146366859674e+09 3.857237317607662419e+00 5.889999999999999680e-01 -1.657000000000000028e+00 8.999999523162841575e-01 -2.384185793236071049e-08 -7.000000000000000146e-03 1.000000000000000021e-03 -0.000000000000000000e+00 5.227318785937900003e-01 -1.600000000000000033e-02 -7.000000000000000146e-03
1.715005146376795053e+09 3.855929330575478708e+00 5.889999999999999680e-01 -1.655999999999999917e+00 8.999999523162841575e-01 -2.384185793236071049e-08 -1.099999999999999936e-02 1.000000000000000021e-02 -0.000000000000000000e+00 5.236572704820497970e-01 -2.599999999999999881e-02 -2.599999999999999881e-02
1.715005146386142254e+09 3.855433091825587688e+00 5.889999999999999680e-01 -1.657000000000000028e+00 8.999999523162841575e-01 -2.384185793236071049e-08 -8.999999999999999320e-03 0.000000000000000000e+00 -0.000000000000000000e+00 5.227318785937900003e-01 -1.000000000000000021e-03 -3.300000000000000155e-02
1.715005146397010565e+09 3.857237317607662419e+00 5.899999999999999689e-01 -1.657000000000000028e+00 8.999999523162841575e-01 -2.384185793236071049e-08 -4.000000000000000083e-03 1.000000000000000021e-03 -0.000000000000000000e+00 5.227318785937900003e-01 -1.000000000000000021e-02 3.000000000000000062e-03
1.715005146406132936e+09 3.859042498671419352e+00 5.899999999999999689e-01 -1.657000000000000028e+00 8.999999523162841575e-01 -2.384185793236071049e-08 0.000000000000000000e+00 1.000000000000000021e-03 -0.000000000000000000e+00 5.227318785937900003e-01 -4.000000000000000083e-03 0.000000000000000000e+00
1.715005146417033672e+09 3.854125104793403978e+00 5.889999999999999680e-01 -1.655999999999999917e+00 8.999999523162841575e-01 -2.384185793236071049e-08 -7.000000000000000146e-03 6.000000000000000125e-03 -0.000000000000000000e+00 5.236572704820497970e-01 -1.099999999999999936e-02 -8.999999999999999320e-03
1.715005146426263809e+09 3.847732057612938128e+00 5.899999999999999689e-01 -1.657999999999999918e+00 8.999999523162841575e-01 -2.384185793236071049e-08 -4.000000000000000083e-03 -2.000000000000000042e-03 -0.000000000000000000e+00 5.218036190634131044e-01 -2.000000000000000042e-02 -3.300000000000000155e-02
1.715005146437215567e+09 3.846426387641850297e+00 5.899999999999999689e-01 -1.657000000000000028e+00 8.999999523162841575e-01 -2.384185793236071049e-08 -4.000000000000000083e-03 0.000000000000000000e+00 -0.000000000000000000e+00 5.227318785937900003e-01 -1.799999999999999864e-02 -2.199999999999999872e-02
1.715005146446190596e+09 3.848225796064489224e+00 5.889999999999999680e-01 -1.657000000000000028e+00 8.999999523162841575e-01 -2.384185793236071049e-08 -5.000000000000000104e-03 0.000000000000000000e+00 -0.000000000000000000e+00 5.227318785937900003e-01 -1.000000000000000021e-02 -1.799999999999999864e-02
1.715005146456338644e+09 3.845118400609667031e+00 5.889999999999999680e-01 -1.655999999999999917e+00 8.999999523162841575e-01 -2.384185793236071049e-08 -5.000000000000000104e-03 7.000000000000000146e-03 -0.000000000000000000e+00 5.236572704820497970e-01 -1.200000000000000025e-02 0.000000000000000000e+00
1.715005146466420650e+09 3.846426387641850742e+00 5.899999999999999689e-01 -1.657000000000000028e+00 8.999999523162841575e-01 -2.384185793236071049e-08 0.000000000000000000e+00 1.000000000000000021e-03 -0.000000000000000000e+00 5.227318785937900003e-01 -2.100000000000000130e-02 1.299999999999999940e-02
1.715005146476171970e+09 3.845118400609667031e+00 5.899999999999999689e-01 -1.655999999999999917e+00 8.999999523162841575e-01 -2.384185793236071049e-08 -4.000000000000000083e-03 5.000000000000000104e-03 -0.000000000000000000e+00 5.236572704820497970e-01 -1.400000000000000029e-02 8.000000000000000167e-03
1.715005146486414433e+09 3.848225796064489224e+00 5.899999999999999689e-01 -1.657000000000000028e+00 8.999999523162841575e-01 -2.384185793236071049e-08 0.000000000000000000e+00 0.000000000000000000e+00 -0.000000000000000000e+00 5.227318785937900003e-01 -1.600000000000000033e-02 -8.000000000000000167e-03
1.715005146496126652e+09 3.853434501506874721e+00 5.939999999999999725e-01 -1.661000000000000032e+00 8.999999523162841575e-01 -2.384185793236071049e-08 1.799999999999999864e-02 -2.299999999999999961e-02 -0.000000000000000000e+00 5.190014805143841059e-01 2.299999999999999961e-02 -5.399999999999999939e-02
1.715005146506396770e+09 3.858605669405932304e+00 5.949999999999999734e-01 -1.665000000000000036e+00 8.999999523162841575e-01 -2.384185793236071049e-08 2.100000000000000130e-02 -4.100000000000000172e-02 -0.000000000000000000e+00 5.152242003769352818e-01 3.699999999999999817e-02 -8.400000000000000522e-02
1.715005146517344713e+09 3.858605669405932304e+00 5.939999999999999725e-01 -1.665000000000000036e+00 8.999999523162841575e-01 -2.384185793236071049e-08 1.600000000000000033e-02 -4.200000000000000261e-02 -0.000000000000000000e+00 5.152242003769352818e-01 2.000000000000000042e-02 -7.499999999999999722e-02
1.715005146527503252e+09 3.858605669405932304e+00 5.939999999999999725e-01 -1.665000000000000036e+00 8.999999523162841575e-01 -2.384185793236071049e-08 1.600000000000000033e-02 -4.200000000000000261e-02 -0.000000000000000000e+00 5.152242003769352818e-01 2.000000000000000042e-02 -7.499999999999999722e-02
1.715005146536119223e+09 3.855517013896031298e+00 5.939999999999999725e-01 -1.663999999999999924e+00 8.999999523162841575e-01 -2.384185793236071049e-08 1.600000000000000033e-02 -3.300000000000000155e-02 -0.000000000000000000e+00 5.161729716718709282e-01 1.799999999999999864e-02 -4.399999999999999745e-02
1.715005146547430038e+09 3.858605669405932748e+00 5.939999999999999725e-01 -1.665000000000000036e+00 8.999999523162841575e-01 -2.384185793236071049e-08 1.400000000000000029e-02 -3.599999999999999728e-02 -0.000000000000000000e+00 5.152242003769352818e-01 -4.000000000000000083e-03 -4.800000000000000100e-02
1.715005146556393862e+09 3.859116799687922317e+00 5.939999999999999725e-01 -1.663999999999999924e+00 8.999999523162841575e-01 -2.384185793236071049e-08 1.299999999999999940e-02 -3.400000000000000244e-02 -0.000000000000000000e+00 5.161729716718709282e-01 -3.000000000000000062e-03 -4.700000000000000011e-02
1.715005146567371607e+09 3.857316422318670224e+00 5.939999999999999725e-01 -1.663999999999999924e+00 8.999999523162841575e-01 -2.384185793236071049e-08 1.700000000000000122e-02 -2.900000000000000147e-02 -0.000000000000000000e+00 5.161729716718709282e-01 4.000000000000000083e-03 -3.799999999999999906e-02
1.715005146576339722e+09 3.860918143262026092e+00 5.949999999999999734e-01 -1.663999999999999924e+00 8.999999523162841575e-01 -2.384185793236071049e-08 1.700000000000000122e-02 -2.800000000000000058e-02 -0.000000000000000000e+00 5.161729716718709282e-01 1.899999999999999953e-02 -4.800000000000000100e-02
1.715005146586210251e+09 3.857316422318670668e+00 5.929999999999999716e-01 -1.663999999999999924e+00 8.999999523162841575e-01 -2.384185793236071049e-08 6.000000000000000125e-03 -2.599999999999999881e-02 -0.000000000000000000e+00 5.161729716718709282e-01 -1.000000000000000021e-03 -5.999999999999999778e-02
1.715005146596420050e+09 3.857316422318670224e+00 5.939999999999999725e-01 -1.663999999999999924e+00 8.999999523162841575e-01 -2.384185793236071049e-08 1.400000000000000029e-02 -2.500000000000000139e-02 -0.000000000000000000e+00 5.161729716718709282e-01 7.000000000000000146e-03 -4.000000000000000083e-02
1.715005146606194735e+09 3.855517013896031298e+00 5.939999999999999725e-01 -1.663999999999999924e+00 8.999999523162841575e-01 -2.384185793236071049e-08 1.200000000000000025e-02 -2.500000000000000139e-02 -0.000000000000000000e+00 5.161729716718709282e-01 1.400000000000000029e-02 -2.800000000000000058e-02
1.715005146617339134e+09 3.855517013896030853e+00 5.939999999999999725e-01 -1.663999999999999924e+00 8.999999523162841575e-01 -2.384185793236071049e-08 1.200000000000000025e-02 -2.199999999999999872e-02 -0.000000000000000000e+00 5.161729716718709282e-01 1.200000000000000025e-02 -2.599999999999999881e-02
1.715005146626265287e+09 3.855007824253461557e+00 5.899999999999999689e-01 -1.665000000000000036e+00 8.999999523162841575e-01 -2.384185793236071049e-08 -8.999999999999999320e-03 -2.100000000000000130e-02 -0.000000000000000000e+00 5.152242003769352818e-01 -1.499999999999999944e-02 -5.000000000000000278e-02
1.715005146636192560e+09 3.860406046775184397e+00 5.899999999999999689e-01 -1.665000000000000036e+00 8.999999523162841575e-01 -2.384185793236071049e-08 -8.999999999999999320e-03 -2.100000000000000130e-02 -0.000000000000000000e+00 5.152242003769352818e-01 -1.499999999999999944e-02 -5.000000000000000278e-02
1.715005146646553755e+09 3.862977406436830297e+00 5.889999999999999680e-01 -1.667000000000000037e+00 8.999999523162841575e-01 -2.384185793236071049e-08 -1.499999999999999944e-02 -2.900000000000000147e-02 -0.000000000000000000e+00 5.133176566152943820e-01 -2.199999999999999872e-02 -5.299999999999999850e-02
1.715005146656259537e+09 3.860918143262026092e+00 5.909999999999999698e-01 -1.663999999999999924e+00 8.999999523162841575e-01 -2.384185793236071049e-08 -4.000000000000000083e-03 -1.700000000000000122e-02 -0.000000000000000000e+00 5.161729716718709282e-01 -1.299999999999999940e-02 -3.899999999999999994e-02
1.715005146666305065e+09 3.860918143262026092e+00 5.909999999999999698e-01 -1.663999999999999924e+00 8.999999523162841575e-01 -2.384185793236071049e-08 -4.000000000000000083e-03 -2.000000000000000042e-02 -0.000000000000000000e+00 5.161729716718709282e-01 -2.400000000000000050e-02 -1.299999999999999940e-02
1.715005146677334547e+09 3.860918143262026092e+00 5.909999999999999698e-01 -1.663999999999999924e+00 8.999999523162841575e-01 -2.384185793236071049e-08 -4.000000000000000083e-03 -1.400000000000000029e-02 -0.000000000000000000e+00 5.161729716718709282e-01 -7.000000000000000146e-03 -1.099999999999999936e-02
1.715005146687236786e+09 3.864523718079768244e+00 5.909999999999999698e-01 -1.663999999999999924e+00 8.999999523162841575e-01 -2.384185793236071049e-08 -4.000000000000000083e-03 -1.400000000000000029e-02 -0.000000000000000000e+00 5.161729716718709282e-01 -7.000000000000000146e-03 -1.099999999999999936e-02
1.715005146696486235e+09 3.863232102790627565e+00 5.899999999999999689e-01 -1.663000000000000034e+00 8.999999523162841575e-01 -2.384185793236071049e-08 -1.200000000000000025e-02 -8.000000000000000167e-03 -0.000000000000000000e+00 5.171187646132050508e-01 -1.400000000000000029e-02 -1.899999999999999953e-02
1.715005146707040787e+09 3.858542987578750250e+00 5.929999999999999716e-01 -1.657999999999999918e+00 8.999999523162841575e-01 -2.384185793236071049e-08 5.000000000000000104e-03 1.499999999999999944e-02 -0.000000000000000000e+00 5.218036190634131044e-01 1.400000000000000029e-02 2.900000000000000147e-02
1.715005146716630697e+09 3.856738761796675519e+00 5.929999999999999716e-01 -1.657999999999999918e+00 8.999999523162841575e-01 -2.384185793236071049e-08 5.000000000000000104e-03 1.499999999999999944e-02 -0.000000000000000000e+00 5.218036190634131044e-01 1.400000000000000029e-02 2.900000000000000147e-02
1.715005146726108789e+09 3.862154302268015371e+00 5.919999999999999707e-01 -1.657999999999999918e+00 8.999999523162841575e-01 -2.384185793236071049e-08 0.000000000000000000e+00 1.299999999999999940e-02 -0.000000000000000000e+00 5.218036190634131044e-01 -7.000000000000000146e-03 2.000000000000000042e-02
1.715005146738944292e+09 3.859540645264743830e+00 5.939999999999999725e-01 -1.655999999999999917e+00 8.999999523162841575e-01 -2.384185793236071049e-08 1.099999999999999936e-02 2.199999999999999872e-02 -0.000000000000000000e+00 5.236572704820497970e-01 1.400000000000000029e-02 4.000000000000000083e-02
1.715005146748774290e+09 3.859042498671420240e+00 5.919999999999999707e-01 -1.657000000000000028e+00 8.999999523162841575e-01 -2.384185793236071049e-08 0.000000000000000000e+00 1.700000000000000122e-02 -0.000000000000000000e+00 5.227318785937900003e-01 -4.000000000000000083e-03 2.100000000000000130e-02
1.715005146759061575e+09 3.859042498671420240e+00 5.929999999999999716e-01 -1.657000000000000028e+00 8.999999523162841575e-01 -2.384185793236071049e-08 5.000000000000000104e-03 1.700000000000000122e-02 -0.000000000000000000e+00 5.227318785937900003e-01 2.000000000000000042e-03 8.000000000000000167e-03
