5.000000000000000278e-02 3.333109739206143729e-01 0.000000000000000000e+00 0.000000000000000000e+00 0.000000000000000000e+00 0.000000000000000000e+00 0.000000000000000000e+00 0.000000000000000000e+00 -0.000000000000000000e+00 5.551115123125782702e-17
6.000000000000000472e-02 3.333108853986437303e-01 0.000000000000000000e+00 0.000000000000000000e+00 -2.384185793236071049e-08 -2.384185793236071049e-08 0.000000000000000000e+00 0.000000000000000000e+00 -0.000000000000000000e+00 5.551115123125782702e-17
7.000000000000000666e-02 3.333108853986437303e-01 0.000000000000000000e+00 0.000000000000000000e+00 -2.384185793236071049e-08 -2.384185793236071049e-08 0.000000000000000000e+00 0.000000000000000000e+00 -0.000000000000000000e+00 5.551115123125782702e-17
8.000000000000000167e-02 3.333108853986437303e-01 0.000000000000000000e+00 0.000000000000000000e+00 -2.384185793236071049e-08 -2.384185793236071049e-08 0.000000000000000000e+00 0.000000000000000000e+00 -0.000000000000000000e+00 5.551115123125782702e-17
9.000000000000001055e-02 3.333108853986437303e-01 0.000000000000000000e+00 0.000000000000000000e+00 -2.384185793236071049e-08 -2.384185793236071049e-08 0.000000000000000000e+00 0.000000000000000000e+00 -0.000000000000000000e+00 5.551115123125782702e-17
1.000000000000000056e-01 3.333108853986437303e-01 0.000000000000000000e+00 0.000000000000000000e+00 -2.384185793236071049e-08 -2.384185793236071049e-08 0.000000000000000000e+00 0.000000000000000000e+00 -0.000000000000000000e+00 5.551115123125782702e-17
1.100000000000000006e-01 3.333108853986437303e-01 0.000000000000000000e+00 0.000000000000000000e+00 -2.384185793236071049e-08 -2.384185793236071049e-08 0.000000000000000000e+00 0.000000000000000000e+00 -0.000000000000000000e+00 5.551115123125782702e-17
1.200000000000000094e-01 3.333108853986437303e-01 0.000000000000000000e+00 0.000000000000000000e+00 -2.384185793236071049e-08 -2.384185793236071049e-08 0.000000000000000000e+00 0.000000000000000000e+00 -0.000000000000000000e+00 5.551115123125782702e-17
1.300000000000000044e-01 3.333108853986437303e-01 0.000000000000000000e+00 0.000000000000000000e+00 -2.384185793236071049e-08 -2.384185793236071049e-08 0.000000000000000000e+00 0.000000000000000000e+00 -0.000000000000000000e+00 5.551115123125782702e-17
1.400000000000000133e-01 3.333108853986437303e-01 0.000000000000000000e+00 0.000000000000000000e+00 -2.384185793236071049e-08 -2.384185793236071049e-08 0.000000000000000000e+00 0.000000000000000000e+00 -0.000000000000000000e+00 5.551115123125782702e-17
1.500000000000000222e-01 3.333108853986437303e-01 0.000000000000000000e+00 0.000000000000000000e+00 -2.384185793236071049e-08 -2.384185793236071049e-08 0.000000000000000000e+00 0.000000000000000000e+00 -0.000000000000000000e+00 5.551115123125782702e-17
1.600000000000000033e-01 3.333108853986437303e-01 0.000000000000000000e+00 0.000000000000000000e+00 -2.384185793236071049e-08 -2.384185793236071049e-08 0.000000000000000000e+00 0.000000000000000000e+00 -0.000000000000000000e+00 5.551115123125782702e-17
1.700000000000000122e-01 3.333108853986437303e-01 0.000000000000000000e+00 0.000000000000000000e+00 -2.384185793236071049e-08 -2.384185793236071049e-08 0.000000000000000000e+00 0.000000000000000000e+00 -0.000000000000000000e+00 5.551115123125782702e-17
1.800000000000000211e-01 3.333108853986437303e-01 0.000000000000000000e+00 0.000000000000000000e+00 -2.384185793236071049e-08 -2.384185793236071049e-08 0.000000000000000000e+00 0.000000000000000000e+00 -0.000000000000000000e+00 5.551115123125782702e-17
1.900000000000000022e-01 3.333108853986437303e-01 0.000000000000000000e+00 0.000000000000000000e+00 -2.384185793236071049e-08 -2.384185793236071049e-08 0.000000000000000000e+00 0.000000000000000000e+00 -0.000000000000000000e+00 5.551115123125782702e-17
2.000000000000000111e-01 3.333108853986437303e-01 0.000000000000000000e+00 0.000000000000000000e+00 -2.384185793236071049e-08 -2.384185793236071049e-08 0.000000000000000000e+00 0.000000000000000000e+00 -0.000000000000000000e+00 5.551115123125782702e-17
2.100000000000000200e-01 3.333108853986437303e-01 0.000000000000000000e+00 0.000000000000000000e+00 -2.384185793236071049e-08 -2.384185793236071049e-08 0.000000000000000000e+00 0.000000000000000000e+00 -0.000000000000000000e+00 5.551115123125782702e-17
2.200000000000000011e-01 3.333108853986437303e-01 0.000000000000000000e+00 0.000000000000000000e+00 -2.384185793236071049e-08 -2.384185793236071049e-08 0.000000000000000000e+00 0.000000000000000000e+00 -0.000000000000000000e+00 5.551115123125782702e-17
2.300000000000000100e-01 3.333108853986437303e-01 0.000000000000000000e+00 0.000000000000000000e+00 -2.384185793236071049e-08 -2.384185793236071049e-08 0.000000000000000000e+00 0.000000000000000000e+00 -0.000000000000000000e+00 5.551115123125782702e-17
2.400000000000000189e-01 3.333108853986437303e-01 0.000000000000000000e+00 0.000000000000000000e+00 -2.384185793236071049e-08 -2.384185793236071049e-08 0.000000000000000000e+00 0.000000000000000000e+00 -0.000000000000000000e+00 5.551115123125782702e-17
2.500000000000000000e-01 3.333108853986437303e-01 0.000000000000000000e+00 0.000000000000000000e+00 -2.384185793236071049e-08 -2.384185793236071049e-08 0.000000000000000000e+00 0.000000000000000000e+00 -0.000000000000000000e+00 5.551115123125782702e-17
2.600000000000000089e-01 3.333108853986437303e-01 0.000000000000000000e+00 0.000000000000000000e+00 -2.384185793236071049e-08 -2.384185793236071049e-08 0.000000000000000000e+00 0.000000000000000000e+00 -0.000000000000000000e+00 5.551115123125782702e-17
2.700000000000000178e-01 3.333108853986437303e-01 0.000000000000000000e+00 0.000000000000000000e+00 -2.384185793236071049e-08 -2.384185793236071049e-08 0.000000000000000000e+00 0.000000000000000000e+00 -0.000000000000000000e+00 5.551115123125782702e-17
2.800000000000000266e-01 3.333108853986437303e-01 0.000000000000000000e+00 0.000000000000000000e+00 -2.384185793236071049e-08 -2.384185793236071049e-08 0.000000000000000000e+00 0.000000000000000000e+00 -0.000000000000000000e+00 5.551115123125782702e-17
2.900000000000000355e-01 3.333108853986437303e-01 0.000000000000000000e+00 0.000000000000000000e+00 -2.384185793236071049e-08 -2.384185793236071049e-08 0.000000000000000000e+00 0.000000000000000000e+00 -0.000000000000000000e+00 5.551115123125782702e-17
3.000000000000000444e-01 3.333108853986437303e-01 0.000000000000000000e+00 0.000000000000000000e+00 -2.384185793236071049e-08 -2.384185793236071049e-08 0.000000000000000000e+00 0.000000000000000000e+00 -0.000000000000000000e+00 5.551115123125782702e-17
3.099999999999999978e-01 3.333108853986437303e-01 0.000000000000000000e+00 0.000000000000000000e+00 -2.384185793236071049e-08 -2.384185793236071049e-08 0.000000000000000000e+00 0.000000000000000000e+00 -0.000000000000000000e+00 5.551115123125782702e-17
3.200000000000000067e-01 3.333108853986437303e-01 0.000000000000000000e+00 0.000000000000000000e+00 -2.384185793236071049e-08 -2.384185793236071049e-08 0.000000000000000000e+00 0.000000000000000000e+00 -0.000000000000000000e+00 5.551115123125782702e-17
3.300000000000000155e-01 3.333108853986437303e-01 0.000000000000000000e+00 0.000000000000000000e+00 -2.384185793236071049e-08 -2.384185793236071049e-08 0.000000000000000000e+00 0.000000000000000000e+00 -0.000000000000000000e+00 5.551115123125782702e-17
3.400000000000000244e-01 3.333108853986437303e-01 0.000000000000000000e+00 0.000000000000000000e+00 -2.384185793236071049e-08 -2.384185793236071049e-08 0.000000000000000000e+00 0.000000000000000000e+00 -0.000000000000000000e+00 5.551115123125782702e-17
3.500000000000000333e-01 3.333108853986437303e-01 0.000000000000000000e+00 0.000000000000000000e+00 -2.384185793236071049e-08 -2.384185793236071049e-08 0.000000000000000000e+00 0.000000000000000000e+00 -0.000000000000000000e+00 5.551115123125782702e-17
3.600000000000000422e-01 3.333108853986437303e-01 0.000000000000000000e+00 0.000000000000000000e+00 -2.384185793236071049e-08 -2.384185793236071049e-08 0.000000000000000000e+00 0.000000000000000000e+00 -0.000000000000000000e+00 5.551115123125782702e-17
3.699999999999999956e-01 3.333108853986437303e-01 0.000000000000000000e+00 0.000000000000000000e+00 -2.384185793236071049e-08 -2.384185793236071049e-08 0.000000000000000000e+00 0.000000000000000000e+00 -0.000000000000000000e+00 5.551115123125782702e-17
3.800000000000000044e-01 3.333108853986437303e-01 0.000000000000000000e+00 0.000000000000000000e+00 -2.384185793236071049e-08 -2.384185793236071049e-08 0.000000000000000000e+00 0.000000000000000000e+00 -0.000000000000000000e+00 5.551115123125782702e-17
3.900000000000000133e-01 3.333108853986437303e-01 0.000000000000000000e+00 0.000000000000000000e+00 -2.384185793236071049e-08 -2.384185793236071049e-08 0.000000000000000000e+00 0.000000000000000000e+00 -0.000000000000000000e+00 5.551115123125782702e-17
4.000000000000000222e-01 3.333108853986437303e-01 0.000000000000000000e+00 0.000000000000000000e+00 -2.384185793236071049e-08 -2.384185793236071049e-08 0.000000000000000000e+00 0.000000000000000000e+00 -0.000000000000000000e+00 5.551115123125782702e-17
4.100000000000000311e-01 3.333108853986437303e-01 0.000000000000000000e+00 0.000000000000000000e+00 -2.384185793236071049e-08 -2.384185793236071049e-08 0.000000000000000000e+00 0.000000000000000000e+00 -0.000000000000000000e+00 5.551115123125782702e-17
4.200000000000000400e-01 3.333108853986437303e-01 0.000000000000000000e+00 0.000000000000000000e+00 -2.384185793236071049e-08 -2.384185793236071049e-08 0.000000000000000000e+00 0.000000000000000000e+00 -0.000000000000000000e+00 5.551115123125782702e-17
4.300000000000000488e-01 3.333108853986437303e-01 0.000000000000000000e+00 0.000000000000000000e+00 -2.384185793236071049e-08 -2.384185793236071049e-08 0.000000000000000000e+00 0.000000000000000000e+00 -0.000000000000000000e+00 5.551115123125782702e-17
4.400000000000000022e-01 3.333108853986437303e-01 0.000000000000000000e+00 0.000000000000000000e+00 -2.384185793236071049e-08 -2.384185793236071049e-08 0.000000000000000000e+00 0.000000000000000000e+00 -0.000000000000000000e+00 5.551115123125782702e-17
4.500000000000000111e-01 3.333108853986437303e-01 0.000000000000000000e+00 0.000000000000000000e+00 -2.384185793236071049e-08 -2.384185793236071049e-08 0.000000000000000000e+00 0.000000000000000000e+00 -0.000000000000000000e+00 5.551115123125782702e-17
4.600000000000000200e-01 3.333108853986437303e-01 0.000000000000000000e+00 0.000000000000000000e+00 -2.384185793236071049e-08 -2.384185793236071049e-08 0.000000000000000000e+00 0.000000000000000000e+00 -0.000000000000000000e+00 5.551115123125782702e-17
4.700000000000000289e-01 3.333108853986437303e-01 0.000000000000000000e+00 0.000000000000000000e+00 -2.384185793236071049e-08 -2.384185793236071049e-08 0.000000000000000000e+00 0.000000000000000000e+00 -0.000000000000000000e+00 5.551115123125782702e-17
4.800000000000000377e-01 3.333108853986437303e-01 0.000000000000000000e+00 0.000000000000000000e+00 -2.384185793236071049e-08 -2.384185793236071049e-08 0.000000000000000000e+00 0.000000000000000000e+00 -0.000000000000000000e+00 5.551115123125782702e-17
4.900000000000000466e-01 3.333108853986437303e-01 0.000000000000000000e+00 0.000000000000000000e+00 -2.384185793236071049e-08 -2.384185793236071049e-08 0.000000000000000000e+00 0.000000000000000000e+00 -0.000000000000000000e+00 5.551115123125782702e-17
5.000000000000000000e-01 3.333108853986437303e-01 0.000000000000000000e+00 0.000000000000000000e+00 -2.384185793236071049e-08 -2.384185793236071049e-08 0.000000000000000000e+00 0.000000000000000000e+00 -0.000000000000000000e+00 5.551115123125782702e-17
5.104999989999999821e-01 3.333108853986437303e-01 0.000000000000000000e+00 0.000000000000000000e+00 -2.384185793236071049e-08 -2.384185793236071049e-08 0.000000000000000000e+00 0.000000000000000000e+00 -0.000000000000000000e+00 5.551115123125782702e-17
5.204999989999999910e-01 3.333108853986437303e-01 0.000000000000000000e+00 0.000000000000000000e+00 -2.384185793236071049e-08 -2.384185793236071049e-08 0.000000000000000000e+00 0.000000000000000000e+00 -0.000000000000000000e+00 5.551115123125782702e-17
5.304999989999999999e-01 3.333108853986437303e-01 0.000000000000000000e+00 0.000000000000000000e+00 -2.384185793236071049e-08 -2.384185793236071049e-08 0.000000000000000000e+00 0.000000000000000000e+00 -0.000000000000000000e+00 5.551115123125782702e-17
5.404999990000000087e-01 3.333108853986437303e-01 0.000000000000000000e+00 0.000000000000000000e+00 -2.384185793236071049e-08 -2.384185793236071049e-08 0.000000000000000000e+00 0.000000000000000000e+00 -0.000000000000000000e+00 5.551115123125782702e-17
5.504999990000000176e-01 3.333108853986437303e-01 0.000000000000000000e+00 0.000000000000000000e+00 -2.384185793236071049e-08 -2.384185793236071049e-08 0.000000000000000000e+00 0.000000000000000000e+00 -0.000000000000000000e+00 5.551115123125782702e-17
5.604999990000000265e-01 3.333108853986437303e-01 0.000000000000000000e+00 0.000000000000000000e+00 -2.384185793236071049e-08 -2.384185793236071049e-08 0.000000000000000000e+00 0.000000000000000000e+00 -0.000000000000000000e+00 5.551115123125782702e-17
5.704999990000000354e-01 3.333108853986437303e-01 0.000000000000000000e+00 0.000000000000000000e+00 -2.384185793236071049e-08 -2.384185793236071049e-08 0.000000000000000000e+00 0.000000000000000000e+00 -0.000000000000000000e+00 5.551115123125782702e-17
5.804999990000000443e-01 3.333108853986437303e-01 0.000000000000000000e+00 0.000000000000000000e+00 -2.384185793236071049e-08 -2.384185793236071049e-08 0.000000000000000000e+00 0.000000000000000000e+00 -0.000000000000000000e+00 5.551115123125782702e-17
5.904999990000000532e-01 3.333108853986437303e-01 0.000000000000000000e+00 0.000000000000000000e+00 -2.384185793236071049e-08 -2.384185793236071049e-08 0.000000000000000000e+00 0.000000000000000000e+00 -0.000000000000000000e+00 5.551115123125782702e-17
6.004999990000000620e-01 3.333108853986437303e-01 0.000000000000000000e+00 0.000000000000000000e+00 -2.384185793236071049e-08 -2.384185793236071049e-08 0.000000000000000000e+00 0.000000000000000000e+00 -0.000000000000000000e+00 5.551115123125782702e-17
6.104999990000000709e-01 3.333108853986437303e-01 0.000000000000000000e+00 0.000000000000000000e+00 -2.384185793236071049e-08 -2.384185793236071049e-08 0.000000000000000000e+00 0.000000000000000000e+00 -0.000000000000000000e+00 5.551115123125782702e-17
6.204999990000000798e-01 3.333108853986437303e-01 0.000000000000000000e+00 0.000000000000000000e+00 -2.384185793236071049e-08 -2.384185793236071049e-08 0.000000000000000000e+00 0.000000000000000000e+00 -0.000000000000000000e+00 5.551115123125782702e-17
6.304999990000000887e-01 3.333108853986437303e-01 0.000000000000000000e+00 0.000000000000000000e+00 -2.384185793236071049e-08 -2.384185793236071049e-08 0.000000000000000000e+00 0.000000000000000000e+00 -0.000000000000000000e+00 5.551115123125782702e-17
6.404999989999999865e-01 3.333108853986437303e-01 0.000000000000000000e+00 0.000000000000000000e+00 -2.384185793236071049e-08 -2.384185793236071049e-08 0.000000000000000000e+00 0.000000000000000000e+00 -0.000000000000000000e+00 5.551115123125782702e-17
6.504999989999999954e-01 3.333108853986437303e-01 0.000000000000000000e+00 0.000000000000000000e+00 -2.384185793236071049e-08 -2.384185793236071049e-08 0.000000000000000000e+00 0.000000000000000000e+00 -0.000000000000000000e+00 5.551115123125782702e-17
6.604999990000000043e-01 3.333108853986437303e-01 0.000000000000000000e+00 0.000000000000000000e+00 -2.384185793236071049e-08 -2.384185793236071049e-08 0.000000000000000000e+00 0.000000000000000000e+00 -0.000000000000000000e+00 5.551115123125782702e-17
6.704999990000000132e-01 3.333108853986437303e-01 0.000000000000000000e+00 0.000000000000000000e+00 -2.384185793236071049e-08 -2.384185793236071049e-08 0.000000000000000000e+00 0.000000000000000000e+00 -0.000000000000000000e+00 5.551115123125782702e-17
6.804999990000000221e-01 3.333108853986437303e-01 0.000000000000000000e+00 0.000000000000000000e+00 -2.384185793236071049e-08 -2.384185793236071049e-08 0.000000000000000000e+00 0.000000000000000000e+00 -0.000000000000000000e+00 5.551115123125782702e-17
6.904999990000000309e-01 3.333108853986437303e-01 0.000000000000000000e+00 0.000000000000000000e+00 -2.384185793236071049e-08 -2.384185793236071049e-08 0.000000000000000000e+00 0.000000000000000000e+00 -0.000000000000000000e+00 5.551115123125782702e-17
7.004999990000000398e-01 3.333108853986437303e-01 0.000000000000000000e+00 0.000000000000000000e+00 -2.384185793236071049e-08 -2.384185793236071049e-08 0.000000000000000000e+00 0.000000000000000000e+00 -0.000000000000000000e+00 5.551115123125782702e-17
7.104999990000000487e-01 3.333108853986437303e-01 0.000000000000000000e+00 0.000000000000000000e+00 -2.384185793236071049e-08 -2.384185793236071049e-08 0.000000000000000000e+00 0.000000000000000000e+00 -0.000000000000000000e+00 5.551115123125782702e-17
7.204999990000000576e-01 3.333108853986437303e-01 0.000000000000000000e+00 0.000000000000000000e+00 -2.384185793236071049e-08 -2.384185793236071049e-08 0.000000000000000000e+00 0.000000000000000000e+00 -0.000000000000000000e+00 5.551115123125782702e-17
7.304999990000000665e-01 3.333108853986437303e-01 0.000000000000000000e+00 0.000000000000000000e+00 -2.384185793236071049e-08 -2.384185793236071049e-08 0.000000000000000000e+00 0.000000000000000000e+00 -0.000000000000000000e+00 5.551115123125782702e-17
7.404999990000000754e-01 3.333108853986437303e-01 0.000000000000000000e+00 0.000000000000000000e+00 -2.384185793236071049e-08 -2.384185793236071049e-08 0.000000000000000000e+00 0.000000000000000000e+00 -0.000000000000000000e+00 5.551115123125782702e-17
7.504999990000000842e-01 3.333108853986437303e-01 0.000000000000000000e+00 0.000000000000000000e+00 -2.384185793236071049e-08 -2.384185793236071049e-08 0.000000000000000000e+00 0.000000000000000000e+00 -0.000000000000000000e+00 5.551115123125782702e-17
7.604999990000000931e-01 3.333108853986437303e-01 0.000000000000000000e+00 0.000000000000000000e+00 -2.384185793236071049e-08 -2.384185793236071049e-08 0.000000000000000000e+00 0.000000000000000000e+00 -0.000000000000000000e+00 5.551115123125782702e-17
7.704999990000001020e-01 3.333108853986437303e-01 0.000000000000000000e+00 0.000000000000000000e+00 -2.384185793236071049e-08 -2.384185793236071049e-08 0.000000000000000000e+00 0.000000000000000000e+00 -0.000000000000000000e+00 5.551115123125782702e-17
7.804999989999999999e-01 3.333108853986437303e-01 0.000000000000000000e+00 0.000000000000000000e+00 -2.384185793236071049e-08 -2.384185793236071049e-08 0.000000000000000000e+00 0.000000000000000000e+00 -0.000000000000000000e+00 5.551115123125782702e-17
7.904999990000000087e-01 3.333108853986437303e-01 0.000000000000000000e+00 0.000000000000000000e+00 -2.384185793236071049e-08 -2.384185793236071049e-08 0.000000000000000000e+00 0.000000000000000000e+00 -0.000000000000000000e+00 5.551115123125782702e-17
8.004999990000000176e-01 3.333108853986437303e-01 0.000000000000000000e+00 0.000000000000000000e+00 -2.384185793236071049e-08 -2.384185793236071049e-08 0.000000000000000000e+00 0.000000000000000000e+00 -0.000000000000000000e+00 5.551115123125782702e-17
8.104999990000000265e-01 3.333108853986437303e-01 0.000000000000000000e+00 0.000000000000000000e+00 -2.384185793236071049e-08 -2.384185793236071049e-08 0.000000000000000000e+00 0.000000000000000000e+00 -0.000000000000000000e+00 5.551115123125782702e-17
8.204999990000000354e-01 3.333108853986437303e-01 0.000000000000000000e+00 0.000000000000000000e+00 -2.384185793236071049e-08 -2.384185793236071049e-08 0.000000000000000000e+00 0.000000000000000000e+00 -0.000000000000000000e+00 5.551115123125782702e-17
8.304999990000000443e-01 3.333108853986437303e-01 0.000000000000000000e+00 0.000000000000000000e+00 -2.384185793236071049e-08 -2.384185793236071049e-08 0.000000000000000000e+00 0.000000000000000000e+00 -0.000000000000000000e+00 5.551115123125782702e-17
8.404999990000000532e-01 3.333108853986437303e-01 0.000000000000000000e+00 0.000000000000000000e+00 -2.384185793236071049e-08 -2.384185793236071049e-08 0.000000000000000000e+00 0.000000000000000000e+00 -0.000000000000000000e+00 5.551115123125782702e-17
8.504999990000000620e-01 3.333108853986437303e-01 0.000000000000000000e+00 0.000000000000000000e+00 -2.384185793236071049e-08 -2.384185793236071049e-08 0.000000000000000000e+00 0.000000000000000000e+00 -0.000000000000000000e+00 5.551115123125782702e-17
8.604999990000000709e-01 3.333108853986437303e-01 0.000000000000000000e+00 0.000000000000000000e+00 -2.384185793236071049e-08 -2.384185793236071049e-08 0.000000000000000000e+00 0.000000000000000000e+00 -0.000000000000000000e+00 5.551115123125782702e-17
8.704999990000000798e-01 3.333108853986437303e-01 0.000000000000000000e+00 0.000000000000000000e+00 -2.384185793236071049e-08 -2.384185793236071049e-08 0.000000000000000000e+00 0.000000000000000000e+00 -0.000000000000000000e+00 5.551115123125782702e-17
8.804999990000000887e-01 3.333108853986437303e-01 0.000000000000000000e+00 0.000000000000000000e+00 -2.384185793236071049e-08 -2.384185793236071049e-08 0.000000000000000000e+00 0.000000000000000000e+00 -0.000000000000000000e+00 5.551115123125782702e-17
8.904999990000000976e-01 3.333108853986437303e-01 0.000000000000000000e+00 0.000000000000000000e+00 -2.384185793236071049e-08 -2.384185793236071049e-08 0.000000000000000000e+00 0.000000000000000000e+00 -0.000000000000000000e+00 5.551115123125782702e-17
9.004999990000001064e-01 3.333108853986437303e-01 0.000000000000000000e+00 0.000000000000000000e+00 -2.384185793236071049e-08 -2.384185793236071049e-08 0.000000000000000000e+00 0.000000000000000000e+00 -0.000000000000000000e+00 5.551115123125782702e-17
9.104999990000000043e-01 3.333108853986437303e-01 0.000000000000000000e+00 0.000000000000000000e+00 -2.384185793236071049e-08 -2.384185793236071049e-08 0.000000000000000000e+00 0.000000000000000000e+00 -0.000000000000000000e+00 5.551115123125782702e-17
9.204999990000000132e-01 3.333108853986437303e-01 0.000000000000000000e+00 0.000000000000000000e+00 -2.384185793236071049e-08 -2.384185793236071049e-08 0.000000000000000000e+00 0.000000000000000000e+00 -0.000000000000000000e+00 5.551115123125782702e-17
9.304999990000000221e-01 3.333108853986437303e-01 0.000000000000000000e+00 0.000000000000000000e+00 -2.384185793236071049e-08 -2.384185793236071049e-08 0.000000000000000000e+00 0.000000000000000000e+00 -0.000000000000000000e+00 5.551115123125782702e-17
9.404999990000000309e-01 3.333108853986437303e-01 0.000000000000000000e+00 0.000000000000000000e+00 -2.384185793236071049e-08 -2.384185793236071049e-08 0.000000000000000000e+00 0.000000000000000000e+00 -0.000000000000000000e+00 5.551115123125782702e-17
9.504999990000000398e-01 3.333108853986437303e-01 0.000000000000000000e+00 0.000000000000000000e+00 -2.384185793236071049e-08 -2.384185793236071049e-08 0.000000000000000000e+00 0.000000000000000000e+00 -0.000000000000000000e+00 5.551115123125782702e-17
9.604999990000000487e-01 3.333108853986437303e-01 0.000000000000000000e+00 0.000000000000000000e+00 -2.384185793236071049e-08 -2.384185793236071049e-08 0.000000000000000000e+00 0.000000000000000000e+00 -0.000000000000000000e+00 5.551115123125782702e-17
9.704999990000000576e-01 3.333108853986437303e-01 0.000000000000000000e+00 0.000000000000000000e+00 -2.384185793236071049e-08 -2.384185793236071049e-08 0.000000000000000000e+00 0.000000000000000000e+00 -0.000000000000000000e+00 5.551115123125782702e-17
9.804999990000000665e-01 3.333108853986437303e-01 0.000000000000000000e+00 0.000000000000000000e+00 -2.384185793236071049e-08 -2.384185793236071049e-08 0.000000000000000000e+00 0.000000000000000000e+00 -0.000000000000000000e+00 5.551115123125782702e-17
9.904999990000000754e-01 3.333108853986437303e-01 0.000000000000000000e+00 0.000000000000000000e+00 -2.384185793236071049e-08 -2.384185793236071049e-08 0.000000000000000000e+00 0.000000000000000000e+00 -0.000000000000000000e+00 5.551115123125782702e-17
1.000499999000000084e+00 3.333108853986437303e-01 0.000000000000000000e+00 0.000000000000000000e+00 -2.384185793236071049e-08 -2.384185793236071049e-08 0.000000000000000000e+00 0.000000000000000000e+00 -0.000000000000000000e+00 5.551115123125782702e-17
1.010499999000000093e+00 3.333108853986437303e-01 0.000000000000000000e+00 0.000000000000000000e+00 -2.384185793236071049e-08 -2.384185793236071049e-08 0.000000000000000000e+00 0.000000000000000000e+00 -0.000000000000000000e+00 5.551115123125782702e-17
1.020499999000000102e+00 3.333108853986437303e-01 0.000000000000000000e+00 0.000000000000000000e+00 -2.384185793236071049e-08 -2.384185793236071049e-08 0.000000000000000000e+00 0.000000000000000000e+00 -0.000000000000000000e+00 5.551115123125782702e-17
1.030499999000000111e+00 3.333108853986437303e-01 0.000000000000000000e+00 0.000000000000000000e+00 -2.384185793236071049e-08 -2.384185793236071049e-08 0.000000000000000000e+00 0.000000000000000000e+00 -0.000000000000000000e+00 5.551115123125782702e-17
1.040499999000000120e+00 3.333108853991086917e-01 3.357719056761376677e-07 0.000000000000000000e+00 -2.384185793236071049e-08 -2.384185793236071049e-08 1.768426824143004138e-04 0.000000000000000000e+00 -2.773128506938782323e-06 -5.551115123125782702e-17
1.050499999000000129e+00 3.333108859727904605e-01 1.179135249530036003e-05 0.000000000000000000e+00 -2.384185793236071049e-08 -2.384185793236071049e-08 2.598878495507058774e-03 0.000000000000000000e+00 -9.738437090683893516e-05 5.551115123125782702e-17
1.060499999000000138e+00 3.333109058948933723e-01 7.045135886783465294e-05 0.000000000000000000e+00 -2.384185793236071049e-08 -2.384185793236071049e-08 9.684798074468429357e-03 0.000000000000000000e+00 -5.818553659603376005e-04 5.551115123125782702e-17
1.070499999000000146e+00 3.333111046423566926e-01 2.304176125959077163e-04 0.000000000000000000e+00 -2.384185793236071049e-08 -2.384185793236071049e-08 2.272703960361900644e-02 0.000000000000000000e+00 -1.903012458906672144e-03 -5.551115123125782702e-17
1.080499999000000155e+00 3.333121539557675206e-01 5.542513126094623672e-04 0.000000000000000000e+00 -2.384185793236071049e-08 -2.384185793236071049e-08 4.204897428018355976e-02 0.000000000000000000e+00 -4.577561817135589184e-03 -5.551115123125782702e-17
1.090499999000000164e+00 3.333158913461521378e-01 1.101015671524715285e-03 0.000000000000000000e+00 -2.384185793236071049e-08 -2.384185793236071049e-08 6.673608620508511557e-02 0.000000000000000000e+00 -9.093402873740608072e-03 5.551115123125782702e-17
1.100499999000000173e+00 3.333260375908154161e-01 1.915509872448423537e-03 0.000000000000000000e+00 -2.384185793236071049e-08 -2.384185793236071049e-08 9.528167228289220747e-02 0.000000000000000000e+00 -1.582093360716740893e-02 5.551115123125782702e-17
1.110499998999999960e+00 3.333488907198615681e-01 3.033615533029567456e-03 0.000000000000000000e+00 -2.384185793236071049e-08 -2.384185793236071049e-08 1.272155828760470064e-01 0.000000000000000000e+00 -2.505772011557172441e-02 -5.551115123125782702e-17
1.120499998999999969e+00 3.333940375428766090e-01 4.487026273266278391e-03 0.000000000000000000e+00 -2.384185793236071049e-08 -2.384185793236071049e-08 1.621124279263188583e-01 0.000000000000000000e+00 -3.706853704409773798e-02 -5.551115123125782702e-17
1.130499998999999978e+00 3.334749852978006746e-01 6.302988761427694153e-03 0.000000000000000000e+00 -2.384185793236071049e-08 -2.384185793236071049e-08 1.995207569191065899e-01 0.000000000000000000e+00 -5.208485816949937064e-02 5.551115123125782702e-17
1.140499998999999987e+00 3.336096895496775128e-01 8.504260081361687817e-03 0.000000000000000000e+00 -2.384185793236071049e-08 -2.384185793236071049e-08 2.389964136434635233e-01 0.000000000000000000e+00 -7.030696492629656680e-02 -5.551115123125782702e-17
1.150499998999999995e+00 3.338209640025793790e-01 1.110924531692979340e-02 0.000000000000000000e+00 -2.384185793236071049e-08 -2.384185793236071049e-08 2.801133709456958831e-01 0.000000000000000000e+00 -9.190854837594930604e-02 -5.551115123125782702e-17
1.160499999000000004e+00 3.341367711098114368e-01 1.413221658302613211e-02 0.000000000000000000e+00 -2.384185793236071049e-08 -2.384185793236071049e-08 3.224705689767874972e-01 0.000000000000000000e+00 -1.170431691320415468e-01 -5.551115123125782702e-17
1.170499999000000013e+00 3.345903888687616901e-01 1.758345769986432647e-02 0.000000000000000000e+00 -2.384185793236071049e-08 -2.384185793236071049e-08 3.656788836410005405e-01 0.000000000000000000e+00 -1.458515011659926031e-01 5.551115123125782702e-17
1.180499999000000022e+00 3.352204420357420278e-01 2.146925865115224819e-02 0.000000000000000000e+00 -2.384185793236071049e-08 -2.384185793236071049e-08 4.093451383483471817e-01 0.000000000000000000e+00 -1.784690200688121009e-01 5.551115123125782702e-17
1.190499999000000031e+00 3.360709090331414073e-01 2.579234468599258048e-02 0.000000000000000000e+00 -2.384185793236071049e-08 -2.384185793236071049e-08 4.530882482037617565e-01 0.000000000000000000e+00 -2.150395408228803484e-01 -5.551115123125782702e-17
1.200499999000000040e+00 3.371909684138215679e-01 3.055163392144989026e-02 0.000000000000000000e+00 -2.384185793236071049e-08 -2.384185793236071049e-08 4.965433966599507309e-01 0.000000000000000000e+00 -2.557262152463123939e-01 -5.551115123125782702e-17
1.210499999000000049e+00 3.386350609087067642e-01 3.574302518804439721e-02 0.000000000000000000e+00 -2.384185793236071049e-08 -2.384185793236071049e-08 5.395102119905295091e-01 0.000000000000000000e+00 -3.007359787536360018e-01 5.551115123125782702e-17
1.220499999000000058e+00 3.404634385024543075e-01 4.136086434335584094e-02 0.000000000000000000e+00 -2.384185793236071049e-08 -2.384185793236071049e-08 5.818354155514848802e-01 0.000000000000000000e+00 -3.503582206693663936e-01 0.000000000000000000e+00
1.230499999000000066e+00 3.427428630136055698e-01 4.739818371702119587e-02 0.000000000000000000e+00 -2.384185793236071049e-08 -2.384185793236071049e-08 6.234016973967740904e-01 0.000000000000000000e+00 -4.050075931132317564e-01 0.000000000000000000e+00
1.240499999000000075e+00 3.455475706877719211e-01 5.384634184273798252e-02 0.000000000000000000e+00 -2.384185793236071049e-08 -2.384185793236071049e-08 6.640146229362906549e-01 0.000000000000000000e+00 -4.652877110576963959e-01 0.000000000000000000e+00
1.250499999000000084e+00 3.489611117277702235e-01 6.069500061320470125e-02 0.000000000000000000e+00 -2.384185793236071049e-08 -2.384185793236071049e-08 7.035418089275600195e-01 0.000000000000000000e+00 -5.321095167797365022e-01 0.000000000000000000e+00
1.260499999000000093e+00 3.530804982753080190e-01 6.793337557399435622e-02 0.000000000000000000e+00 -2.384185793236071049e-08 -2.384185793236071049e-08 7.420206058262344140e-01 0.000000000000000000e+00 -6.069371944719561540e-01 0.000000000000000000e+00
1.270499999000000102e+00 3.580242589057456293e-01 7.555147932012011569e-02 0.000000000000000000e+00 -2.384185793236071049e-08 -2.384185793236071049e-08 7.795459269809593694e-01 0.000000000000000000e+00 -6.923316819540971112e-01 0.000000000000000000e+00
1.280499999000000111e+00 3.639486204699683425e-01 8.353999482284012179e-02 0.000000000000000000e+00 -2.384185793236071049e-08 -2.384185793236071049e-08 8.161475004957796653e-01 0.000000000000000000e+00 -7.934226705331188789e-01 0.000000000000000000e+00
1.290499999000000120e+00 3.710916517613372378e-01 9.188941838744928148e-02 0.000000000000000000e+00 -2.384185793236071049e-08 -2.384185793236071049e-08 8.517624282888652809e-01 0.000000000000000000e+00 -9.238536560334277281e-01 0.000000000000000000e+00
1.300499999000000129e+00 3.800677628089568216e-01 1.005892771774651306e-01 0.000000000000000000e+00 -2.384185793236071049e-08 -2.384185793236071049e-08 8.862690997545196181e-01 0.000000000000000000e+00 -1.201569863728656706e+00 -2.220446049250313081e-16
1.310499999000000138e+00 3.910357773351016974e-01 1.096278099462399680e-01 0.000000000000000000e+00 -2.384185793236071049e-08 -2.384185793236071049e-08 9.195401764309953929e-01 0.000000000000000000e+00 -1.225253996324852324e+00 0.000000000000000000e+00
1.320499999000000146e+00 4.026213953476987517e-01 1.189921204136320798e-01 0.000000000000000000e+00 -2.384185793236071049e-08 -2.384185793236071049e-08 9.514777035463322097e-01 0.000000000000000000e+00 -1.249042400025495603e+00 -2.220446049250313081e-16
1.330499999000000155e+00 4.148234475658481024e-01 1.286684781921456910e-01 0.000000000000000000e+00 -2.384185793236071049e-08 -2.384185793236071049e-08 9.820094887290602426e-01 0.000000000000000000e+00 -1.272867189058673354e+00 0.000000000000000000e+00
1.340499999000000164e+00 4.276383189891544423e-01 1.386424725454652729e-01 0.000000000000000000e+00 -2.384185793236071049e-08 -2.384185793236071049e-08 1.011068138650761616e+00 0.000000000000000000e+00 -1.296664569875606077e+00 -2.220446049250313081e-16
1.350499999000000173e+00 4.410597996247890840e-01 1.488989781369111920e-01 0.000000000000000000e+00 -2.384185793236071049e-08 -2.384185793236071049e-08 1.038577687074052625e+00 0.000000000000000000e+00 -1.320374629825203705e+00 0.000000000000000000e+00
1.360499999000000182e+00 4.550788610577561899e-01 1.594220589273755151e-01 0.000000000000000000e+00 -2.384185793236071049e-08 -2.384185793236071049e-08 1.064452342078753944e+00 0.000000000000000000e+00 -1.343940993511456128e+00 -2.220446049250313081e-16
1.370499999000000191e+00 4.696834793144936127e-01 1.701949058953441118e-01 0.000000000000000000e+00 -2.384185793236071049e-08 -2.384185793236071049e-08 1.088605029422604620e+00 0.000000000000000000e+00 -1.367310585666201561e+00 -2.220446049250313081e-16
1.380499998999999978e+00 4.848586195161393997e-01 1.811998875858764901e-01 0.000000000000000000e+00 -2.384185793236071049e-08 -2.384185793236071049e-08 1.110959810452572194e+00 0.000000000000000000e+00 -1.390433648425559277e+00 0.000000000000000000e+00
1.390499998999999987e+00 5.005864313637310437e-01 1.924187352873935608e-01 0.000000000000000000e+00 -2.384185793236071049e-08 -2.384185793236071049e-08 1.131467215405648430e+00 0.000000000000000000e+00 -1.413264005864172113e+00 0.000000000000000000e+00
1.400499998999999995e+00 5.168467578076759716e-01 2.038329196864142601e-01 0.000000000000000000e+00 -2.384185793236071049e-08 -2.384185793236071049e-08 1.150126725459459376e+00 0.000000000000000000e+00 -1.435759630973778123e+00 -2.220446049250313081e-16
1.410499999000000004e+00 5.336180774184877684e-01 2.154242824820728208e-01 0.000000000000000000e+00 -2.384185793236071049e-08 -2.384185793236071049e-08 1.167015590646579559e+00 0.000000000000000000e+00 -1.457883561369602177e+00 -2.220446049250313081e-16
1.420499999000000013e+00 5.508789271073375460e-01 2.271759308052069548e-01 0.000000000000000000e+00 -2.384185793236071049e-08 -2.384185793236071049e-08 1.182284784784623177e+00 0.000000000000000000e+00 -1.479605087845958344e+00 -2.220446049250313081e-16
1.430499999000000022e+00 5.686068208694120552e-01 2.390713844207802141e-01 0.000000000000000000e+00 -2.384185793236071049e-08 -2.384185793236071049e-08 1.195859318608372357e+00 0.000000000000000000e+00 -1.500897593607328773e+00 -2.220446049250313081e-16
1.440499999000000031e+00 5.867773173731141156e-01 2.510938930095494848e-01 0.000000000000000000e+00 -2.384185793236071049e-08 -2.384185793236071049e-08 1.207772682758867289e+00 0.000000000000000000e+00 -1.521737027548126342e+00 0.000000000000000000e+00
1.450499999000000040e+00 6.053644365576773545e-01 2.632266817625678601e-01 0.000000000000000000e+00 -2.384185793236071049e-08 -2.384185793236071049e-08 1.217995094332217754e+00 0.000000000000000000e+00 -1.542102164637100259e+00 0.000000000000000000e+00
1.460499999000000049e+00 6.243404122742223228e-01 2.754527499768237297e-01 0.000000000000000000e+00 -2.384185793236071049e-08 -2.384185793236071049e-08 1.226509111919040329e+00 0.000000000000000000e+00 -1.561974087197635086e+00 0.000000000000000000e+00
1.470499999000000058e+00 6.436757915418096498e-01 2.877549019617795523e-01 0.000000000000000000e+00 -2.384185793236071049e-08 -2.384185793236071049e-08 1.233292948602447980e+00 0.000000000000000000e+00 -1.581336104845886936e+00 0.000000000000000000e+00
1.480499999000000066e+00 6.633394176330976721e-01 3.001157008547683525e-01 0.000000000000000000e+00 -2.384185793236071049e-08 -2.384185793236071049e-08 1.238322860705490580e+00 0.000000000000000000e+00 -1.600173560891125391e+00 0.000000000000000000e+00
1.490499999000000075e+00 6.832986898402501064e-01 3.125175946408100813e-01 0.000000000000000000e+00 -2.384185793236071049e-08 -2.384185793236071049e-08 1.241605864545721305e+00 0.000000000000000000e+00 -1.618473912556793515e+00 0.000000000000000000e+00
1.500499999000000084e+00 7.035205932430905751e-01 3.249435027181942770e-01 0.000000000000000000e+00 -2.384185793236071049e-08 -2.384185793236071049e-08 1.243233475283237910e+00 0.000000000000000000e+00 -1.636227432058038112e+00 -2.220446049250313081e-16
1.510499999000000093e+00 7.239734921939058321e-01 3.373778267890953364e-01 0.000000000000000000e+00 -2.384185793236071049e-08 -2.384185793236071049e-08 1.243404652862574178e+00 0.000000000000000000e+00 -1.653428337775005197e+00 -2.220446049250313081e-16
1.520499999000000102e+00 7.446288223780266335e-01 3.498073428084834124e-01 0.000000000000000000e+00 -2.384185793236071049e-08 -2.384185793236071049e-08 1.242360623687347676e+00 0.000000000000000000e+00 -1.670075526684668077e+00 0.000000000000000000e+00
1.530499999000000111e+00 7.654603047713222086e-01 3.622205796905904607e-01 0.000000000000000000e+00 -2.384185793236071049e-08 -2.384185793236071049e-08 1.240216615363028962e+00 0.000000000000000000e+00 -1.686171190282879984e+00 0.000000000000000000e+00
1.540499999000000120e+00 7.864426733493462551e-01 3.746069582645970564e-01 0.000000000000000000e+00 -2.384185793236071049e-08 -2.384185793236071049e-08 1.237052348609738228e+00 0.000000000000000000e+00 -1.701719338491177957e+00 0.000000000000000000e+00
1.550499999000000129e+00 8.075516548519501292e-01 3.869567135413672920e-01 0.000000000000000000e+00 -2.384185793236071049e-08 -2.384185793236071049e-08 1.232951924158320001e+00 0.000000000000000000e+00 -1.716725500111809133e+00 -2.220446049250313081e-16
1.560499999000000138e+00 8.287641012861404199e-01 3.992609137414966924e-01 0.000000000000000000e+00 -2.384185793236071049e-08 -2.384185793236071049e-08 1.227996707114289210e+00 0.000000000000000000e+00 -1.731196570433408688e+00 0.000000000000000000e+00
1.570499999000000146e+00 8.500579535990202551e-01 4.115113858484967801e-01 0.000000000000000000e+00 -2.384185793236071049e-08 -2.384185793236071049e-08 1.222255343911662795e+00 0.000000000000000000e+00 -1.745140564123469851e+00 -2.220446049250313081e-16
1.580499999000000155e+00 8.714119702043898741e-01 4.237005150068627324e-01 0.000000000000000000e+00 -2.384185793236071049e-08 -2.384185793236071049e-08 1.215770555563789435e+00 0.000000000000000000e+00 -1.758566260687382865e+00 -1.110223024625156540e-16
1.590499999000000164e+00 8.928053052339376405e-01 4.358209715562691433e-01 0.000000000000000000e+00 -2.384185793236071049e-08 -2.384185793236071049e-08 1.208559452980617399e+00 0.000000000000000000e+00 -1.771482827110457237e+00 -1.110223024625156540e-16
1.600499999000000173e+00 9.142172622769014767e-01 4.478655505517862290e-01 0.000000000000000000e+00 -2.384185793236071049e-08 -2.384185793236071049e-08 1.200634288292222962e+00 0.000000000000000000e+00 -1.783899617334574916e+00 -2.220446049250313081e-16
1.610499999000000182e+00 9.356274958000057040e-01 4.598272684653722520e-01 0.000000000000000000e+00 -2.384185793236071049e-08 -2.384185793236071049e-08 1.192029570780704040e+00 0.000000000000000000e+00 -1.795826258191382419e+00 -2.220446049250313081e-16
1.620499999000000191e+00 9.569889208128974367e-01 4.716996823713452414e-01 0.000000000000000000e+00 -2.384185793236071049e-08 -2.384185793236071049e-08 1.182818331827004021e+00 0.000000000000000000e+00 -1.799999952316284180e+00 0.000000000000000000e+00
1.630499999000000200e+00 9.781887045220737376e-01 4.834773402995561353e-01 0.000000000000000000e+00 -2.384185793236071049e-08 -2.384185793236071049e-08 1.173126243773321864e+00 0.000000000000000000e+00 -1.799999952316284180e+00 0.000000000000000000e+00
1.640499999000000209e+00 9.992111127700291640e-01 4.951564563022551879e-01 0.000000000000000000e+00 -2.384185793236071049e-08 -2.384185793236071049e-08 1.163168610263831892e+00 0.000000000000000000e+00 -1.799999952316284180e+00 0.000000000000000000e+00
1.650499998999999995e+00 1.020054133524725071e+00 5.067359125838374334e-01 0.000000000000000000e+00 -2.384185793236071049e-08 -2.384185793236071049e-08 1.153229659801929152e+00 0.000000000000000000e+00 -1.799999952316284180e+00 -2.220446049250313081e-16
1.660499999000000004e+00 1.040719382294800432e+00 5.182166066491247225e-01 0.000000000000000000e+00 -2.384185793236071049e-08 -2.384185793236071049e-08 1.143413613865336131e+00 0.000000000000000000e+00 -1.799999952316284180e+00 0.000000000000000000e+00
1.670499999000000013e+00 1.061208334750476379e+00 5.295993583149289918e-01 0.000000000000000000e+00 -2.384185793236071049e-08 -2.384185793236071049e-08 1.133611524693503458e+00 0.000000000000000000e+00 -1.799999952316284180e+00 0.000000000000000000e+00
1.680499999000000022e+00 1.081519295565381178e+00 5.408832257332413240e-01 0.000000000000000000e+00 -2.384185793236071049e-08 -2.384185793236071049e-08 1.123616360746717557e+00 0.000000000000000000e+00 -1.799999952316284180e+00 0.000000000000000000e+00
1.690499999000000031e+00 1.101647533359062292e+00 5.520655803592950939e-01 0.000000000000000000e+00 -2.384185793236071049e-08 -2.384185793236071049e-08 1.113319342133223699e+00 0.000000000000000000e+00 -1.799999952316284180e+00 0.000000000000000000e+00
1.700499999000000040e+00 1.121587776677078985e+00 5.631434936072132746e-01 0.000000000000000000e+00 -2.384185793236071049e-08 -2.384185793236071049e-08 1.102752711212260595e+00 0.000000000000000000e+00 -1.799999952316284180e+00 0.000000000000000000e+00
1.710499999000000049e+00 1.141335752698811490e+00 5.741145916876998490e-01 0.000000000000000000e+00 -2.384185793236071049e-08 -2.384185793236071049e-08 1.091972580414318994e+00 0.000000000000000000e+00 -1.799999952316284180e+00 0.000000000000000000e+00
1.720499999000000058e+00 1.160888544544830925e+00 5.849772541121395220e-01 0.000000000000000000e+00 -2.384185793236071049e-08 -2.384185793236071049e-08 1.081133265560557444e+00 0.000000000000000000e+00 -1.799999952316284180e+00 0.000000000000000000e+00
1.730499999000000066e+00 1.180250657564988259e+00 5.957339838527385689e-01 0.000000000000000000e+00 -2.384185793236071049e-08 -2.384185793236071049e-08 1.070831480729433460e+00 0.000000000000000000e+00 -1.799999952316284180e+00 -2.220446049250313081e-16
1.740499999000000075e+00 1.199434071416328962e+00 6.063914362746983810e-01 0.000000000000000000e+00 -2.384185793236071049e-08 -2.384185793236071049e-08 1.061253334403523318e+00 0.000000000000000000e+00 -1.799999952316284180e+00 0.000000000000000000e+00
1.750499999000000084e+00 1.218451015023627182e+00 6.169564052252957120e-01 0.000000000000000000e+00 -2.384185793236071049e-08 -2.384185793236071049e-08 1.052259391572635483e+00 0.000000000000000000e+00 -1.799999952316284180e+00 -2.220446049250313081e-16
1.760499999000000093e+00 1.237308745887139239e+00 6.274329226492239009e-01 0.000000000000000000e+00 -2.384185793236071049e-08 -2.384185793236071049e-08 1.043491952986570714e+00 0.000000000000000000e+00 -1.799999952316284180e+00 0.000000000000000000e+00
1.770499999000000102e+00 1.256008692354313894e+00 6.378217820728651066e-01 0.000000000000000000e+00 -2.384185793236071049e-08 -2.384185793236071049e-08 1.034708292154592035e+00 0.000000000000000000e+00 -1.799999952316284180e+00 0.000000000000000000e+00
1.780499999000000111e+00 1.274550440018640041e+00 6.481227532703732752e-01 0.000000000000000000e+00 -2.384185793236071049e-08 -2.384185793236071049e-08 1.025932984832435446e+00 0.000000000000000000e+00 -1.799999952316284180e+00 0.000000000000000000e+00
1.790499999000000120e+00 1.292935088698827339e+00 6.583364472521588961e-01 0.000000000000000000e+00 -2.384185793236071049e-08 -2.384185793236071049e-08 1.017256344837514925e+00 0.000000000000000000e+00 -1.799999952316284180e+00 0.000000000000000000e+00
1.800499999000000129e+00 1.311164582619853469e+00 6.684639441432386198e-01 0.000000000000000000e+00 -2.384185793236071049e-08 -2.384185793236071049e-08 1.008698895385125693e+00 0.000000000000000000e+00 -1.799999952316284180e+00 0.000000000000000000e+00
1.810499999000000138e+00 1.329244840094097047e+00 6.785085318950199174e-01 0.000000000000000000e+00 -2.384185793236071049e-08 -2.384185793236071049e-08 1.000767176143279258e+00 0.000000000000000000e+00 -1.799999952316284180e+00 0.000000000000000000e+00
1.820499999000000146e+00 1.347191824868245291e+00 6.884790792558981298e-01 0.000000000000000000e+00 -2.384185793236071049e-08 -2.384185793236071049e-08 9.938580803697816268e-01 0.000000000000000000e+00 -1.799999952316284180e+00 0.000000000000000000e+00
1.830499999000000155e+00 1.365023623411692366e+00 6.983856342646920234e-01 0.000000000000000000e+00 -2.384185793236071049e-08 -2.384185793236071049e-08 9.878770603007880347e-01 0.000000000000000000e+00 -1.799999952316284180e+00 -2.220446049250313081e-16
1.840499999000000164e+00 1.382753316972508584e+00 7.082354642816321988e-01 0.000000000000000000e+00 -2.384185793236071049e-08 -2.384185793236071049e-08 9.824058697133181139e-01 0.000000000000000000e+00 -1.799999952316284180e+00 0.000000000000000000e+00
1.850499999000000173e+00 1.400386494216026234e+00 7.180316741208753184e-01 0.000000000000000000e+00 -2.384185793236071049e-08 -2.384185793236071049e-08 9.771214556127915118e-01 0.000000000000000000e+00 -1.799999952316284180e+00 0.000000000000000000e+00
1.860499999000000182e+00 1.417925720711352700e+00 7.277756890986291083e-01 0.000000000000000000e+00 -2.384185793236071049e-08 -2.384185793236071049e-08 9.719594686040626819e-01 0.000000000000000000e+00 -1.799999952316284180e+00 0.000000000000000000e+00
1.870499999000000191e+00 1.435373566084899633e+00 7.374689367851607891e-01 0.000000000000000000e+00 -2.384185793236071049e-08 -2.384185793236071049e-08 9.669743796792927837e-01 0.000000000000000000e+00 -1.799999952316284180e+00 0.000000000000000000e+00
1.880499999000000200e+00 1.452734178531035480e+00 7.471137217329583136e-01 0.000000000000000000e+00 -2.384185793236071049e-08 -2.384185793236071049e-08 9.622831429404404835e-01 0.000000000000000000e+00 -1.799999952316284180e+00 0.000000000000000000e+00
1.890499999000000209e+00 1.470016209289883413e+00 7.567148501866612920e-01 0.000000000000000000e+00 -2.384185793236071049e-08 -2.384185793236071049e-08 9.583007990955295652e-01 0.000000000000000000e+00 -1.799999952316284180e+00 -2.220446049250313081e-16
1.900499999000000217e+00 1.487236120823777430e+00 7.662814679589201594e-01 0.000000000000000000e+00 -2.384185793236071049e-08 -2.384185793236071049e-08 9.553392104771849525e-01 0.000000000000000000e+00 -1.799999952316284180e+00 0.000000000000000000e+00
1.910499999000000226e+00 1.504411639725812488e+00 7.758234231572705975e-01 0.000000000000000000e+00 -2.384185793236071049e-08 -2.384185793236071049e-08 9.532775394641849198e-01 0.000000000000000000e+00 -1.799999952316284180e+00 -2.220446049250313081e-16
1.920499999000000013e+00 1.521555632596801821e+00 7.853478638934651146e-01 0.000000000000000000e+00 -2.384185793236071049e-08 -2.384185793236071049e-08 9.517379759750248525e-01 0.000000000000000000e+00 -1.799999952316284180e+00 -2.220446049250313081e-16
1.930499999000000022e+00 1.538673824496221476e+00 7.948579707561853613e-01 0.000000000000000000e+00 -2.384185793236071049e-08 -2.384185793236071049e-08 9.503551458404247976e-01 0.000000000000000000e+00 -1.799999952316284180e+00 0.000000000000000000e+00
1.940499999000000031e+00 1.555767177222806108e+00 8.043542780780766899e-01 0.000000000000000000e+00 -2.384185793236071049e-08 -2.384185793236071049e-08 9.489763675803942755e-01 0.000000000000000000e+00 -1.799999952316284180e+00 -2.220446049250313081e-16
1.950499999000000040e+00 1.572836217684116189e+00 8.138370785855681966e-01 0.000000000000000000e+00 -2.384185793236071049e-08 -2.384185793236071049e-08 9.476758223691149619e-01 0.000000000000000000e+00 -1.799999952316284180e+00 0.000000000000000000e+00
1.960499999000000049e+00 1.589884268517600452e+00 8.233082181884034956e-01 0.000000000000000000e+00 -2.384185793236071049e-08 -2.384185793236071049e-08 9.466786457342711847e-01 0.000000000000000000e+00 -1.799999952316284180e+00 0.000000000000000000e+00
1.970499999000000058e+00 1.606919951643079214e+00 8.327724868421649829e-01 0.000000000000000000e+00 -2.384185793236071049e-08 -2.384185793236071049e-08 9.463266667325723747e-01 0.000000000000000000e+00 -1.799999952316284180e+00 0.000000000000000000e+00
1.980499999000000066e+00 1.623957136963345649e+00 8.422375900486079869e-01 0.000000000000000000e+00 -2.384185793236071049e-08 -2.384185793236071049e-08 9.468054926123599113e-01 0.000000000000000000e+00 -1.799999952316284180e+00 5.551115123125782702e-17
1.990499999000000075e+00 1.641010001937508012e+00 8.517114041741130626e-01 0.000000000000000000e+00 -2.384185793236071049e-08 -2.384185793236071049e-08 9.479963631592478457e-01 0.000000000000000000e+00 -1.799999952316284180e+00 5.551115123125782702e-17
2.000499999000000084e+00 1.658088829609207782e+00 8.611996420208541947e-01 0.000000000000000000e+00 -2.384185793236071049e-08 -2.384185793236071049e-08 9.496035463630581042e-01 0.000000000000000000e+00 -1.799999952316284180e+00 5.551115123125782702e-17
2.010499999000000315e+00 1.675196723495220752e+00 8.707040277648637749e-01 0.000000000000000000e+00 -2.384185793236071049e-08 -2.384185793236071049e-08 9.511639108362878181e-01 0.000000000000000000e+00 -1.799999952316284180e+00 -1.665334536937734811e-16
2.020499999000000102e+00 1.692330606960526840e+00 8.802228521644187564e-01 0.000000000000000000e+00 -2.384185793236071049e-08 -2.384185793236071049e-08 9.524978571465453347e-01 0.000000000000000000e+00 -1.799999952316284180e+00 5.551115123125782702e-17
2.030499999000000333e+00 1.709486948191300204e+00 8.897541531006749604e-01 0.000000000000000000e+00 -2.384185793236071049e-08 -2.384185793236071049e-08 9.537000673932739536e-01 0.000000000000000000e+00 -1.799999952316284180e+00 -5.551115123125782702e-17
2.040499999000000120e+00 1.726665873118725436e+00 8.992980005354035411e-01 0.000000000000000000e+00 -2.384185793236071049e-08 -2.384185793236071049e-08 9.550571421240857672e-01 0.000000000000000000e+00 -1.799999952316284180e+00 5.551115123125782702e-17
2.050499998999999907e+00 1.743873302823112148e+00 9.088576839577524602e-01 0.000000000000000000e+00 -2.384185793236071049e-08 -2.384185793236071049e-08 9.568856740641698000e-01 0.000000000000000000e+00 -1.799999952316284180e+00 -5.551115123125782702e-17
2.060499999000000138e+00 1.761119237059656450e+00 9.184387587874222048e-01 0.000000000000000000e+00 -2.384185793236071049e-08 -2.384185793236071049e-08 9.593035426499600948e-01 0.000000000000000000e+00 -1.799999952316284180e+00 5.551115123125782702e-17
2.070499998999999924e+00 1.778413540264402570e+00 9.280467052668047723e-01 0.000000000000000000e+00 -2.384185793236071049e-08 -2.384185793236071049e-08 9.622072248701825092e-01 0.000000000000000000e+00 -1.799999952316284180e+00 -1.665334536937734811e-16
2.080499999000000155e+00 1.795763018400348354e+00 9.376853044865550713e-01 0.000000000000000000e+00 -2.384185793236071049e-08 -2.384185793236071049e-08 9.653606497243112372e-01 0.000000000000000000e+00 -1.799999952316284180e+00 0.000000000000000000e+00
2.090499998999999942e+00 1.813167528641511872e+00 9.473544770989025254e-01 0.000000000000000000e+00 -2.384185793236071049e-08 -2.384185793236071049e-08 9.682626587895856174e-01 0.000000000000000000e+00 -1.799999952316284180e+00 -2.220446049250313081e-16
2.100499999000000173e+00 1.830620119259472878e+00 9.570503610324005983e-01 0.000000000000000000e+00 -2.384185793236071049e-08 -2.384185793236071049e-08 9.707195520810651956e-01 0.000000000000000000e+00 -1.799999952316284180e+00 0.000000000000000000e+00
2.110499998999999960e+00 1.848113463362102582e+00 9.667688857913143696e-01 0.000000000000000000e+00 -2.384185793236071049e-08 -2.384185793236071049e-08 9.728479132163743159e-01 0.000000000000000000e+00 -1.799999952316284180e+00 0.000000000000000000e+00
2.120499999000000191e+00 1.865644545155798806e+00 9.765083759347098491e-01 0.000000000000000000e+00 -2.384185793236071049e-08 -2.384185793236071049e-08 9.749762288126037069e-01 0.000000000000000000e+00 -1.799999952316284180e+00 0.000000000000000000e+00
2.130499998999999978e+00 1.883216534602685677e+00 9.862705925527018858e-01 0.000000000000000000e+00 -2.384185793236071049e-08 -2.384185793236071049e-08 9.774136808543419930e-01 0.000000000000000000e+00 -1.799999952316284180e+00 -2.220446049250313081e-16
2.140499999000000209e+00 1.900836239956179341e+00 9.960593180083999743e-01 0.000000000000000000e+00 -2.384185793236071049e-08 -2.384185793236071049e-08 9.802527076413548590e-01 0.000000000000000000e+00 -1.799999952316284180e+00 -2.220446049250313081e-16
2.150499998999999995e+00 1.918510117040710616e+00 1.005878138871026950e+00 0.000000000000000000e+00 -2.384185793236071049e-08 -2.384185793236071049e-08 9.833910446769188463e-01 0.000000000000000000e+00 -1.799999952316284180e+00 0.000000000000000000e+00
2.160499999000000226e+00 1.936241652424014026e+00 1.015728992122709506e+00 0.000000000000000000e+00 -2.384185793236071049e-08 -2.384185793236071049e-08 9.865941937793367700e-01 0.000000000000000000e+00 -1.799999952316284180e+00 0.000000000000000000e+00
2.170499999000000013e+00 1.954027498866184320e+00 1.025610018185673100e+00 0.000000000000000000e+00 -2.384185793236071049e-08 -2.384185793236071049e-08 9.893806065234199698e-01 0.000000000000000000e+00 -1.799999952316284180e+00 0.000000000000000000e+00
2.180499999000000244e+00 1.971858001103068636e+00 1.035515853024134847e+00 0.000000000000000000e+00 -2.384185793236071049e-08 -2.384185793236071049e-08 9.915837967421367027e-01 0.000000000000000000e+00 -1.799999952316284180e+00 0.000000000000000000e+00
2.190499999000000031e+00 1.989723632817508747e+00 1.045441204239533795e+00 0.000000000000000000e+00 -2.384185793236071049e-08 -2.384185793236071049e-08 9.933516045214040302e-01 0.000000000000000000e+00 -1.799999952316284180e+00 0.000000000000000000e+00
2.200499999000000262e+00 2.007619704044602660e+00 1.055383466295743533e+00 0.000000000000000000e+00 -2.384185793236071049e-08 -2.384185793236071049e-08 9.950356572195903082e-01 0.000000000000000000e+00 -1.799999952316284180e+00 0.000000000000000000e+00
2.210499999000000049e+00 2.025547899184570344e+00 1.065343574970689433e+00 0.000000000000000000e+00 -2.384185793236071049e-08 -2.384185793236071049e-08 9.969455576218618775e-01 0.000000000000000000e+00 -1.799999952316284180e+00 0.000000000000000000e+00
2.220499999000000280e+00 2.043513470870447435e+00 1.075324448393913057e+00 0.000000000000000000e+00 -2.384185793236071049e-08 -2.384185793236071049e-08 9.991643259242838360e-01 0.000000000000000000e+00 -1.799999952316284180e+00 0.000000000000000000e+00
2.230499999000000066e+00 2.061521032800612829e+00 1.085328649731247763e+00 0.000000000000000000e+00 -2.384185793236071049e-08 -2.384185793236071049e-08 1.001570410085084184e+00 0.000000000000000000e+00 -1.799999952316284180e+00 0.000000000000000000e+00
2.240499999000000297e+00 2.079571689039902083e+00 1.095356792352063735e+00 0.000000000000000000e+00 -2.384185793236071049e-08 -2.384185793236071049e-08 1.003890700440488448e+00 0.000000000000000000e+00 -1.799999952316284180e+00 0.000000000000000000e+00
2.250499999000000084e+00 2.097659690690877099e+00 1.105405682424365654e+00 0.000000000000000000e+00 -2.384185793236071049e-08 -2.384185793236071049e-08 1.005694178754292789e+00 0.000000000000000000e+00 -1.799999952316284180e+00 0.000000000000000000e+00
2.260499999000000315e+00 2.115774259092021659e+00 1.115469331802708242e+00 0.000000000000000000e+00 -2.384185793236071049e-08 -2.384185793236071049e-08 1.006883363834029321e+00 0.000000000000000000e+00 -1.799999952316284180e+00 -2.220446049250313081e-16
2.270499999000000102e+00 2.133905807774826080e+00 1.125542414671111935e+00 0.000000000000000000e+00 -2.384185793236071049e-08 -2.384185793236071049e-08 1.007652037502745124e+00 0.000000000000000000e+00 -1.799999952316284180e+00 0.000000000000000000e+00
2.280499999000000333e+00 2.152050021148579795e+00 1.135622533479118124e+00 0.000000000000000000e+00 -2.384185793236071049e-08 -2.384185793236071049e-08 1.008358306480712896e+00 0.000000000000000000e+00 -1.799999952316284180e+00 2.220446049250313081e-16
2.290499999000000120e+00 2.170209009709199499e+00 1.145710860724489466e+00 0.000000000000000000e+00 -2.384185793236071049e-08 -2.384185793236071049e-08 1.009314204063586962e+00 0.000000000000000000e+00 -1.799999952316284180e+00 -2.220446049250313081e-16
2.300499999000000351e+00 2.188388132692481669e+00 1.155810373760525422e+00 0.000000000000000000e+00 -2.384185793236071049e-08 -2.384185793236071049e-08 1.010566934053542809e+00 0.000000000000000000e+00 -1.799999952316284180e+00 0.000000000000000000e+00
2.310499999000000138e+00 2.206591451025708750e+00 1.165923328657997748e+00 0.000000000000000000e+00 -2.384185793236071049e-08 -2.384185793236071049e-08 1.011956156592325851e+00 0.000000000000000000e+00 -1.799999952316284180e+00 2.220446049250313081e-16
2.320499998999999924e+00 2.224818659700077639e+00 1.176049555967567217e+00 0.000000000000000000e+00 -2.384185793236071049e-08 -2.384185793236071049e-08 1.013162072345802578e+00 0.000000000000000000e+00 -1.799999952316284180e+00 -2.220446049250313081e-16
2.330499999000000155e+00 2.243062760640088804e+00 1.186185167869408863e+00 0.000000000000000000e+00 -2.384185793236071049e-08 -2.384185793236071049e-08 1.013825240269501604e+00 0.000000000000000000e+00 -1.799999952316284180e+00 2.220446049250313081e-16
2.340499998999999942e+00 2.261313192850623821e+00 1.196324297143857018e+00 0.000000000000000000e+00 -2.384185793236071049e-08 -2.384185793236071049e-08 1.013912655659983342e+00 0.000000000000000000e+00 -1.799999952316284180e+00 -2.220446049250313081e-16
2.350499999000000173e+00 2.279561335373665010e+00 1.206462154369663642e+00 0.000000000000000000e+00 -2.384185793236071049e-08 -2.384185793236071049e-08 1.013639281323469588e+00 0.000000000000000000e+00 -1.799999952316284180e+00 2.220446049250313081e-16
2.360499998999999960e+00 2.297803986196030657e+00 1.216596960650569326e+00 0.000000000000000000e+00 -2.384185793236071049e-08 -2.384185793236071049e-08 1.013371693523107631e+00 0.000000000000000000e+00 -1.799999952316284180e+00 0.000000000000000000e+00
2.370499999000000191e+00 2.316044612240006906e+00 1.226730642054562725e+00 0.000000000000000000e+00 -2.384185793236071049e-08 -2.384185793236071049e-08 1.013423721379353104e+00 0.000000000000000000e+00 -1.799999952316284180e+00 0.000000000000000000e+00
2.380499998999999978e+00 2.334289429758408030e+00 1.236866652055520266e+00 0.000000000000000000e+00 -2.384185793236071049e-08 -2.384185793236071049e-08 1.013801781208141239e+00 0.000000000000000000e+00 -1.799999952316284180e+00 0.000000000000000000e+00
2.390499999000000209e+00 2.352542621854330385e+00 1.247007314599668515e+00 0.000000000000000000e+00 -2.384185793236071049e-08 -2.384185793236071049e-08 1.014300365632986090e+00 0.000000000000000000e+00 -1.799999952316284180e+00 0.000000000000000000e+00
2.400499998999999995e+00 2.370803223996277076e+00 1.257152093836161777e+00 0.000000000000000000e+00 -2.384185793236071049e-08 -2.384185793236071049e-08 1.014570862130187212e+00 0.000000000000000000e+00 -1.799999952316284180e+00 -2.220446049250313081e-16
2.410499999000000226e+00 2.389064002058258751e+00 1.267296970806009782e+00 0.000000000000000000e+00 -2.384185793236071049e-08 -2.384185793236071049e-08 1.014324269130833844e+00 0.000000000000000000e+00 -1.799999952316284180e+00 0.000000000000000000e+00
2.420499999000000013e+00 2.407315436547301957e+00 1.277436656901866252e+00 0.000000000000000000e+00 -2.384185793236071049e-08 -2.384185793236071049e-08 1.013581594042307632e+00 0.000000000000000000e+00 -1.799999952316284180e+00 -2.220446049250313081e-16
2.430499999000000244e+00 2.425550504715836997e+00 1.287567250597199120e+00 0.000000000000000000e+00 -2.384185793236071049e-08 -2.384185793236071049e-08 1.012569544957759193e+00 0.000000000000000000e+00 -1.799999952316284180e+00 0.000000000000000000e+00
2.440499999000000031e+00 2.443767790717041422e+00 1.297687965310420077e+00 0.000000000000000000e+00 -2.384185793236071049e-08 -2.384185793236071049e-08 1.011673672001950353e+00 0.000000000000000000e+00 -1.799999952316284180e+00 -2.220446049250313081e-16
2.450499999000000262e+00 2.461972622396364940e+00 1.307801760955746184e+00 0.000000000000000000e+00 -2.384185793236071049e-08 -2.384185793236071049e-08 1.011181312897786233e+00 0.000000000000000000e+00 -1.799999952316284180e+00 -2.220446049250313081e-16
2.460499999000000049e+00 2.480172268776267508e+00 1.317912675879095330e+00 0.000000000000000000e+00 -2.384185793236071049e-08 -2.384185793236071049e-08 1.011052892598068631e+00 0.000000000000000000e+00 -1.799999952316284180e+00 2.220446049250313081e-16
2.470499999000000280e+00 2.498371173841392512e+00 1.328023178960890505e+00 0.000000000000000000e+00 -2.384185793236071049e-08 -2.384185793236071049e-08 1.011038611817500543e+00 0.000000000000000000e+00 -1.799999952316284180e+00 0.000000000000000000e+00
2.480499999000000066e+00 2.517474029426663318e+00 1.338637913925248446e+00 0.000000000000000000e+00 -2.384185793236071049e-08 -2.384185793236071049e-08 1.010751120410819937e+00 0.000000000000000000e+00 -1.797327749244884032e+00 0.000000000000000000e+00
2.490499999000000297e+00 2.534681046902464985e+00 1.348236830121515961e+00 0.000000000000000000e+00 -2.384185793236071049e-08 -2.384185793236071049e-08 1.010038424222532649e+00 0.000000000000000000e+00 -1.787829659390420822e+00 0.000000000000000000e+00
2.500000000000000000e+00 2.551780081105408104e+00 1.357826985738663561e+00 0.000000000000000000e+00 -2.384185793236071049e-08 -2.384185793236071049e-08 1.008950741893440251e+00 0.000000000000000000e+00 -1.778082595717709768e+00 0.000000000000000000e+00
2.510000000000000231e+00 2.569656424392841032e+00 1.367910427029314313e+00 0.000000000000000000e+00 -2.384185793236071049e-08 -2.384185793236071049e-08 1.007851537842548773e+00 0.000000000000000000e+00 -1.767551764408088033e+00 0.000000000000000000e+00
2.520000000000000018e+00 2.587409628375989090e+00 1.377985061391760579e+00 0.000000000000000000e+00 -2.384185793236071049e-08 -2.384185793236071049e-08 1.007186225973403015e+00 0.000000000000000000e+00 -1.756735903081860783e+00 0.000000000000000000e+00
2.530000000000000249e+00 2.605044704445651949e+00 1.388055308919548647e+00 0.000000000000000000e+00 -2.384185793236071049e-08 -2.384185793236071049e-08 1.006928648130342108e+00 0.000000000000000000e+00 -1.745625380387387349e+00 0.000000000000000000e+00
2.540000000000000036e+00 2.622563833381526432e+00 1.398124097360082585e+00 0.000000000000000000e+00 -2.384185793236071049e-08 -2.384185793236071049e-08 1.006831845689174054e+00 0.000000000000000000e+00 -1.734211474851662160e+00 0.000000000000000000e+00
2.550000000000000266e+00 2.639963512906145837e+00 1.408191164702673026e+00 0.000000000000000000e+00 -2.384185793236071049e-08 -2.384185793236071049e-08 1.006533396215588905e+00 0.000000000000000000e+00 -1.722488567028178430e+00 0.000000000000000000e+00
2.560000000000000053e+00 2.657234664215848863e+00 1.418253016357907903e+00 0.000000000000000000e+00 -2.384185793236071049e-08 -2.384185793236071049e-08 1.005797869364613017e+00 0.000000000000000000e+00 -1.710454660403133431e+00 0.000000000000000000e+00
2.570000000000000284e+00 2.674366965424572751e+00 1.428305361015995922e+00 0.000000000000000000e+00 -2.384185793236071049e-08 -2.384185793236071049e-08 1.004677983526766960e+00 0.000000000000000000e+00 -1.698108854379123400e+00 0.000000000000000000e+00
2.580000000000000071e+00 2.691352872763450144e+00 1.438345462023397747e+00 0.000000000000000000e+00 -2.384185793236071049e-08 -2.384185793236071049e-08 1.003407816336677749e+00 0.000000000000000000e+00 -1.685448471889309019e+00 0.000000000000000000e+00
2.590000000000000302e+00 2.708190287930689166e+00 1.448373786447453737e+00 0.000000000000000000e+00 -2.384185793236071049e-08 -2.384185793236071049e-08 1.002381794782290392e+00 0.000000000000000000e+00 -1.672466638458037558e+00 0.000000000000000000e+00
2.600000000000000089e+00 2.724882965307285687e+00 1.458394375756979056e+00 0.000000000000000000e+00 -2.384185793236071049e-08 -2.384185793236071049e-08 1.001845098733800343e+00 0.000000000000000000e+00 -1.659151222157467132e+00 0.000000000000000000e+00
2.610000000000000320e+00 2.741435444522079656e+00 1.468411917717407089e+00 0.000000000000000000e+00 -2.384185793236071049e-08 -2.384185793236071049e-08 1.001719214405059732e+00 0.000000000000000000e+00 -1.645488212893458257e+00 0.000000000000000000e+00
2.620000000000000107e+00 2.757848794982207696e+00 1.478429176923342636e+00 0.000000000000000000e+00 -2.384185793236071049e-08 -2.384185793236071049e-08 1.001723224305027360e+00 0.000000000000000000e+00 -1.631465181610850301e+00 0.000000000000000000e+00
2.630000000000000338e+00 2.774118304644267230e+00 1.488445493414020548e+00 0.000000000000000000e+00 -2.384185793236071049e-08 -2.384185793236071049e-08 1.001485227960173585e+00 0.000000000000000000e+00 -1.617073743799535723e+00 0.000000000000000000e+00
2.640000000000000124e+00 2.790234404342441188e+00 1.498457211601435857e+00 0.000000000000000000e+00 -2.384185793236071049e-08 -2.384185793236071049e-08 1.000822123716215817e+00 0.000000000000000000e+00 -1.602309504865486289e+00 0.000000000000000000e+00
2.650000000000000355e+00 2.806187218184956311e+00 1.508460406560582001e+00 0.000000000000000000e+00 -2.384185793236071049e-08 -2.384185793236071049e-08 9.998292246741194989e-01 0.000000000000000000e+00 -1.587168427904836143e+00 0.000000000000000000e+00
2.660000000000000142e+00 2.821970005282635974e+00 1.518453055706737276e+00 0.000000000000000000e+00 -2.384185793236071049e-08 -2.384185793236071049e-08 9.987733080106804273e-01 0.000000000000000000e+00 -1.571643456254451010e+00 0.000000000000000000e+00
2.670000000000000373e+00 2.837581434994269625e+00 1.528436592946309291e+00 0.000000000000000000e+00 -2.384185793236071049e-08 -2.384185793236071049e-08 9.980512736632582982e-01 0.000000000000000000e+00 -1.555721592933442921e+00 0.000000000000000000e+00
2.680000000000000160e+00 2.853024785479212788e+00 1.538415570494059414e+00 0.000000000000000000e+00 -2.384185793236071049e-08 -2.384185793236071049e-08 9.978360655812347213e-01 0.000000000000000000e+00 -1.539383680449701863e+00 0.000000000000000000e+00
2.689999999999999947e+00 2.868303025324147715e+00 1.548394609093723506e+00 0.000000000000000000e+00 -2.384185793236071049e-08 -2.384185793236071049e-08 9.980062547386683303e-01 0.000000000000000000e+00 -1.522608813819665841e+00 0.000000000000000000e+00
2.700000000000000178e+00 2.883415298834280271e+00 1.558376086077366107e+00 0.000000000000000000e+00 -2.384185793236071049e-08 -2.384185793236071049e-08 9.982576781851767445e-01 0.000000000000000000e+00 -1.505378222092547347e+00 0.000000000000000000e+00
2.709999999999999964e+00 2.898355096017446009e+00 1.568358792787923450e+00 0.000000000000000000e+00 -2.384185793236071049e-08 -2.384185793236071049e-08 9.982153983801863584e-01 0.000000000000000000e+00 -1.487678046128581233e+00 0.000000000000000000e+00
2.720000000000000195e+00 2.913111866869460442e+00 1.578338826796965799e+00 0.000000000000000000e+00 -2.384185793236071049e-08 -2.384185793236071049e-08 9.977489225693171315e-01 0.000000000000000000e+00 -1.469498422883127375e+00 0.000000000000000000e+00
2.729999999999999982e+00 2.927675446785524382e+00 1.588312473529786439e+00 0.000000000000000000e+00 -2.384185793236071049e-08 -2.384185793236071049e-08 9.969900823653096156e-01 0.000000000000000000e+00 -1.450828599059185819e+00 0.000000000000000000e+00
2.740000000000000213e+00 2.942038979872199977e+00 1.598278256648696605e+00 0.000000000000000000e+00 -2.384185793236071049e-08 -2.384185793236071049e-08 9.962384372076419359e-01 0.000000000000000000e+00 -1.431652811257190905e+00 0.000000000000000000e+00
2.750000000000000000e+00 2.956200636952020400e+00 1.608238307647368970e+00 0.000000000000000000e+00 -2.384185793236071049e-08 -2.384185793236071049e-08 9.958735206919704375e-01 0.000000000000000000e+00 -1.411946834423103869e+00 0.000000000000000000e+00
2.760000000000000231e+00 2.970161834728338945e+00 1.618197354343250627e+00 0.000000000000000000e+00 -2.384185793236071049e-08 -2.384185793236071049e-08 9.960052452885341800e-01 0.000000000000000000e+00 -1.391678879581113915e+00 0.000000000000000000e+00
2.770000000000000018e+00 2.983922825555425984e+00 1.628159722839559898e+00 0.000000000000000000e+00 -2.384185793236071049e-08 -2.384185793236071049e-08 9.964791483648676174e-01 0.000000000000000000e+00 -1.370814915753185481e+00 0.000000000000000000e+00
2.780000000000000249e+00 2.997479888478743693e+00 1.638127260329894419e+00 0.000000000000000000e+00 -2.384185793236071049e-08 -2.384185793236071049e-08 9.969723592347935481e-01 0.000000000000000000e+00 -1.349322959652333509e+00 0.000000000000000000e+00
