8.604999990000000709e-01 2.644267872489725058e+00 -1.000000000000000000e+00 -1.000000000000000000e+00 -2.384185793236071049e-08 -2.384185793236071049e-08 0.000000000000000000e+00 0.000000000000000000e+00 4.474937054342824627e-01 4.474937054342824627e-01 0.000000000000000000e+00 0.000000000000000000e+00
8.704999990000000798e-01 2.644267872489725058e+00 -1.000000000000000000e+00 -1.000000000000000000e+00 -2.384185793236071049e-08 -2.384185793236071049e-08 0.000000000000000000e+00 0.000000000000000000e+00 4.474937054342824627e-01 4.474937054342824627e-01 0.000000000000000000e+00 0.000000000000000000e+00
8.804999990000000887e-01 2.644267872489725058e+00 -1.000000000000000000e+00 -1.000000000000000000e+00 -2.384185793236071049e-08 -2.384185793236071049e-08 0.000000000000000000e+00 0.000000000000000000e+00 4.474937054342824627e-01 4.474937054342824627e-01 0.000000000000000000e+00 0.000000000000000000e+00
8.904999990000000976e-01 2.644267872489725058e+00 -1.000000000000000000e+00 -1.000000000000000000e+00 -2.384185793236071049e-08 -2.384185793236071049e-08 0.000000000000000000e+00 0.000000000000000000e+00 4.474937054342824627e-01 4.474937054342824627e-01 0.000000000000000000e+00 0.000000000000000000e+00
9.004999990000001064e-01 2.644267872489725058e+00 -1.000000000000000000e+00 -1.000000000000000000e+00 -2.384185793236071049e-08 -2.384185793236071049e-08 0.000000000000000000e+00 0.000000000000000000e+00 4.474937054342824627e-01 4.474937054342824627e-01 0.000000000000000000e+00 0.000000000000000000e+00
9.104999990000000043e-01 2.644267872489725058e+00 -1.000000000000000000e+00 -1.000000000000000000e+00 -2.384185793236071049e-08 -2.384185793236071049e-08 0.000000000000000000e+00 0.000000000000000000e+00 4.474937054342824627e-01 4.474937054342824627e-01 0.000000000000000000e+00 0.000000000000000000e+00
9.204999990000000132e-01 2.644267872489725058e+00 -1.000000000000000000e+00 -1.000000000000000000e+00 -2.384185793236071049e-08 -2.384185793236071049e-08 0.000000000000000000e+00 0.000000000000000000e+00 4.474937054342824627e-01 4.474937054342824627e-01 0.000000000000000000e+00 0.000000000000000000e+00
9.304999990000000221e-01 2.644267872489725058e+00 -1.000000000000000000e+00 -1.000000000000000000e+00 -2.384185793236071049e-08 -2.384185793236071049e-08 0.000000000000000000e+00 0.000000000000000000e+00 4.474937054342824627e-01 4.474937054342824627e-01 0.000000000000000000e+00 0.000000000000000000e+00
9.404999990000000309e-01 2.644267872489725058e+00 -1.000000000000000000e+00 -1.000000000000000000e+00 -2.384185793236071049e-08 -2.384185793236071049e-08 0.000000000000000000e+00 0.000000000000000000e+00 4.474937054342824627e-01 4.474937054342824627e-01 0.000000000000000000e+00 0.000000000000000000e+00
9.504999990000000398e-01 2.644267872489725058e+00 -1.000000000000000000e+00 -1.000000000000000000e+00 -2.384185793236071049e-08 -2.384185793236071049e-08 0.000000000000000000e+00 0.000000000000000000e+00 4.474937054342824627e-01 4.474937054342824627e-01 0.000000000000000000e+00 0.000000000000000000e+00
9.604999990000000487e-01 2.644267872489725058e+00 -1.000000000000000000e+00 -1.000000000000000000e+00 -2.384185793236071049e-08 -2.384185793236071049e-08 0.000000000000000000e+00 0.000000000000000000e+00 4.474937054342824627e-01 4.474937054342824627e-01 0.000000000000000000e+00 0.000000000000000000e+00
9.704999990000000576e-01 2.644267872489725058e+00 -1.000000000000000000e+00 -1.000000000000000000e+00 -2.384185793236071049e-08 -2.384185793236071049e-08 0.000000000000000000e+00 0.000000000000000000e+00 4.474937054342824627e-01 4.474937054342824627e-01 0.000000000000000000e+00 0.000000000000000000e+00
9.804999990000000665e-01 2.644267872489725058e+00 -1.000000000000000000e+00 -1.000000000000000000e+00 -2.384185793236071049e-08 -2.384185793236071049e-08 0.000000000000000000e+00 0.000000000000000000e+00 4.474937054342824627e-01 4.474937054342824627e-01 0.000000000000000000e+00 0.000000000000000000e+00
9.904999990000000754e-01 2.644267872489725058e+00 -1.000000000000000000e+00 -1.000000000000000000e+00 -2.384185793236071049e-08 -2.384185793236071049e-08 0.000000000000000000e+00 0.000000000000000000e+00 4.474937054342824627e-01 4.474937054342824627e-01 0.000000000000000000e+00 0.000000000000000000e+00
1.000499999000000084e+00 2.644267872489725058e+00 -1.000000000000000000e+00 -1.000000000000000000e+00 -2.384185793236071049e-08 -2.384185793236071049e-08 0.000000000000000000e+00 0.000000000000000000e+00 4.474937054342824627e-01 4.474937054342824627e-01 0.000000000000000000e+00 0.000000000000000000e+00
1.010499999000000093e+00 2.644267872489725058e+00 -1.000000000000000000e+00 -1.000000000000000000e+00 -2.384185793236071049e-08 -2.384185793236071049e-08 0.000000000000000000e+00 0.000000000000000000e+00 4.474937054342824627e-01 4.474937054342824627e-01 0.000000000000000000e+00 0.000000000000000000e+00
1.020499999000000102e+00 2.644267872489725058e+00 -1.000000000000000000e+00 -1.000000000000000000e+00 -2.384185793236071049e-08 -2.384185793236071049e-08 0.000000000000000000e+00 0.000000000000000000e+00 4.474937054342824627e-01 4.474937054342824627e-01 0.000000000000000000e+00 0.000000000000000000e+00
1.030499999000000111e+00 2.644267872489725058e+00 -1.000000000000000000e+00 -1.000000000000000000e+00 -2.384185793236071049e-08 -2.384185793236071049e-08 0.000000000000000000e+00 0.000000000000000000e+00 4.474937054342824627e-01 4.474937054342824627e-01 0.000000000000000000e+00 0.000000000000000000e+00
1.040499999000000120e+00 2.644267872489725058e+00 -1.000000000000000000e+00 -1.000000000000000000e+00 -2.384185793236071049e-08 -2.384185793236071049e-08 0.000000000000000000e+00 0.000000000000000000e+00 4.474937054342824627e-01 4.474937054342824627e-01 0.000000000000000000e+00 0.000000000000000000e+00
1.050499999000000129e+00 2.644267872489725058e+00 -1.000000000000000000e+00 -1.000000000000000000e+00 -2.384185793236071049e-08 -2.384185793236071049e-08 0.000000000000000000e+00 0.000000000000000000e+00 4.474937054342824627e-01 4.474937054342824627e-01 0.000000000000000000e+00 0.000000000000000000e+00
1.060499999000000138e+00 2.644267872489725058e+00 -1.000000000000000000e+00 -1.000000000000000000e+00 -2.384185793236071049e-08 -2.384185793236071049e-08 0.000000000000000000e+00 0.000000000000000000e+00 4.474937054342824627e-01 4.474937054342824627e-01 0.000000000000000000e+00 0.000000000000000000e+00
1.070499999000000146e+00 2.644267872489725058e+00 -1.000000000000000000e+00 -1.000000000000000000e+00 -2.384185793236071049e-08 -2.384185793236071049e-08 0.000000000000000000e+00 0.000000000000000000e+00 4.474937054342824627e-01 4.474937054342824627e-01 0.000000000000000000e+00 0.000000000000000000e+00
1.080499999000000155e+00 2.644267872489725058e+00 -1.000000000000000000e+00 -1.000000000000000000e+00 -2.384185793236071049e-08 -2.384185793236071049e-08 0.000000000000000000e+00 0.000000000000000000e+00 4.474937054342824627e-01 4.474937054342824627e-01 0.000000000000000000e+00 0.000000000000000000e+00
1.090499999000000164e+00 2.644267872489725058e+00 -1.000000000000000000e+00 -1.000000000000000000e+00 -2.384185793236071049e-08 -2.384185793236071049e-08 0.000000000000000000e+00 0.000000000000000000e+00 4.474937054342824627e-01 4.474937054342824627e-01 0.000000000000000000e+00 0.000000000000000000e+00
1.100499999000000173e+00 2.644267872489725058e+00 -1.000000000000000000e+00 -1.000000000000000000e+00 -2.384185793236071049e-08 -2.384185793236071049e-08 0.000000000000000000e+00 0.000000000000000000e+00 4.474937054342824627e-01 4.474937054342824627e-01 0.000000000000000000e+00 0.000000000000000000e+00
1.110499998999999960e+00 2.644267872489725058e+00 -1.000000000000000000e+00 -1.000000000000000000e+00 -2.384185793236071049e-08 -2.384185793236071049e-08 0.000000000000000000e+00 0.000000000000000000e+00 4.474937054342824627e-01 4.474937054342824627e-01 0.000000000000000000e+00 0.000000000000000000e+00
1.120499998999999969e+00 2.644267872489725058e+00 -1.000000000000000000e+00 -1.000000000000000000e+00 -2.384185793236071049e-08 -2.384185793236071049e-08 0.000000000000000000e+00 0.000000000000000000e+00 4.474937054342824627e-01 4.474937054342824627e-01 0.000000000000000000e+00 0.000000000000000000e+00
1.130499998999999978e+00 2.644267872489725058e+00 -1.000000000000000000e+00 -1.000000000000000000e+00 -2.384185793236071049e-08 -2.384185793236071049e-08 0.000000000000000000e+00 0.000000000000000000e+00 4.474937054342824627e-01 4.474937054342824627e-01 0.000000000000000000e+00 0.000000000000000000e+00
1.140499998999999987e+00 2.644267872489725058e+00 -1.000000000000000000e+00 -1.000000000000000000e+00 -2.384185793236071049e-08 -2.384185793236071049e-08 0.000000000000000000e+00 0.000000000000000000e+00 4.474937054342824627e-01 4.474937054342824627e-01 0.000000000000000000e+00 0.000000000000000000e+00
1.150499998999999995e+00 2.644267872489725058e+00 -1.000000000000000000e+00 -1.000000000000000000e+00 -2.384185793236071049e-08 -2.384185793236071049e-08 0.000000000000000000e+00 0.000000000000000000e+00 4.474937054342824627e-01 4.474937054342824627e-01 0.000000000000000000e+00 0.000000000000000000e+00
1.160499999000000004e+00 2.644267872489725058e+00 -1.000000000000000000e+00 -1.000000000000000000e+00 -2.384185793236071049e-08 -2.384185793236071049e-08 0.000000000000000000e+00 0.000000000000000000e+00 4.474937054342824627e-01 4.474937054342824627e-01 0.000000000000000000e+00 0.000000000000000000e+00
1.170499999000000013e+00 2.644267872489725058e+00 -1.000000000000000000e+00 -1.000000000000000000e+00 -2.384185793236071049e-08 -2.384185793236071049e-08 0.000000000000000000e+00 0.000000000000000000e+00 4.474937054342824627e-01 4.474937054342824627e-01 0.000000000000000000e+00 0.000000000000000000e+00
1.180499999000000022e+00 2.644267872489725058e+00 -1.000000000000000000e+00 -1.000000000000000000e+00 -2.384185793236071049e-08 -2.384185793236071049e-08 0.000000000000000000e+00 0.000000000000000000e+00 4.474937054342824627e-01 4.474937054342824627e-01 0.000000000000000000e+00 0.000000000000000000e+00
1.190499999000000031e+00 2.644267872489725058e+00 -1.000000000000000000e+00 -1.000000000000000000e+00 -2.384185793236071049e-08 -2.384185793236071049e-08 0.000000000000000000e+00 0.000000000000000000e+00 4.474937054342824627e-01 4.474937054342824627e-01 0.000000000000000000e+00 0.000000000000000000e+00
1.200499999000000040e+00 2.644267872489725058e+00 -1.000000000000000000e+00 -1.000000000000000000e+00 -2.384185793236071049e-08 -2.384185793236071049e-08 0.000000000000000000e+00 0.000000000000000000e+00 4.474937054342824627e-01 4.474937054342824627e-01 0.000000000000000000e+00 0.000000000000000000e+00
1.210499999000000049e+00 2.644267872489725058e+00 -1.000000000000000000e+00 -1.000000000000000000e+00 -2.384185793236071049e-08 -2.384185793236071049e-08 0.000000000000000000e+00 0.000000000000000000e+00 4.474937054342824627e-01 4.474937054342824627e-01 0.000000000000000000e+00 0.000000000000000000e+00
1.220499999000000058e+00 2.644267872489725058e+00 -1.000000000000000000e+00 -1.000000000000000000e+00 -2.384185793236071049e-08 -2.384185793236071049e-08 0.000000000000000000e+00 0.000000000000000000e+00 4.474937054342824627e-01 4.474937054342824627e-01 0.000000000000000000e+00 0.000000000000000000e+00
1.230499999000000066e+00 2.644267872489725058e+00 -1.000000000000000000e+00 -1.000000000000000000e+00 -2.384185793236071049e-08 -2.384185793236071049e-08 0.000000000000000000e+00 0.000000000000000000e+00 4.474937054342824627e-01 4.474937054342824627e-01 0.000000000000000000e+00 0.000000000000000000e+00
1.240499999000000075e+00 2.644267872489725058e+00 -1.000000000000000000e+00 -1.000000000000000000e+00 -2.384185793236071049e-08 -2.384185793236071049e-08 0.000000000000000000e+00 0.000000000000000000e+00 4.474937054342824627e-01 4.474937054342824627e-01 0.000000000000000000e+00 0.000000000000000000e+00
1.250499999000000084e+00 2.644267872489725058e+00 -1.000000000000000000e+00 -1.000000000000000000e+00 -2.384185793236071049e-08 -2.384185793236071049e-08 0.000000000000000000e+00 0.000000000000000000e+00 4.474937054342824627e-01 4.474937054342824627e-01 0.000000000000000000e+00 0.000000000000000000e+00
1.260499999000000093e+00 2.644267872489725058e+00 -1.000000000000000000e+00 -1.000000000000000000e+00 -2.384185793236071049e-08 -2.384185793236071049e-08 0.000000000000000000e+00 0.000000000000000000e+00 4.474937054342824627e-01 4.474937054342824627e-01 0.000000000000000000e+00 0.000000000000000000e+00
1.270499999000000102e+00 2.644267872489725058e+00 -1.000000000000000000e+00 -1.000000000000000000e+00 -2.384185793236071049e-08 -2.384185793236071049e-08 0.000000000000000000e+00 0.000000000000000000e+00 4.474937054342824627e-01 4.474937054342824627e-01 0.000000000000000000e+00 0.000000000000000000e+00
1.280499999000000111e+00 2.644267872489725058e+00 -1.000000000000000000e+00 -1.000000000000000000e+00 -2.384185793236071049e-08 -2.384185793236071049e-08 0.000000000000000000e+00 0.000000000000000000e+00 4.474937054342824627e-01 4.474937054342824627e-01 0.000000000000000000e+00 0.000000000000000000e+00
1.290499999000000120e+00 2.644267872489725058e+00 -1.000000000000000000e+00 -1.000000000000000000e+00 -2.384185793236071049e-08 -2.384185793236071049e-08 0.000000000000000000e+00 0.000000000000000000e+00 4.474937054342824627e-01 4.474937054342824627e-01 0.000000000000000000e+00 0.000000000000000000e+00
1.300499999000000129e+00 2.644267872489725058e+00 -1.000000000000000000e+00 -1.000000000000000000e+00 -2.384185793236071049e-08 -2.384185793236071049e-08 0.000000000000000000e+00 0.000000000000000000e+00 4.474937054342824627e-01 4.474937054342824627e-01 0.000000000000000000e+00 0.000000000000000000e+00
1.310499999000000138e+00 2.644267872489725058e+00 -1.000000000000000000e+00 -1.000000000000000000e+00 -2.384185793236071049e-08 -2.384185793236071049e-08 0.000000000000000000e+00 0.000000000000000000e+00 4.474937054342824627e-01 4.474937054342824627e-01 0.000000000000000000e+00 0.000000000000000000e+00
1.320499999000000146e+00 2.644267872489725058e+00 -1.000000000000000000e+00 -1.000000000000000000e+00 -2.384185793236071049e-08 -2.384185793236071049e-08 0.000000000000000000e+00 0.000000000000000000e+00 4.474937054342824627e-01 4.474937054342824627e-01 0.000000000000000000e+00 0.000000000000000000e+00
1.330499999000000155e+00 2.644267872489725058e+00 -1.000000000000000000e+00 -1.000000000000000000e+00 -2.384185793236071049e-08 -2.384185793236071049e-08 0.000000000000000000e+00 0.000000000000000000e+00 4.474937054342824627e-01 4.474937054342824627e-01 0.000000000000000000e+00 0.000000000000000000e+00
1.340499999000000164e+00 2.644267872489725058e+00 -1.000000000000000000e+00 -1.000000000000000000e+00 -2.384185793236071049e-08 -2.384185793236071049e-08 0.000000000000000000e+00 0.000000000000000000e+00 4.474937054342824627e-01 4.474937054342824627e-01 0.000000000000000000e+00 0.000000000000000000e+00
1.350499999000000173e+00 2.644267872489725058e+00 -1.000000000000000000e+00 -1.000000000000000000e+00 -2.384185793236071049e-08 -2.384185793236071049e-08 0.000000000000000000e+00 0.000000000000000000e+00 4.474937054342824627e-01 4.474937054342824627e-01 0.000000000000000000e+00 0.000000000000000000e+00
1.360499999000000182e+00 2.644267872489725058e+00 -1.000000000000000000e+00 -1.000000000000000000e+00 -2.384185793236071049e-08 -2.384185793236071049e-08 0.000000000000000000e+00 0.000000000000000000e+00 4.474937054342824627e-01 4.474937054342824627e-01 0.000000000000000000e+00 0.000000000000000000e+00
1.370499999000000191e+00 2.644267872489725058e+00 -1.000000000000000000e+00 -1.000000000000000000e+00 -2.384185793236071049e-08 -2.384185793236071049e-08 0.000000000000000000e+00 0.000000000000000000e+00 4.474937054342824627e-01 4.474937054342824627e-01 0.000000000000000000e+00 0.000000000000000000e+00
1.380499998999999978e+00 2.644267872489725058e+00 -1.000000000000000000e+00 -1.000000000000000000e+00 -2.384185793236071049e-08 -2.384185793236071049e-08 0.000000000000000000e+00 0.000000000000000000e+00 4.474937054342824627e-01 4.474937054342824627e-01 0.000000000000000000e+00 0.000000000000000000e+00
1.390499998999999987e+00 2.644267872489725058e+00 -1.000000000000000000e+00 -1.000000000000000000e+00 -2.384185793236071049e-08 -2.384185793236071049e-08 0.000000000000000000e+00 0.000000000000000000e+00 4.474937054342824627e-01 4.474937054342824627e-01 0.000000000000000000e+00 0.000000000000000000e+00
1.400499998999999995e+00 2.644267872489725058e+00 -1.000000000000000000e+00 -1.000000000000000000e+00 -2.384185793236071049e-08 -2.384185793236071049e-08 0.000000000000000000e+00 0.000000000000000000e+00 4.474937054342824627e-01 4.474937054342824627e-01 0.000000000000000000e+00 0.000000000000000000e+00
1.410499999000000004e+00 2.644267872489725058e+00 -1.000000000000000000e+00 -1.000000000000000000e+00 -2.384185793236071049e-08 -2.384185793236071049e-08 0.000000000000000000e+00 0.000000000000000000e+00 4.474937054342824627e-01 4.474937054342824627e-01 0.000000000000000000e+00 0.000000000000000000e+00
1.420499999000000013e+00 2.644267872489725058e+00 -1.000000000000000000e+00 -1.000000000000000000e+00 -2.384185793236071049e-08 -2.384185793236071049e-08 0.000000000000000000e+00 0.000000000000000000e+00 4.474937054342824627e-01 4.474937054342824627e-01 0.000000000000000000e+00 0.000000000000000000e+00
1.430499999000000022e+00 2.644267872489725058e+00 -1.000000000000000000e+00 -1.000000000000000000e+00 -2.384185793236071049e-08 -2.384185793236071049e-08 0.000000000000000000e+00 0.000000000000000000e+00 4.474937054342824627e-01 4.474937054342824627e-01 0.000000000000000000e+00 0.000000000000000000e+00
1.440499999000000031e+00 2.644267872489725058e+00 -1.000000000000000000e+00 -1.000000000000000000e+00 -2.384185793236071049e-08 -2.384185793236071049e-08 0.000000000000000000e+00 0.000000000000000000e+00 4.474937054342824627e-01 4.474937054342824627e-01 0.000000000000000000e+00 0.000000000000000000e+00
1.450499999000000040e+00 2.644267872489725058e+00 -1.000000000000000000e+00 -1.000000000000000000e+00 -2.384185793236071049e-08 -2.384185793236071049e-08 0.000000000000000000e+00 0.000000000000000000e+00 4.474937054342824627e-01 4.474937054342824627e-01 0.000000000000000000e+00 0.000000000000000000e+00
1.460499999000000049e+00 2.644267872489725058e+00 -1.000000000000000000e+00 -1.000000000000000000e+00 -2.384185793236071049e-08 -2.384185793236071049e-08 0.000000000000000000e+00 0.000000000000000000e+00 4.474937054342824627e-01 4.474937054342824627e-01 0.000000000000000000e+00 0.000000000000000000e+00
1.470499999000000058e+00 2.644267872489725058e+00 -1.000000000000000000e+00 -1.000000000000000000e+00 -2.384185793236071049e-08 -2.384185793236071049e-08 0.000000000000000000e+00 0.000000000000000000e+00 4.474937054342824627e-01 4.474937054342824627e-01 0.000000000000000000e+00 0.000000000000000000e+00
1.480499999000000066e+00 2.644267872489725058e+00 -1.000000000000000000e+00 -1.000000000000000000e+00 -2.384185793236071049e-08 -2.384185793236071049e-08 0.000000000000000000e+00 0.000000000000000000e+00 4.474937054342824627e-01 4.474937054342824627e-01 0.000000000000000000e+00 0.000000000000000000e+00
1.490499999000000075e+00 2.644267872489725058e+00 -1.000000000000000000e+00 -1.000000000000000000e+00 -2.384185793236071049e-08 -2.384185793236071049e-08 0.000000000000000000e+00 0.000000000000000000e+00 4.474937054342824627e-01 4.474937054342824627e-01 0.000000000000000000e+00 0.000000000000000000e+00
1.500499999000000084e+00 2.644267872489725058e+00 -1.000000000000000000e+00 -1.000000000000000000e+00 -2.384185793236071049e-08 -2.384185793236071049e-08 0.000000000000000000e+00 0.000000000000000000e+00 4.474937054342824627e-01 4.474937054342824627e-01 0.000000000000000000e+00 0.000000000000000000e+00
1.510499999000000093e+00 2.644267872489725058e+00 -1.000000000000000000e+00 -1.000000000000000000e+00 -2.384185793236071049e-08 -2.384185793236071049e-08 0.000000000000000000e+00 0.000000000000000000e+00 4.474937054342824627e-01 4.474937054342824627e-01 0.000000000000000000e+00 0.000000000000000000e+00
1.520499999000000102e+00 2.644267872489725058e+00 -1.000000000000000000e+00 -1.000000000000000000e+00 -2.384185793236071049e-08 -2.384185793236071049e-08 0.000000000000000000e+00 0.000000000000000000e+00 4.474937054342824627e-01 4.474937054342824627e-01 0.000000000000000000e+00 0.000000000000000000e+00
1.530499999000000111e+00 2.644267872489725058e+00 -1.000000000000000000e+00 -1.000000000000000000e+00 -2.384185793236071049e-08 -2.384185793236071049e-08 0.000000000000000000e+00 0.000000000000000000e+00 4.474937054342824627e-01 4.474937054342824627e-01 0.000000000000000000e+00 0.000000000000000000e+00
1.540499999000000120e+00 2.644267872489725058e+00 -1.000000000000000000e+00 -1.000000000000000000e+00 -2.384185793236071049e-08 -2.384185793236071049e-08 0.000000000000000000e+00 0.000000000000000000e+00 4.474937054342824627e-01 4.474937054342824627e-01 0.000000000000000000e+00 0.000000000000000000e+00
1.550499999000000129e+00 2.644267872489725058e+00 -1.000000000000000000e+00 -1.000000000000000000e+00 -2.384185793236071049e-08 -2.384185793236071049e-08 0.000000000000000000e+00 0.000000000000000000e+00 4.474937054342824627e-01 4.474937054342824627e-01 0.000000000000000000e+00 0.000000000000000000e+00
1.560499999000000138e+00 2.644267872489725058e+00 -1.000000000000000000e+00 -1.000000000000000000e+00 -2.384185793236071049e-08 -2.384185793236071049e-08 0.000000000000000000e+00 0.000000000000000000e+00 4.474937054342824627e-01 4.474937054342824627e-01 0.000000000000000000e+00 0.000000000000000000e+00
1.570499999000000146e+00 2.644267872489725058e+00 -1.000000000000000000e+00 -1.000000000000000000e+00 -2.384185793236071049e-08 -2.384185793236071049e-08 0.000000000000000000e+00 0.000000000000000000e+00 4.474937054342824627e-01 4.474937054342824627e-01 0.000000000000000000e+00 0.000000000000000000e+00
1.580499999000000155e+00 2.644267872489725058e+00 -1.000000000000000000e+00 -1.000000000000000000e+00 -2.384185793236071049e-08 -2.384185793236071049e-08 0.000000000000000000e+00 0.000000000000000000e+00 4.474937054342824627e-01 4.474937054342824627e-01 0.000000000000000000e+00 0.000000000000000000e+00
1.590499999000000164e+00 2.644267872489725058e+00 -1.000000000000000000e+00 -1.000000000000000000e+00 -2.384185793236071049e-08 -2.384185793236071049e-08 0.000000000000000000e+00 0.000000000000000000e+00 4.474937054342824627e-01 4.474937054342824627e-01 0.000000000000000000e+00 0.000000000000000000e+00
1.600499999000000173e+00 2.644267872489725058e+00 -1.000000000000000000e+00 -1.000000000000000000e+00 -2.384185793236071049e-08 -2.384185793236071049e-08 0.000000000000000000e+00 0.000000000000000000e+00 4.474937054342824627e-01 4.474937054342824627e-01 0.000000000000000000e+00 0.000000000000000000e+00
1.610499999000000182e+00 2.644267872489725058e+00 -1.000000000000000000e+00 -1.000000000000000000e+00 -2.384185793236071049e-08 -2.384185793236071049e-08 0.000000000000000000e+00 0.000000000000000000e+00 4.474937054342824627e-01 4.474937054342824627e-01 0.000000000000000000e+00 0.000000000000000000e+00
1.620499999000000191e+00 2.644267872489725058e+00 -1.000000000000000000e+00 -1.000000000000000000e+00 -2.384185793236071049e-08 -2.384185793236071049e-08 0.000000000000000000e+00 0.000000000000000000e+00 4.474937054342824627e-01 4.474937054342824627e-01 0.000000000000000000e+00 0.000000000000000000e+00
1.630499999000000200e+00 2.644267872489725058e+00 -1.000000000000000000e+00 -1.000000000000000000e+00 -2.384185793236071049e-08 -2.384185793236071049e-08 0.000000000000000000e+00 0.000000000000000000e+00 4.474937054342824627e-01 4.474937054342824627e-01 0.000000000000000000e+00 0.000000000000000000e+00
1.640499999000000209e+00 2.644267872489725058e+00 -1.000000000000000000e+00 -1.000000000000000000e+00 -2.384185793236071049e-08 -2.384185793236071049e-08 0.000000000000000000e+00 0.000000000000000000e+00 4.474937054342824627e-01 4.474937054342824627e-01 0.000000000000000000e+00 0.000000000000000000e+00
1.650499998999999995e+00 2.644267872489725058e+00 -1.000000000000000000e+00 -1.000000000000000000e+00 -2.384185793236071049e-08 -2.384185793236071049e-08 0.000000000000000000e+00 0.000000000000000000e+00 4.474937054342824627e-01 4.474937054342824627e-01 0.000000000000000000e+00 0.000000000000000000e+00
1.660499999000000004e+00 2.644267872489725058e+00 -1.000000000000000000e+00 -1.000000000000000000e+00 -2.384185793236071049e-08 -2.384185793236071049e-08 0.000000000000000000e+00 0.000000000000000000e+00 4.474937054342824627e-01 4.474937054342824627e-01 0.000000000000000000e+00 0.000000000000000000e+00
1.670499999000000013e+00 2.644267872489725058e+00 -1.000000000000000000e+00 -1.000000000000000000e+00 -2.384185793236071049e-08 -2.384185793236071049e-08 0.000000000000000000e+00 0.000000000000000000e+00 4.474937054342824627e-01 4.474937054342824627e-01 0.000000000000000000e+00 0.000000000000000000e+00
1.680499999000000022e+00 2.644267872489725058e+00 -1.000000000000000000e+00 -1.000000000000000000e+00 -2.384185793236071049e-08 -2.384185793236071049e-08 0.000000000000000000e+00 0.000000000000000000e+00 4.474937054342824627e-01 4.474937054342824627e-01 0.000000000000000000e+00 0.000000000000000000e+00
1.690499999000000031e+00 2.644267872489725058e+00 -1.000000000000000000e+00 -1.000000000000000000e+00 -2.384185793236071049e-08 -2.384185793236071049e-08 0.000000000000000000e+00 0.000000000000000000e+00 4.474937054342824627e-01 4.474937054342824627e-01 0.000000000000000000e+00 0.000000000000000000e+00
1.700499999000000040e+00 2.644267872489725058e+00 -1.000000000000000000e+00 -1.000000000000000000e+00 -2.384185793236071049e-08 -2.384185793236071049e-08 0.000000000000000000e+00 0.000000000000000000e+00 4.474937054342824627e-01 4.474937054342824627e-01 0.000000000000000000e+00 0.000000000000000000e+00
1.710499999000000049e+00 2.644267872489725058e+00 -1.000000000000000000e+00 -1.000000000000000000e+00 -2.384185793236071049e-08 -2.384185793236071049e-08 0.000000000000000000e+00 0.000000000000000000e+00 4.474937054342824627e-01 4.474937054342824627e-01 0.000000000000000000e+00 0.000000000000000000e+00
1.720499999000000058e+00 2.644267872489725058e+00 -1.000000000000000000e+00 -1.000000000000000000e+00 -2.384185793236071049e-08 -2.384185793236071049e-08 0.000000000000000000e+00 0.000000000000000000e+00 4.474937054342824627e-01 4.474937054342824627e-01 0.000000000000000000e+00 0.000000000000000000e+00
1.730499999000000066e+00 2.644267872489725058e+00 -1.000000000000000000e+00 -1.000000000000000000e+00 -2.384185793236071049e-08 -2.384185793236071049e-08 0.000000000000000000e+00 0.000000000000000000e+00 4.474937054342824627e-01 4.474937054342824627e-01 0.000000000000000000e+00 0.000000000000000000e+00
1.740499999000000075e+00 2.644267872489725058e+00 -1.000000000000000000e+00 -1.000000000000000000e+00 -2.384185793236071049e-08 -2.384185793236071049e-08 0.000000000000000000e+00 0.000000000000000000e+00 4.474937054342824627e-01 4.474937054342824627e-01 0.000000000000000000e+00 0.000000000000000000e+00
1.750499999000000084e+00 2.644267872489725058e+00 -1.000000000000000000e+00 -1.000000000000000000e+00 -2.384185793236071049e-08 -2.384185793236071049e-08 0.000000000000000000e+00 0.000000000000000000e+00 4.474937054342824627e-01 4.474937054342824627e-01 0.000000000000000000e+00 0.000000000000000000e+00
1.760499999000000093e+00 2.644267872489725058e+00 -1.000000000000000000e+00 -1.000000000000000000e+00 -2.384185793236071049e-08 -2.384185793236071049e-08 0.000000000000000000e+00 0.000000000000000000e+00 4.474937054342824627e-01 4.474937054342824627e-01 0.000000000000000000e+00 0.000000000000000000e+00
1.770499999000000102e+00 2.644267872489725058e+00 -1.000000000000000000e+00 -1.000000000000000000e+00 -2.384185793236071049e-08 -2.384185793236071049e-08 0.000000000000000000e+00 0.000000000000000000e+00 4.474937054342824627e-01 4.474937054342824627e-01 0.000000000000000000e+00 0.000000000000000000e+00
1.780499999000000111e+00 2.644267872489725058e+00 -1.000000000000000000e+00 -1.000000000000000000e+00 -2.384185793236071049e-08 -2.384185793236071049e-08 0.000000000000000000e+00 0.000000000000000000e+00 4.474937054342824627e-01 4.474937054342824627e-01 0.000000000000000000e+00 0.000000000000000000e+00
1.790499999000000120e+00 2.644267872489725058e+00 -1.000000000000000000e+00 -1.000000000000000000e+00 -2.384185793236071049e-08 -2.384185793236071049e-08 0.000000000000000000e+00 0.000000000000000000e+00 4.474937054342824627e-01 4.474937054342824627e-01 0.000000000000000000e+00 0.000000000000000000e+00
1.800499999000000129e+00 2.644267872489725058e+00 -1.000000000000000000e+00 -1.000000000000000000e+00 -2.384185793236071049e-08 -2.384185793236071049e-08 0.000000000000000000e+00 0.000000000000000000e+00 4.474937054342824627e-01 4.474937054342824627e-01 0.000000000000000000e+00 0.000000000000000000e+00
1.810499999000000138e+00 2.644267872489725058e+00 -1.000000000000000000e+00 -1.000000000000000000e+00 -2.384185793236071049e-08 -2.384185793236071049e-08 0.000000000000000000e+00 0.000000000000000000e+00 4.474937054342824627e-01 4.474937054342824627e-01 0.000000000000000000e+00 0.000000000000000000e+00
1.820499999000000146e+00 2.644267872489725058e+00 -1.000000000000000000e+00 -1.000000000000000000e+00 -2.384185793236071049e-08 -2.384185793236071049e-08 0.000000000000000000e+00 0.000000000000000000e+00 4.474937054342824627e-01 4.474937054342824627e-01 0.000000000000000000e+00 0.000000000000000000e+00
1.830499999000000155e+00 2.644267872489725058e+00 -1.000000000000000000e+00 -1.000000000000000000e+00 -2.384185793236071049e-08 -2.384185793236071049e-08 0.000000000000000000e+00 0.000000000000000000e+00 4.474937054342824627e-01 4.474937054342824627e-01 0.000000000000000000e+00 0.000000000000000000e+00
1.840499999000000164e+00 2.644267872489725058e+00 -1.000000000000000000e+00 -1.000000000000000000e+00 -2.384185793236071049e-08 -2.384185793236071049e-08 0.000000000000000000e+00 0.000000000000000000e+00 4.474937054342824627e-01 4.474937054342824627e-01 0.000000000000000000e+00 0.000000000000000000e+00
1.850499999000000173e+00 2.644267872489725058e+00 -1.000000000000000000e+00 -1.000000000000000000e+00 -2.384185793236071049e-08 -2.384185793236071049e-08 0.000000000000000000e+00 0.000000000000000000e+00 4.474937054342824627e-01 4.474937054342824627e-01 0.000000000000000000e+00 0.000000000000000000e+00
1.860499999000000182e+00 2.644267872489725058e+00 -1.000000000000000000e+00 -1.000000000000000000e+00 -2.384185793236071049e-08 -2.384185793236071049e-08 0.000000000000000000e+00 0.000000000000000000e+00 4.474937054342824627e-01 4.474937054342824627e-01 0.000000000000000000e+00 0.000000000000000000e+00
1.870499999000000191e+00 2.644267872489725058e+00 -1.000000000000000000e+00 -1.000000000000000000e+00 -2.384185793236071049e-08 -2.384185793236071049e-08 0.000000000000000000e+00 0.000000000000000000e+00 4.474937054342824627e-01 4.474937054342824627e-01 0.000000000000000000e+00 0.000000000000000000e+00
1.880499999000000200e+00 2.644267872489725058e+00 -1.000000000000000000e+00 -1.000000000000000000e+00 -2.384185793236071049e-08 -2.384185793236071049e-08 0.000000000000000000e+00 0.000000000000000000e+00 4.474937054342824627e-01 4.474937054342824627e-01 0.000000000000000000e+00 0.000000000000000000e+00
1.890499999000000209e+00 2.644267872489725058e+00 -1.000000000000000000e+00 -1.000000000000000000e+00 -2.384185793236071049e-08 -2.384185793236071049e-08 0.000000000000000000e+00 0.000000000000000000e+00 4.474937054342824627e-01 4.474937054342824627e-01 0.000000000000000000e+00 0.000000000000000000e+00
1.900499999000000217e+00 2.644267872489725058e+00 -1.000000000000000000e+00 -1.000000000000000000e+00 -2.384185793236071049e-08 -2.384185793236071049e-08 0.000000000000000000e+00 0.000000000000000000e+00 4.474937054342824627e-01 4.474937054342824627e-01 0.000000000000000000e+00 0.000000000000000000e+00
1.910499999000000226e+00 2.644267872489725058e+00 -1.000000000000000000e+00 -1.000000000000000000e+00 -2.384185793236071049e-08 -2.384185793236071049e-08 0.000000000000000000e+00 0.000000000000000000e+00 4.474937054342824627e-01 4.474937054342824627e-01 0.000000000000000000e+00 0.000000000000000000e+00
1.920499999000000013e+00 2.644267872489725058e+00 -1.000000000000000000e+00 -1.000000000000000000e+00 -2.384185793236071049e-08 -2.384185793236071049e-08 0.000000000000000000e+00 0.000000000000000000e+00 4.474937054342824627e-01 4.474937054342824627e-01 0.000000000000000000e+00 0.000000000000000000e+00
1.930499999000000022e+00 2.644267872489725058e+00 -1.000000000000000000e+00 -1.000000000000000000e+00 -2.384185793236071049e-08 -2.384185793236071049e-08 0.000000000000000000e+00 0.000000000000000000e+00 4.474937054342824627e-01 4.474937054342824627e-01 0.000000000000000000e+00 0.000000000000000000e+00
1.940499999000000031e+00 2.644267872489725058e+00 -1.000000000000000000e+00 -1.000000000000000000e+00 -2.384185793236071049e-08 -2.384185793236071049e-08 0.000000000000000000e+00 0.000000000000000000e+00 4.474937054342824627e-01 4.474937054342824627e-01 0.000000000000000000e+00 0.000000000000000000e+00
1.950499999000000040e+00 2.644267872489725058e+00 -1.000000000000000000e+00 -1.000000000000000000e+00 -2.384185793236071049e-08 -2.384185793236071049e-08 0.000000000000000000e+00 0.000000000000000000e+00 4.474937054342824627e-01 4.474937054342824627e-01 0.000000000000000000e+00 0.000000000000000000e+00
1.960499999000000049e+00 2.644267872489725058e+00 -1.000000000000000000e+00 -1.000000000000000000e+00 -2.384185793236071049e-08 -2.384185793236071049e-08 0.000000000000000000e+00 0.000000000000000000e+00 4.474937054342824627e-01 4.474937054342824627e-01 0.000000000000000000e+00 0.000000000000000000e+00
1.970499999000000058e+00 2.644267872489725058e+00 -1.000000000000000000e+00 -1.000000000000000000e+00 -2.384185793236071049e-08 -2.384185793236071049e-08 0.000000000000000000e+00 0.000000000000000000e+00 4.474937054342824627e-01 4.474937054342824627e-01 0.000000000000000000e+00 0.000000000000000000e+00
1.980499999000000066e+00 2.644267872489725058e+00 -1.000000000000000000e+00 -1.000000000000000000e+00 -2.384185793236071049e-08 -2.384185793236071049e-08 0.000000000000000000e+00 0.000000000000000000e+00 4.474937054342824627e-01 4.474937054342824627e-01 0.000000000000000000e+00 0.000000000000000000e+00
1.990499999000000075e+00 2.644267872489725058e+00 -1.000000000000000000e+00 -1.000000000000000000e+00 -2.384185793236071049e-08 -2.384185793236071049e-08 0.000000000000000000e+00 0.000000000000000000e+00 4.474937054342824627e-01 4.474937054342824627e-01 0.000000000000000000e+00 0.000000000000000000e+00
2.000499999000000084e+00 2.644267872489725058e+00 -1.000000000000000000e+00 -1.000000000000000000e+00 -2.384185793236071049e-08 -2.384185793236071049e-08 0.000000000000000000e+00 0.000000000000000000e+00 4.474937054342824627e-01 4.474937054342824627e-01 0.000000000000000000e+00 0.000000000000000000e+00
2.010499999000000315e+00 2.644267872489725058e+00 -1.000000000000000000e+00 -1.000000000000000000e+00 -2.384185793236071049e-08 -2.384185793236071049e-08 0.000000000000000000e+00 0.000000000000000000e+00 4.474937054342824627e-01 4.474937054342824627e-01 0.000000000000000000e+00 0.000000000000000000e+00
2.020499999000000102e+00 2.644267872489725058e+00 -1.000000000000000000e+00 -1.000000000000000000e+00 -2.384185793236071049e-08 -2.384185793236071049e-08 0.000000000000000000e+00 0.000000000000000000e+00 4.474937054342824627e-01 4.474937054342824627e-01 0.000000000000000000e+00 0.000000000000000000e+00
2.030499999000000333e+00 2.644267872489725058e+00 -1.000000000000000000e+00 -1.000000000000000000e+00 -2.384185793236071049e-08 -2.384185793236071049e-08 0.000000000000000000e+00 0.000000000000000000e+00 4.474937054342824627e-01 4.474937054342824627e-01 0.000000000000000000e+00 0.000000000000000000e+00
2.040499999000000120e+00 2.644267872489725058e+00 -1.000000000000000000e+00 -1.000000000000000000e+00 -2.384185793236071049e-08 -2.384185793236071049e-08 0.000000000000000000e+00 0.000000000000000000e+00 4.474937054342824627e-01 4.474937054342824627e-01 0.000000000000000000e+00 0.000000000000000000e+00
2.050499998999999907e+00 2.644267872489725058e+00 -1.000000000000000000e+00 -1.000000000000000000e+00 -2.384185793236071049e-08 -2.384185793236071049e-08 0.000000000000000000e+00 0.000000000000000000e+00 4.474937054342824627e-01 4.474937054342824627e-01 0.000000000000000000e+00 0.000000000000000000e+00
2.060499999000000138e+00 2.644267872489725058e+00 -1.000000000000000000e+00 -1.000000000000000000e+00 -2.384185793236071049e-08 -2.384185793236071049e-08 0.000000000000000000e+00 0.000000000000000000e+00 4.474937054342824627e-01 4.474937054342824627e-01 0.000000000000000000e+00 0.000000000000000000e+00
2.070499998999999924e+00 2.644267872489725058e+00 -1.000000000000000000e+00 -1.000000000000000000e+00 -2.384185793236071049e-08 -2.384185793236071049e-08 0.000000000000000000e+00 0.000000000000000000e+00 4.474937054342824627e-01 4.474937054342824627e-01 0.000000000000000000e+00 0.000000000000000000e+00
2.080499999000000155e+00 2.644267872489725058e+00 -1.000000000000000000e+00 -1.000000000000000000e+00 -2.384185793236071049e-08 -2.384185793236071049e-08 0.000000000000000000e+00 0.000000000000000000e+00 4.474937054342824627e-01 4.474937054342824627e-01 0.000000000000000000e+00 0.000000000000000000e+00
2.090499998999999942e+00 2.644267872489725058e+00 -1.000000000000000000e+00 -1.000000000000000000e+00 -2.384185793236071049e-08 -2.384185793236071049e-08 0.000000000000000000e+00 0.000000000000000000e+00 4.474937054342824627e-01 4.474937054342824627e-01 0.000000000000000000e+00 0.000000000000000000e+00
2.100499999000000173e+00 2.644267872489725058e+00 -1.000000000000000000e+00 -1.000000000000000000e+00 -2.384185793236071049e-08 -2.384185793236071049e-08 0.000000000000000000e+00 0.000000000000000000e+00 4.474937054342824627e-01 4.474937054342824627e-01 0.000000000000000000e+00 0.000000000000000000e+00
2.110499998999999960e+00 2.644267872489725058e+00 -1.000000000000000000e+00 -1.000000000000000000e+00 -2.384185793236071049e-08 -2.384185793236071049e-08 0.000000000000000000e+00 0.000000000000000000e+00 4.474937054342824627e-01 4.474937054342824627e-01 0.000000000000000000e+00 0.000000000000000000e+00
2.120499999000000191e+00 2.644267872489725058e+00 -1.000000000000000000e+00 -1.000000000000000000e+00 -2.384185793236071049e-08 -2.384185793236071049e-08 0.000000000000000000e+00 0.000000000000000000e+00 4.474937054342824627e-01 4.474937054342824627e-01 0.000000000000000000e+00 0.000000000000000000e+00
2.130499998999999978e+00 2.644267872489725058e+00 -1.000000000000000000e+00 -1.000000000000000000e+00 -2.384185793236071049e-08 -2.384185793236071049e-08 0.000000000000000000e+00 0.000000000000000000e+00 4.474937054342824627e-01 4.474937054342824627e-01 0.000000000000000000e+00 0.000000000000000000e+00
2.140499999000000209e+00 2.644267872489725058e+00 -1.000000000000000000e+00 -1.000000000000000000e+00 -2.384185793236071049e-08 -2.384185793236071049e-08 0.000000000000000000e+00 0.000000000000000000e+00 4.474937054342824627e-01 4.474937054342824627e-01 0.000000000000000000e+00 0.000000000000000000e+00
2.150499998999999995e+00 2.644267872489725058e+00 -1.000000000000000000e+00 -1.000000000000000000e+00 -2.384185793236071049e-08 -2.384185793236071049e-08 0.000000000000000000e+00 0.000000000000000000e+00 4.474937054342824627e-01 4.474937054342824627e-01 0.000000000000000000e+00 0.000000000000000000e+00
2.160499999000000226e+00 2.644267872489725058e+00 -1.000000000000000000e+00 -1.000000000000000000e+00 -2.384185793236071049e-08 -2.384185793236071049e-08 0.000000000000000000e+00 0.000000000000000000e+00 4.474937054342824627e-01 4.474937054342824627e-01 0.000000000000000000e+00 0.000000000000000000e+00
2.170499999000000013e+00 2.644267872489725058e+00 -1.000000000000000000e+00 -1.000000000000000000e+00 -2.384185793236071049e-08 -2.384185793236071049e-08 0.000000000000000000e+00 0.000000000000000000e+00 4.474937054342824627e-01 4.474937054342824627e-01 0.000000000000000000e+00 0.000000000000000000e+00
2.180499999000000244e+00 2.644267872489725058e+00 -1.000000000000000000e+00 -1.000000000000000000e+00 -2.384185793236071049e-08 -2.384185793236071049e-08 0.000000000000000000e+00 0.000000000000000000e+00 4.474937054342824627e-01 4.474937054342824627e-01 0.000000000000000000e+00 0.000000000000000000e+00
2.190499999000000031e+00 2.644267872489725058e+00 -1.000000000000000000e+00 -1.000000000000000000e+00 -2.384185793236071049e-08 -2.384185793236071049e-08 0.000000000000000000e+00 0.000000000000000000e+00 4.474937054342824627e-01 4.474937054342824627e-01 0.000000000000000000e+00 0.000000000000000000e+00
2.200499999000000262e+00 2.644267872489725058e+00 -1.000000000000000000e+00 -1.000000000000000000e+00 -2.384185793236071049e-08 -2.384185793236071049e-08 0.000000000000000000e+00 0.000000000000000000e+00 4.474937054342824627e-01 4.474937054342824627e-01 0.000000000000000000e+00 0.000000000000000000e+00
2.210499999000000049e+00 2.644267872489725058e+00 -1.000000000000000000e+00 -1.000000000000000000e+00 -2.384185793236071049e-08 -2.384185793236071049e-08 0.000000000000000000e+00 0.000000000000000000e+00 4.474937054342824627e-01 4.474937054342824627e-01 0.000000000000000000e+00 0.000000000000000000e+00
2.220499999000000280e+00 2.644267872489725058e+00 -1.000000000000000000e+00 -1.000000000000000000e+00 -2.384185793236071049e-08 -2.384185793236071049e-08 0.000000000000000000e+00 0.000000000000000000e+00 4.474937054342824627e-01 4.474937054342824627e-01 0.000000000000000000e+00 0.000000000000000000e+00
2.230499999000000066e+00 2.644267872489725058e+00 -1.000000000000000000e+00 -1.000000000000000000e+00 -2.384185793236071049e-08 -2.384185793236071049e-08 0.000000000000000000e+00 0.000000000000000000e+00 4.474937054342824627e-01 4.474937054342824627e-01 0.000000000000000000e+00 0.000000000000000000e+00
2.240499999000000297e+00 2.644267872489725058e+00 -1.000000000000000000e+00 -1.000000000000000000e+00 -2.384185793236071049e-08 -2.384185793236071049e-08 0.000000000000000000e+00 0.000000000000000000e+00 4.474937054342824627e-01 4.474937054342824627e-01 0.000000000000000000e+00 0.000000000000000000e+00
2.250499999000000084e+00 2.644267872489725058e+00 -1.000000000000000000e+00 -1.000000000000000000e+00 -2.384185793236071049e-08 -2.384185793236071049e-08 0.000000000000000000e+00 0.000000000000000000e+00 4.474937054342824627e-01 4.474937054342824627e-01 0.000000000000000000e+00 0.000000000000000000e+00
2.260499999000000315e+00 2.644267872489725058e+00 -1.000000000000000000e+00 -1.000000000000000000e+00 -2.384185793236071049e-08 -2.384185793236071049e-08 0.000000000000000000e+00 0.000000000000000000e+00 4.474937054342824627e-01 4.474937054342824627e-01 0.000000000000000000e+00 0.000000000000000000e+00
2.270499999000000102e+00 2.644267872489725058e+00 -1.000000000000000000e+00 -1.000000000000000000e+00 -2.384185793236071049e-08 -2.384185793236071049e-08 0.000000000000000000e+00 0.000000000000000000e+00 4.474937054342824627e-01 4.474937054342824627e-01 0.000000000000000000e+00 0.000000000000000000e+00
2.280499999000000333e+00 2.644267872489725058e+00 -1.000000000000000000e+00 -1.000000000000000000e+00 -2.384185793236071049e-08 -2.384185793236071049e-08 0.000000000000000000e+00 0.000000000000000000e+00 4.474937054342824627e-01 4.474937054342824627e-01 0.000000000000000000e+00 0.000000000000000000e+00
2.290499999000000120e+00 2.644267872489725058e+00 -1.000000000000000000e+00 -1.000000000000000000e+00 -2.384185793236071049e-08 -2.384185793236071049e-08 0.000000000000000000e+00 0.000000000000000000e+00 4.474937054342824627e-01 4.474937054342824627e-01 0.000000000000000000e+00 0.000000000000000000e+00
2.300499999000000351e+00 2.644267872489725058e+00 -1.000000000000000000e+00 -1.000000000000000000e+00 -2.384185793236071049e-08 -2.384185793236071049e-08 0.000000000000000000e+00 0.000000000000000000e+00 4.474937054342824627e-01 4.474937054342824627e-01 0.000000000000000000e+00 0.000000000000000000e+00
2.310499999000000138e+00 2.644267872489725058e+00 -1.000000000000000000e+00 -1.000000000000000000e+00 -2.384185793236071049e-08 -2.384185793236071049e-08 0.000000000000000000e+00 0.000000000000000000e+00 4.474937054342824627e-01 4.474937054342824627e-01 0.000000000000000000e+00 0.000000000000000000e+00
2.320499998999999924e+00 2.644267872489725058e+00 -1.000000000000000000e+00 -1.000000000000000000e+00 -2.384185793236071049e-08 -2.384185793236071049e-08 0.000000000000000000e+00 0.000000000000000000e+00 4.474937054342824627e-01 4.474937054342824627e-01 0.000000000000000000e+00 0.000000000000000000e+00
2.330499999000000155e+00 2.644267872489725058e+00 -1.000000000000000000e+00 -1.000000000000000000e+00 -2.384185793236071049e-08 -2.384185793236071049e-08 0.000000000000000000e+00 0.000000000000000000e+00 4.474937054342824627e-01 4.474937054342824627e-01 0.000000000000000000e+00 0.000000000000000000e+00
2.340499998999999942e+00 2.644267872489725058e+00 -1.000000000000000000e+00 -1.000000000000000000e+00 -2.384185793236071049e-08 -2.384185793236071049e-08 0.000000000000000000e+00 0.000000000000000000e+00 4.474937054342824627e-01 4.474937054342824627e-01 0.000000000000000000e+00 0.000000000000000000e+00
2.350499999000000173e+00 2.644267872489725058e+00 -1.000000000000000000e+00 -1.000000000000000000e+00 -2.384185793236071049e-08 -2.384185793236071049e-08 0.000000000000000000e+00 0.000000000000000000e+00 4.474937054342824627e-01 4.474937054342824627e-01 0.000000000000000000e+00 0.000000000000000000e+00
2.360499998999999960e+00 2.644267872489725058e+00 -1.000000000000000000e+00 -1.000000000000000000e+00 -2.384185793236071049e-08 -2.384185793236071049e-08 0.000000000000000000e+00 0.000000000000000000e+00 4.474937054342824627e-01 4.474937054342824627e-01 0.000000000000000000e+00 0.000000000000000000e+00
2.370499999000000191e+00 2.644267872489725058e+00 -1.000000000000000000e+00 -1.000000000000000000e+00 -2.384185793236071049e-08 -2.384185793236071049e-08 0.000000000000000000e+00 0.000000000000000000e+00 4.474937054342824627e-01 4.474937054342824627e-01 0.000000000000000000e+00 0.000000000000000000e+00
2.380499998999999978e+00 2.644267872489725058e+00 -1.000000000000000000e+00 -1.000000000000000000e+00 -2.384185793236071049e-08 -2.384185793236071049e-08 0.000000000000000000e+00 0.000000000000000000e+00 4.474937054342824627e-01 4.474937054342824627e-01 0.000000000000000000e+00 0.000000000000000000e+00
2.390499999000000209e+00 2.644267872489725058e+00 -1.000000000000000000e+00 -1.000000000000000000e+00 -2.384185793236071049e-08 -2.384185793236071049e-08 0.000000000000000000e+00 0.000000000000000000e+00 4.474937054342824627e-01 4.474937054342824627e-01 0.000000000000000000e+00 0.000000000000000000e+00
2.400499998999999995e+00 2.644267872489725058e+00 -1.000000000000000000e+00 -1.000000000000000000e+00 -2.384185793236071049e-08 -2.384185793236071049e-08 0.000000000000000000e+00 0.000000000000000000e+00 4.474937054342824627e-01 4.474937054342824627e-01 0.000000000000000000e+00 0.000000000000000000e+00
2.410499999000000226e+00 2.644267872489725058e+00 -1.000000000000000000e+00 -1.000000000000000000e+00 -2.384185793236071049e-08 -2.384185793236071049e-08 0.000000000000000000e+00 0.000000000000000000e+00 4.474937054342824627e-01 4.474937054342824627e-01 0.000000000000000000e+00 0.000000000000000000e+00
2.420499999000000013e+00 2.644267872489725058e+00 -1.000000000000000000e+00 -1.000000000000000000e+00 -2.384185793236071049e-08 -2.384185793236071049e-08 0.000000000000000000e+00 0.000000000000000000e+00 4.474937054342824627e-01 4.474937054342824627e-01 0.000000000000000000e+00 0.000000000000000000e+00
2.430499999000000244e+00 2.644267872489725058e+00 -1.000000000000000000e+00 -1.000000000000000000e+00 -2.384185793236071049e-08 -2.384185793236071049e-08 0.000000000000000000e+00 0.000000000000000000e+00 4.474937054342824627e-01 4.474937054342824627e-01 0.000000000000000000e+00 0.000000000000000000e+00
2.440499999000000031e+00 2.644267872489725058e+00 -1.000000000000000000e+00 -1.000000000000000000e+00 -2.384185793236071049e-08 -2.384185793236071049e-08 0.000000000000000000e+00 0.000000000000000000e+00 4.474937054342824627e-01 4.474937054342824627e-01 0.000000000000000000e+00 0.000000000000000000e+00
2.450499999000000262e+00 2.644267872489725058e+00 -1.000000000000000000e+00 -1.000000000000000000e+00 -2.384185793236071049e-08 -2.384185793236071049e-08 0.000000000000000000e+00 0.000000000000000000e+00 4.474937054342824627e-01 4.474937054342824627e-01 0.000000000000000000e+00 0.000000000000000000e+00
2.460499999000000049e+00 2.644267872489725058e+00 -1.000000000000000000e+00 -1.000000000000000000e+00 -2.384185793236071049e-08 -2.384185793236071049e-08 0.000000000000000000e+00 0.000000000000000000e+00 4.474937054342824627e-01 4.474937054342824627e-01 0.000000000000000000e+00 0.000000000000000000e+00
2.470499999000000280e+00 2.644267872489725058e+00 -1.000000000000000000e+00 -1.000000000000000000e+00 -2.384185793236071049e-08 -2.384185793236071049e-08 0.000000000000000000e+00 0.000000000000000000e+00 4.474937054342824627e-01 4.474937054342824627e-01 0.000000000000000000e+00 0.000000000000000000e+00
2.480499999000000066e+00 2.644267872489725058e+00 -1.000000000000000000e+00 -1.000000000000000000e+00 -2.384185793236071049e-08 -2.384185793236071049e-08 0.000000000000000000e+00 0.000000000000000000e+00 4.474937054342824627e-01 4.474937054342824627e-01 0.000000000000000000e+00 0.000000000000000000e+00
2.490499999000000297e+00 2.644267872489725058e+00 -1.000000000000000000e+00 -1.000000000000000000e+00 -2.384185793236071049e-08 -2.384185793236071049e-08 0.000000000000000000e+00 0.000000000000000000e+00 4.474937054342824627e-01 4.474937054342824627e-01 0.000000000000000000e+00 0.000000000000000000e+00
2.500000000000000000e+00 2.644267872489725058e+00 -1.000000000000000000e+00 -1.000000000000000000e+00 -2.384185793236071049e-08 -2.384185793236071049e-08 0.000000000000000000e+00 0.000000000000000000e+00 4.474937054342824627e-01 4.474937054342824627e-01 0.000000000000000000e+00 0.000000000000000000e+00
2.510000000000000231e+00 2.644267872489725058e+00 -1.000000000000000000e+00 -1.000000000000000000e+00 -2.384185793236071049e-08 -2.384185793236071049e-08 0.000000000000000000e+00 0.000000000000000000e+00 4.474937054342824627e-01 4.474937054342824627e-01 0.000000000000000000e+00 0.000000000000000000e+00
2.520000000000000018e+00 2.644267872489725058e+00 -1.000000000000000000e+00 -1.000000000000000000e+00 -2.384185793236071049e-08 -2.384185793236071049e-08 0.000000000000000000e+00 0.000000000000000000e+00 4.474937054342824627e-01 4.474937054342824627e-01 0.000000000000000000e+00 0.000000000000000000e+00
2.530000000000000249e+00 2.644267872489725058e+00 -1.000000000000000000e+00 -1.000000000000000000e+00 -2.384185793236071049e-08 -2.384185793236071049e-08 0.000000000000000000e+00 0.000000000000000000e+00 4.474937054342824627e-01 4.474937054342824627e-01 0.000000000000000000e+00 0.000000000000000000e+00
2.540000000000000036e+00 2.644267872489725058e+00 -1.000000000000000000e+00 -1.000000000000000000e+00 -2.384185793236071049e-08 -2.384185793236071049e-08 0.000000000000000000e+00 0.000000000000000000e+00 4.474937054342824627e-01 4.474937054342824627e-01 0.000000000000000000e+00 0.000000000000000000e+00
2.550000000000000266e+00 2.644267872489725058e+00 -1.000000000000000000e+00 -1.000000000000000000e+00 -2.384185793236071049e-08 -2.384185793236071049e-08 0.000000000000000000e+00 0.000000000000000000e+00 4.474937054342824627e-01 4.474937054342824627e-01 0.000000000000000000e+00 0.000000000000000000e+00
2.560000000000000053e+00 2.644267872489725058e+00 -1.000000000000000000e+00 -1.000000000000000000e+00 -2.384185793236071049e-08 -2.384185793236071049e-08 0.000000000000000000e+00 0.000000000000000000e+00 4.474937054342824627e-01 4.474937054342824627e-01 0.000000000000000000e+00 0.000000000000000000e+00
2.570000000000000284e+00 2.644267872489725058e+00 -1.000000000000000000e+00 -1.000000000000000000e+00 -2.384185793236071049e-08 -2.384185793236071049e-08 0.000000000000000000e+00 0.000000000000000000e+00 4.474937054342824627e-01 4.474937054342824627e-01 0.000000000000000000e+00 0.000000000000000000e+00
2.580000000000000071e+00 2.644267872489725058e+00 -1.000000000000000000e+00 -1.000000000000000000e+00 -2.384185793236071049e-08 -2.384185793236071049e-08 0.000000000000000000e+00 0.000000000000000000e+00 4.474937054342824627e-01 4.474937054342824627e-01 0.000000000000000000e+00 0.000000000000000000e+00
2.590000000000000302e+00 2.644267872489725058e+00 -1.000000000000000000e+00 -1.000000000000000000e+00 -2.384185793236071049e-08 -2.384185793236071049e-08 0.000000000000000000e+00 0.000000000000000000e+00 4.474937054342824627e-01 4.474937054342824627e-01 0.000000000000000000e+00 0.000000000000000000e+00
2.600000000000000089e+00 2.644267872489725058e+00 -1.000000000000000000e+00 -1.000000000000000000e+00 -2.384185793236071049e-08 -2.384185793236071049e-08 0.000000000000000000e+00 0.000000000000000000e+00 4.474937054342824627e-01 4.474937054342824627e-01 0.000000000000000000e+00 0.000000000000000000e+00
2.610000000000000320e+00 2.644267872489725058e+00 -1.000000000000000000e+00 -1.000000000000000000e+00 -2.384185793236071049e-08 -2.384185793236071049e-08 0.000000000000000000e+00 0.000000000000000000e+00 4.474937054342824627e-01 4.474937054342824627e-01 0.000000000000000000e+00 0.000000000000000000e+00
2.620000000000000107e+00 2.644267872489725058e+00 -1.000000000000000000e+00 -1.000000000000000000e+00 -2.384185793236071049e-08 -2.384185793236071049e-08 0.000000000000000000e+00 0.000000000000000000e+00 4.474937054342824627e-01 4.474937054342824627e-01 0.000000000000000000e+00 0.000000000000000000e+00
2.630000000000000338e+00 2.644267872489725058e+00 -1.000000000000000000e+00 -1.000000000000000000e+00 -2.384185793236071049e-08 -2.384185793236071049e-08 0.000000000000000000e+00 0.000000000000000000e+00 4.474937054342824627e-01 4.474937054342824627e-01 0.000000000000000000e+00 0.000000000000000000e+00
2.640000000000000124e+00 2.644267872489725058e+00 -1.000000000000000000e+00 -1.000000000000000000e+00 -2.384185793236071049e-08 -2.384185793236071049e-08 0.000000000000000000e+00 0.000000000000000000e+00 4.474937054342824627e-01 4.474937054342824627e-01 0.000000000000000000e+00 0.000000000000000000e+00
2.650000000000000355e+00 2.644267872489725058e+00 -1.000000000000000000e+00 -1.000000000000000000e+00 -2.384185793236071049e-08 -2.384185793236071049e-08 0.000000000000000000e+00 0.000000000000000000e+00 4.474937054342824627e-01 4.474937054342824627e-01 0.000000000000000000e+00 0.000000000000000000e+00
2.660000000000000142e+00 2.644267872489725058e+00 -1.000000000000000000e+00 -1.000000000000000000e+00 -2.384185793236071049e-08 -2.384185793236071049e-08 0.000000000000000000e+00 0.000000000000000000e+00 4.474937054342824627e-01 4.474937054342824627e-01 0.000000000000000000e+00 0.000000000000000000e+00
2.670000000000000373e+00 2.644267872489725058e+00 -1.000000000000000000e+00 -1.000000000000000000e+00 -2.384185793236071049e-08 -2.384185793236071049e-08 0.000000000000000000e+00 0.000000000000000000e+00 4.474937054342824627e-01 4.474937054342824627e-01 0.000000000000000000e+00 0.000000000000000000e+00
2.680000000000000160e+00 2.644267872489725058e+00 -1.000000000000000000e+00 -1.000000000000000000e+00 -2.384185793236071049e-08 -2.384185793236071049e-08 0.000000000000000000e+00 0.000000000000000000e+00 4.474937054342824627e-01 4.474937054342824627e-01 0.000000000000000000e+00 0.000000000000000000e+00
2.689999999999999947e+00 2.644267872489725058e+00 -1.000000000000000000e+00 -1.000000000000000000e+00 -2.384185793236071049e-08 -2.384185793236071049e-08 0.000000000000000000e+00 0.000000000000000000e+00 4.474937054342824627e-01 4.474937054342824627e-01 0.000000000000000000e+00 0.000000000000000000e+00
2.700000000000000178e+00 2.644267872489725058e+00 -1.000000000000000000e+00 -1.000000000000000000e+00 -2.384185793236071049e-08 -2.384185793236071049e-08 0.000000000000000000e+00 0.000000000000000000e+00 4.474937054342824627e-01 4.474937054342824627e-01 0.000000000000000000e+00 0.000000000000000000e+00
2.709999999999999964e+00 2.644267872489725058e+00 -1.000000000000000000e+00 -1.000000000000000000e+00 -2.384185793236071049e-08 -2.384185793236071049e-08 0.000000000000000000e+00 0.000000000000000000e+00 4.474937054342824627e-01 4.474937054342824627e-01 0.000000000000000000e+00 0.000000000000000000e+00
2.720000000000000195e+00 2.644267872489725058e+00 -1.000000000000000000e+00 -1.000000000000000000e+00 -2.384185793236071049e-08 -2.384185793236071049e-08 0.000000000000000000e+00 0.000000000000000000e+00 4.474937054342824627e-01 4.474937054342824627e-01 0.000000000000000000e+00 0.000000000000000000e+00
2.729999999999999982e+00 2.644267872489725058e+00 -1.000000000000000000e+00 -1.000000000000000000e+00 -2.384185793236071049e-08 -2.384185793236071049e-08 0.000000000000000000e+00 0.000000000000000000e+00 4.474937054342824627e-01 4.474937054342824627e-01 0.000000000000000000e+00 0.000000000000000000e+00
2.740000000000000213e+00 2.644267872489725058e+00 -1.000000000000000000e+00 -1.000000000000000000e+00 -2.384185793236071049e-08 -2.384185793236071049e-08 0.000000000000000000e+00 0.000000000000000000e+00 4.474937054342824627e-01 4.474937054342824627e-01 0.000000000000000000e+00 0.000000000000000000e+00
2.750000000000000000e+00 2.644267872489725058e+00 -1.000000000000000000e+00 -1.000000000000000000e+00 -2.384185793236071049e-08 -2.384185793236071049e-08 0.000000000000000000e+00 0.000000000000000000e+00 4.474937054342824627e-01 4.474937054342824627e-01 0.000000000000000000e+00 0.000000000000000000e+00
2.760000000000000231e+00 2.644267872489725058e+00 -1.000000000000000000e+00 -1.000000000000000000e+00 -2.384185793236071049e-08 -2.384185793236071049e-08 0.000000000000000000e+00 0.000000000000000000e+00 4.474937054342824627e-01 4.474937054342824627e-01 0.000000000000000000e+00 0.000000000000000000e+00
2.770000000000000018e+00 2.644267872489725058e+00 -1.000000000000000000e+00 -1.000000000000000000e+00 -2.384185793236071049e-08 -2.384185793236071049e-08 0.000000000000000000e+00 0.000000000000000000e+00 4.474937054342824627e-01 4.474937054342824627e-01 0.000000000000000000e+00 0.000000000000000000e+00
2.780000000000000249e+00 2.644267872489725058e+00 -1.000000000000000000e+00 -1.000000000000000000e+00 -2.384185793236071049e-08 -2.384185793236071049e-08 0.000000000000000000e+00 0.000000000000000000e+00 4.474937054342824627e-01 4.474937054342824627e-01 0.000000000000000000e+00 0.000000000000000000e+00
2.790000000000000036e+00 2.644267872489725058e+00 -1.000000000000000000e+00 -1.000000000000000000e+00 -2.384185793236071049e-08 -2.384185793236071049e-08 0.000000000000000000e+00 0.000000000000000000e+00 4.474937054342824627e-01 4.474937054342824627e-01 0.000000000000000000e+00 0.000000000000000000e+00
2.800000000000000266e+00 2.644267872489725058e+00 -1.000000000000000000e+00 -1.000000000000000000e+00 -2.384185793236071049e-08 -2.384185793236071049e-08 0.000000000000000000e+00 0.000000000000000000e+00 4.474937054342824627e-01 4.474937054342824627e-01 0.000000000000000000e+00 0.000000000000000000e+00
2.810000000000000053e+00 2.644267872489725058e+00 -1.000000000000000000e+00 -1.000000000000000000e+00 -2.384185793236071049e-08 -2.384185793236071049e-08 0.000000000000000000e+00 0.000000000000000000e+00 4.474937054342824627e-01 4.474937054342824627e-01 0.000000000000000000e+00 0.000000000000000000e+00
2.820000000000000284e+00 2.644267872489725058e+00 -1.000000000000000000e+00 -1.000000000000000000e+00 -2.384185793236071049e-08 -2.384185793236071049e-08 0.000000000000000000e+00 0.000000000000000000e+00 4.474937054342824627e-01 4.474937054342824627e-01 0.000000000000000000e+00 0.000000000000000000e+00
2.830000000000000071e+00 2.644267872489725058e+00 -1.000000000000000000e+00 -1.000000000000000000e+00 -2.384185793236071049e-08 -2.384185793236071049e-08 0.000000000000000000e+00 0.000000000000000000e+00 4.474937054342824627e-01 4.474937054342824627e-01 0.000000000000000000e+00 0.000000000000000000e+00
2.840000000000000302e+00 2.644267872489725058e+00 -1.000000000000000000e+00 -1.000000000000000000e+00 -2.384185793236071049e-08 -2.384185793236071049e-08 0.000000000000000000e+00 0.000000000000000000e+00 4.474937054342824627e-01 4.474937054342824627e-01 0.000000000000000000e+00 0.000000000000000000e+00
2.850000000000000089e+00 2.644267872489725058e+00 -1.000000000000000000e+00 -1.000000000000000000e+00 -2.384185793236071049e-08 -2.384185793236071049e-08 0.000000000000000000e+00 0.000000000000000000e+00 4.474937054342824627e-01 4.474937054342824627e-01 0.000000000000000000e+00 0.000000000000000000e+00
2.860000000000000320e+00 2.644267872489725058e+00 -1.000000000000000000e+00 -1.000000000000000000e+00 -2.384185793236071049e-08 -2.384185793236071049e-08 0.000000000000000000e+00 0.000000000000000000e+00 4.474937054342824627e-01 4.474937054342824627e-01 0.000000000000000000e+00 0.000000000000000000e+00
2.870000000000000107e+00 2.644267872489725058e+00 -1.000000000000000000e+00 -1.000000000000000000e+00 -2.384185793236071049e-08 -2.384185793236071049e-08 0.000000000000000000e+00 0.000000000000000000e+00 4.474937054342824627e-01 4.474937054342824627e-01 0.000000000000000000e+00 0.000000000000000000e+00
2.880000000000000338e+00 2.644267872489725058e+00 -1.000000000000000000e+00 -1.000000000000000000e+00 -2.384185793236071049e-08 -2.384185793236071049e-08 0.000000000000000000e+00 0.000000000000000000e+00 4.474937054342824627e-01 4.474937054342824627e-01 0.000000000000000000e+00 0.000000000000000000e+00
2.890000000000000124e+00 2.644267872489725058e+00 -1.000000000000000000e+00 -1.000000000000000000e+00 -2.384185793236071049e-08 -2.384185793236071049e-08 0.000000000000000000e+00 0.000000000000000000e+00 4.474937054342824627e-01 4.474937054342824627e-01 0.000000000000000000e+00 0.000000000000000000e+00
2.900000000000000355e+00 2.644267872489725058e+00 -1.000000000000000000e+00 -1.000000000000000000e+00 -2.384185793236071049e-08 -2.384185793236071049e-08 0.000000000000000000e+00 0.000000000000000000e+00 4.474937054342824627e-01 4.474937054342824627e-01 0.000000000000000000e+00 0.000000000000000000e+00
2.910000000000000142e+00 2.644267872489725058e+00 -1.000000000000000000e+00 -1.000000000000000000e+00 -2.384185793236071049e-08 -2.384185793236071049e-08 0.000000000000000000e+00 0.000000000000000000e+00 4.474937054342824627e-01 4.474937054342824627e-01 0.000000000000000000e+00 0.000000000000000000e+00
2.920000000000000373e+00 2.644267872489725058e+00 -1.000000000000000000e+00 -1.000000000000000000e+00 -2.384185793236071049e-08 -2.384185793236071049e-08 0.000000000000000000e+00 0.000000000000000000e+00 4.474937054342824627e-01 4.474937054342824627e-01 0.000000000000000000e+00 0.000000000000000000e+00
2.930000000000000160e+00 2.644267872489725058e+00 -1.000000000000000000e+00 -1.000000000000000000e+00 -2.384185793236071049e-08 -2.384185793236071049e-08 0.000000000000000000e+00 0.000000000000000000e+00 4.474937054342824627e-01 4.474937054342824627e-01 0.000000000000000000e+00 0.000000000000000000e+00
2.940000000000000391e+00 2.644267872489725058e+00 -1.000000000000000000e+00 -1.000000000000000000e+00 -2.384185793236071049e-08 -2.384185793236071049e-08 0.000000000000000000e+00 0.000000000000000000e+00 4.474937054342824627e-01 4.474937054342824627e-01 0.000000000000000000e+00 0.000000000000000000e+00
2.950000000000000178e+00 2.644267872489725058e+00 -1.000000000000000000e+00 -1.000000000000000000e+00 -2.384185793236071049e-08 -2.384185793236071049e-08 0.000000000000000000e+00 0.000000000000000000e+00 4.474937054342824627e-01 4.474937054342824627e-01 0.000000000000000000e+00 0.000000000000000000e+00
2.959999999999999964e+00 2.644267872489725058e+00 -1.000000000000000000e+00 -1.000000000000000000e+00 -2.384185793236071049e-08 -2.384185793236071049e-08 0.000000000000000000e+00 0.000000000000000000e+00 4.474937054342824627e-01 4.474937054342824627e-01 0.000000000000000000e+00 0.000000000000000000e+00
2.970000000000000195e+00 2.644267872489725058e+00 -1.000000000000000000e+00 -1.000000000000000000e+00 -2.384185793236071049e-08 -2.384185793236071049e-08 0.000000000000000000e+00 0.000000000000000000e+00 4.474937054342824627e-01 4.474937054342824627e-01 0.000000000000000000e+00 0.000000000000000000e+00
2.979999999999999982e+00 2.644267872489725058e+00 -1.000000000000000000e+00 -1.000000000000000000e+00 -2.384185793236071049e-08 -2.384185793236071049e-08 0.000000000000000000e+00 0.000000000000000000e+00 4.474937054342824627e-01 4.474937054342824627e-01 0.000000000000000000e+00 0.000000000000000000e+00
2.990000000000000213e+00 2.644267872489725058e+00 -1.000000000000000000e+00 -1.000000000000000000e+00 -2.384185793236071049e-08 -2.384185793236071049e-08 0.000000000000000000e+00 0.000000000000000000e+00 4.474937054342824627e-01 4.474937054342824627e-01 0.000000000000000000e+00 0.000000000000000000e+00
3.000000000000000000e+00 2.644267872489725058e+00 -1.000000000000000000e+00 -1.000000000000000000e+00 -2.384185793236071049e-08 -2.384185793236071049e-08 0.000000000000000000e+00 0.000000000000000000e+00 4.474937054342824627e-01 4.474937054342824627e-01 0.000000000000000000e+00 0.000000000000000000e+00
3.010000000000000231e+00 2.644267872489725058e+00 -1.000000000000000000e+00 -1.000000000000000000e+00 -2.384185793236071049e-08 -2.384185793236071049e-08 0.000000000000000000e+00 0.000000000000000000e+00 4.474937054342824627e-01 4.474937054342824627e-01 0.000000000000000000e+00 0.000000000000000000e+00
